%
% index = 3870, name = bbob_f013_i02_d20__bbob_f020_i04_d20
% instance = 1, reference value = 8.671193255622940e-01
% function evaluation | indicator value | target hit
1	8.577310754250516e-01	8.709635899560807e-01
17	8.214091657781516e-01	8.317637711026710e-01
34	8.104474409193352e-01	8.128305161640993e-01
41	7.725532944428980e-01	7.762471166286917e-01
46	7.499477408241529e-01	7.585775750291838e-01
64	7.349517990756020e-01	7.413102413009175e-01
69	6.981330212428600e-01	7.079457843841379e-01
144	6.913057571168864e-01	6.918309709189365e-01
366	6.059196804463711e-01	6.165950018614822e-01
404	6.022131217127644e-01	6.025595860743578e-01
417	5.800075696934285e-01	5.888436553555889e-01
483	5.750258959477237e-01	5.754399373371569e-01
499	5.511517973060069e-01	5.623413251903491e-01
513	5.482222382037039e-01	5.495408738576245e-01
536	5.142903316927949e-01	5.248074602497725e-01
545	5.066519954866984e-01	5.128613839913648e-01
576	4.918287762819739e-01	5.011872336272722e-01
591	4.887478844714106e-01	4.897788193684462e-01
675	4.605927849873005e-01	4.677351412871982e-01
714	4.570275071432630e-01	4.570881896148750e-01
776	4.445871474749539e-01	4.466835921509631e-01
828	3.823500161445181e-01	3.890451449942806e-01
888	3.764459835619758e-01	3.801893963205612e-01
976	3.713284991107521e-01	3.715352290971726e-01
1335	3.546118421323509e-01	3.548133892335755e-01
1367	3.433807440112727e-01	3.467368504525316e-01
1381	3.216020762780450e-01	3.235936569296283e-01
1754	3.161927277784717e-01	3.162277660168379e-01
1947	2.989525820299358e-01	3.019951720402016e-01
2040	2.789411601797352e-01	2.818382931264454e-01
2290	2.717298656618869e-01	2.754228703338166e-01
2631	2.659015802296084e-01	2.691534803926916e-01
2878	2.630257123705887e-01	2.630267991895382e-01
3501	2.551790182782386e-01	2.570395782768864e-01
5027	2.478475663859575e-01	2.511886431509580e-01
6712	2.453318777931530e-01	2.454708915685030e-01
6713	2.275721024801017e-01	2.290867652767773e-01
7008	2.219226434134849e-01	2.238721138568339e-01
7169	2.076229818893964e-01	2.089296130854039e-01
7267	2.030880046674698e-01	2.041737944669530e-01
7700	1.977666072815183e-01	1.995262314968880e-01
7996	1.918936556597686e-01	1.949844599758045e-01
8079	1.859830344000940e-01	1.862087136662867e-01
10164	1.819562621917219e-01	1.819700858609984e-01
13630	1.772301069002742e-01	1.778279410038923e-01
16286	1.709283835602639e-01	1.737800828749375e-01
16801	1.614731065163648e-01	1.621810097358930e-01
17039	1.516961452085112e-01	1.548816618912481e-01
17110	1.512645192972529e-01	1.513561248436208e-01
17323	1.461692390941320e-01	1.479108388168208e-01
18630	1.444546111244619e-01	1.445439770745928e-01
21548	1.394086942508577e-01	1.412537544622754e-01
23524	1.377749626358439e-01	1.380384264602885e-01
25793	1.348328126122954e-01	1.348962882591654e-01
29360	1.317013811482324e-01	1.318256738556407e-01
33120	1.284883656969379e-01	1.288249551693134e-01
42209	1.258863474559772e-01	1.258925411794167e-01
45469	1.227513215900400e-01	1.230268770812381e-01
50754	1.202226443958602e-01	1.202264434617413e-01
55707	1.174847276861544e-01	1.174897554939529e-01
60223	1.148110616991068e-01	1.148153621496883e-01
66052	1.116817216009207e-01	1.122018454301964e-01
67818	1.058866328882522e-01	1.071519305237607e-01
72085	1.047124018330935e-01	1.047128548050900e-01
72557	1.018164385186369e-01	1.023292992280754e-01
76778	9.997532329395153e-02	1.000000000000000e-01
82021	9.772330452701183e-02	9.772372209558107e-02
90693	9.530107371775454e-02	9.549925860214359e-02
91835	9.301989272032818e-02	9.332543007969910e-02
98579	9.113947040676729e-02	9.120108393559097e-02
103755	8.912293317118736e-02	8.912509381337455e-02
105893	8.697789548912305e-02	8.709635899560805e-02
109348	8.485380273252496e-02	8.511380382023763e-02
113179	8.281136883877094e-02	8.317637711026708e-02
114948	8.128101991217129e-02	8.128305161640990e-02
116805	7.942874699064528e-02	7.943282347242814e-02
117912	7.731094001357430e-02	7.762471166286916e-02
119780	7.578447086741413e-02	7.585775750291836e-02
120142	7.398909034293177e-02	7.413102413009177e-02
123932	7.211711736391435e-02	7.244359600749903e-02
126839	7.026956921703920e-02	7.079457843841380e-02
127149	6.824431110890683e-02	6.918309709189366e-02
127803	6.693463202871408e-02	6.760829753919818e-02
128134	6.606504237339206e-02	6.606934480075961e-02
137250	6.456540937016886e-02	6.456542290346556e-02
140917	6.309329946281073e-02	6.309573444801933e-02
144661	6.164974275558543e-02	6.165950018614822e-02
149963	6.025243777247902e-02	6.025595860743578e-02
153412	5.888423936581166e-02	5.888436553555890e-02
158724	5.743095028637679e-02	5.754399373371569e-02
159996	5.614477788618266e-02	5.623413251903491e-02
166758	5.495306638672326e-02	5.495408738576246e-02
172771	5.370168456270608e-02	5.370317963702527e-02
181885	5.097015099826840e-02	5.128613839913648e-02
184109	5.011869761147580e-02	5.011872336272722e-02
192377	4.894134797240168e-02	4.897788193684462e-02
199103	4.785975230684292e-02	4.786300923226382e-02
208061	4.636957727556446e-02	4.677351412871981e-02
213298	4.570837320730314e-02	4.570881896148749e-02
221109	4.440945203930224e-02	4.466835921509630e-02
229109	4.365152918028103e-02	4.365158322401658e-02
235536	4.214644323392980e-02	4.265795188015926e-02
240118	4.166738006307524e-02	4.168693834703355e-02
247138	4.072822092143935e-02	4.073802778041128e-02
253171	3.981035849757286e-02	3.981071705534973e-02
259797	3.883008595806847e-02	3.890451449942807e-02
261085	3.783177647098923e-02	3.801893963205612e-02
268793	3.713254977077274e-02	3.715352290971726e-02
277369	3.628630013550116e-02	3.630780547701014e-02
281983	3.548108808561379e-02	3.548133892335755e-02
286911	3.456585603535034e-02	3.467368504525317e-02
287309	3.383648818064666e-02	3.388441561392026e-02
294632	3.311263217365989e-02	3.311311214825911e-02
309916	3.235086252878006e-02	3.235936569296283e-02
316756	3.154883438515976e-02	3.162277660168379e-02
328014	3.070442624656367e-02	3.090295432513590e-02
329993	3.015254522837818e-02	3.019951720402016e-02
340804	2.934532268738010e-02	2.951209226666385e-02
356597	2.879253536408644e-02	2.884031503126606e-02
362927	2.768257215732683e-02	2.818382931264454e-02
365621	2.754205632373075e-02	2.754228703338166e-02
383086	2.691169703526375e-02	2.691534803926915e-02
394489	2.625178625153712e-02	2.630267991895381e-02
409788	2.558038162408727e-02	2.570395782768863e-02
423303	2.511883307578788e-02	2.511886431509579e-02
439088	2.454666488874346e-02	2.454708915685030e-02
440100	2.395583716448269e-02	2.398832919019490e-02
450581	2.343290090059313e-02	2.344228815319923e-02
471329	2.290843642558305e-02	2.290867652767773e-02
480101	2.232591449495314e-02	2.238721138568340e-02
501737	2.187675507097786e-02	2.187761623949553e-02
523190	2.137958624413183e-02	2.137962089502233e-02
539790	2.069433486090277e-02	2.089296130854040e-02
553057	2.039839579219338e-02	2.041737944669529e-02
577230	1.993183363200568e-02	1.995262314968880e-02
609552	1.946248173768650e-02	1.949844599758046e-02
642743	1.904986326619662e-02	1.905460717963247e-02
669903	1.861690059184340e-02	1.862087136662868e-02
696186	1.819622823296341e-02	1.819700858609984e-02
730286	1.778011586455963e-02	1.778279410038923e-02
780692	1.737012207053046e-02	1.737800828749375e-02
829578	1.698215616146403e-02	1.698243652461744e-02
868073	1.655559461691902e-02	1.659586907437561e-02
907123	1.615696003227340e-02	1.621810097358930e-02
952602	1.584873605851256e-02	1.584893192461113e-02
973042	1.548805389731378e-02	1.548816618912481e-02
1017448	1.513515521522224e-02	1.513561248436208e-02
1070001	1.478972217386065e-02	1.479108388168207e-02
1091983	1.428271477658927e-02	1.445439770745927e-02
1113799	1.412499652675692e-02	1.412537544622754e-02
1127040	1.380383749624059e-02	1.380384264602885e-02
1187942	1.348005370905003e-02	1.348962882591653e-02
1200001	1.340905358042044e-02	1.348962882591653e-02
%
% index = 3871, name = bbob_f013_i03_d20__bbob_f020_i05_d20
% instance = 2, reference value = 9.270554175578281e-01
% function evaluation | indicator value | target hit
1	7.337435920180381e-01	7.413102413009175e-01
7	6.916753731338956e-01	6.918309709189365e-01
50	6.276740752793525e-01	6.309573444801932e-01
173	6.159283670340321e-01	6.165950018614822e-01
213	4.926363385250696e-01	5.011872336272722e-01
256	4.896039607218708e-01	4.897788193684462e-01
416	4.779023044332987e-01	4.786300923226383e-01
509	4.638129210795937e-01	4.677351412871982e-01
613	4.512980357807742e-01	4.570881896148750e-01
926	4.466127063782976e-01	4.466835921509631e-01
1125	4.338110178463814e-01	4.365158322401660e-01
1254	4.117800343851423e-01	4.168693834703354e-01
1548	4.061203215645371e-01	4.073802778041127e-01
1914	3.852043134915449e-01	3.890451449942806e-01
3045	3.659741002703906e-01	3.715352290971726e-01
3774	3.623697970097324e-01	3.630780547701014e-01
5178	3.525536114745798e-01	3.548133892335755e-01
6171	3.429956568632012e-01	3.467368504525316e-01
8661	3.376240216597978e-01	3.388441561392025e-01
10784	3.307307598894927e-01	3.311311214825911e-01
12217	3.206054290345242e-01	3.235936569296283e-01
16482	3.143436988858853e-01	3.162277660168379e-01
18031	3.090133222975276e-01	3.090295432513591e-01
20981	3.019064825367127e-01	3.019951720402016e-01
22037	2.944901198559903e-01	2.951209226666385e-01
23471	2.877884040757083e-01	2.884031503126606e-01
24868	2.818353571203919e-01	2.818382931264454e-01
31072	2.743744681678554e-01	2.754228703338166e-01
32829	2.685655751458716e-01	2.691534803926916e-01
35774	2.626037698324660e-01	2.630267991895382e-01
42080	2.570165291760791e-01	2.570395782768864e-01
47053	2.509057746252601e-01	2.511886431509580e-01
53761	2.449596118193644e-01	2.454708915685030e-01
64018	2.397633972990864e-01	2.398832919019490e-01
68956	2.301413568187258e-01	2.344228815319922e-01
69649	2.267528813630502e-01	2.290867652767773e-01
70563	2.233177561978783e-01	2.238721138568339e-01
73084	2.184632726131415e-01	2.187761623949552e-01
80749	2.124263830370736e-01	2.137962089502232e-01
86182	2.088307244811856e-01	2.089296130854039e-01
90618	2.021625617805720e-01	2.041737944669530e-01
95009	1.993957168872279e-01	1.995262314968880e-01
97680	1.949460037169862e-01	1.949844599758045e-01
100866	1.879952747834065e-01	1.905460717963247e-01
101035	1.855395530598551e-01	1.862087136662867e-01
111426	1.816446804103802e-01	1.819700858609984e-01
116022	1.758132507513998e-01	1.778279410038923e-01
116546	1.718255024827983e-01	1.737800828749375e-01
119344	1.671463670320318e-01	1.698243652461744e-01
122202	1.653992467764921e-01	1.659586907437560e-01
127707	1.615357994579179e-01	1.621810097358930e-01
132115	1.584469146828469e-01	1.584893192461113e-01
138047	1.543806819654030e-01	1.548816618912481e-01
141485	1.511366104707825e-01	1.513561248436208e-01
147518	1.475264188664209e-01	1.479108388168208e-01
148750	1.439464390252037e-01	1.445439770745928e-01
155271	1.404366755561696e-01	1.412537544622754e-01
167922	1.363417232991178e-01	1.380384264602885e-01
175818	1.344861758234118e-01	1.348962882591654e-01
195640	1.310914161472307e-01	1.318256738556407e-01
208359	1.255583126972921e-01	1.258925411794167e-01
213250	1.218958962899260e-01	1.230268770812381e-01
223486	1.198651358810409e-01	1.202264434617413e-01
238119	1.159391121361236e-01	1.174897554939529e-01
259032	1.143518770849780e-01	1.148153621496883e-01
274917	1.120905265712536e-01	1.122018454301964e-01
285486	1.096448980768457e-01	1.096478196143185e-01
312834	1.062030413957127e-01	1.071519305237607e-01
356654	1.046621225859530e-01	1.047128548050900e-01
369663	1.015049195211832e-01	1.023292992280754e-01
391997	9.854518071571150e-02	1.000000000000000e-01
407263	9.732933321568449e-02	9.772372209558107e-02
433876	9.549852405415138e-02	9.549925860214359e-02
486684	9.234447734979634e-02	9.332543007969910e-02
510204	9.080463109731451e-02	9.120108393559097e-02
543704	8.837663085731529e-02	8.912509381337455e-02
572611	8.681847821428956e-02	8.709635899560805e-02
590892	8.504007854911322e-02	8.511380382023763e-02
640113	8.291757466926164e-02	8.317637711026708e-02
681431	8.073453519333651e-02	8.128305161640990e-02
690729	7.843561500745777e-02	7.943282347242814e-02
735142	7.715950527074622e-02	7.762471166286916e-02
794088	7.295041965501237e-02	7.413102413009177e-02
818314	7.242226024410725e-02	7.244359600749903e-02
915621	6.975900951529723e-02	7.079457843841380e-02
1004504	6.909215382801448e-02	6.918309709189366e-02
1049380	6.705559108378878e-02	6.760829753919818e-02
1054499	6.584929501258596e-02	6.606934480075961e-02
1101902	6.442203267972235e-02	6.456542290346556e-02
1200001	6.377683093265973e-02	6.456542290346556e-02
%
% index = 3872, name = bbob_f013_i07_d20__bbob_f020_i08_d20
% instance = 3, reference value = 8.681703291891110e-01
% function evaluation | indicator value | target hit
1	6.000147033140286e-01	6.025595860743578e-01
2	5.499581491302689e-01	5.623413251903491e-01
5	5.493035229115955e-01	5.495408738576245e-01
52	5.118874990632466e-01	5.128613839913648e-01
125	4.257872694931467e-01	4.265795188015927e-01
161	4.160785373830353e-01	4.168693834703354e-01
225	4.070400005057068e-01	4.073802778041127e-01
232	3.973911835288630e-01	3.981071705534972e-01
255	3.863233574277996e-01	3.890451449942806e-01
273	3.741502314843914e-01	3.801893963205612e-01
278	3.640006436634059e-01	3.715352290971726e-01
344	3.627206021374899e-01	3.630780547701014e-01
384	3.543216649831474e-01	3.548133892335755e-01
432	3.456246723260271e-01	3.467368504525316e-01
512	3.191194761146929e-01	3.235936569296283e-01
584	3.161018430210357e-01	3.162277660168379e-01
777	3.087653196923328e-01	3.090295432513591e-01
809	2.920211824984017e-01	2.951209226666385e-01
861	2.537778008913769e-01	2.570395782768864e-01
966	2.511611098512927e-01	2.511886431509580e-01
1163	2.335850740733603e-01	2.344228815319922e-01
1385	2.250446822673697e-01	2.290867652767773e-01
1431	2.078918588652863e-01	2.089296130854039e-01
1771	2.041530276498913e-01	2.041737944669530e-01
2204	1.971071561429437e-01	1.995262314968880e-01
2432	1.949244243513388e-01	1.949844599758045e-01
3034	1.887427081801155e-01	1.905460717963247e-01
3130	1.861695279479958e-01	1.862087136662867e-01
4028	1.787457204684635e-01	1.819700858609984e-01
5036	1.777070015511713e-01	1.778279410038923e-01
9376	1.732618403809861e-01	1.737800828749375e-01
10189	1.674760509314562e-01	1.698243652461744e-01
10789	1.659408217611494e-01	1.659586907437560e-01
11660	1.618005648708150e-01	1.621810097358930e-01
18862	1.584889959932846e-01	1.584893192461113e-01
27217	1.548786775771225e-01	1.548816618912481e-01
32203	1.461410845158986e-01	1.479108388168208e-01
35043	1.445277690922896e-01	1.445439770745928e-01
39001	1.386896815539903e-01	1.412537544622754e-01
40858	1.380016710460236e-01	1.380384264602885e-01
43926	1.348901663893071e-01	1.348962882591654e-01
50717	1.308892917874486e-01	1.318256738556407e-01
53408	1.272830492820519e-01	1.288249551693134e-01
54255	1.254623866642040e-01	1.258925411794167e-01
58008	1.223258572504011e-01	1.230268770812381e-01
64115	1.202263514184683e-01	1.202264434617413e-01
73755	1.163233270419336e-01	1.174897554939529e-01
82762	1.145067977199704e-01	1.148153621496883e-01
93848	1.118271585482272e-01	1.122018454301964e-01
100972	1.009699196313947e-01	1.023292992280754e-01
111578	9.999062504524869e-02	1.000000000000000e-01
118178	9.772364064192818e-02	9.772372209558107e-02
129047	9.541626851432405e-02	9.549925860214359e-02
131164	9.330529371803709e-02	9.332543007969910e-02
144924	9.099198822629628e-02	9.120108393559097e-02
154450	8.907047187108796e-02	8.912509381337455e-02
168382	8.684867450086298e-02	8.709635899560805e-02
196087	8.504256386476228e-02	8.511380382023763e-02
208613	8.278367036976264e-02	8.317637711026708e-02
210613	8.098185187352891e-02	8.128305161640990e-02
229944	7.938482035943728e-02	7.943282347242814e-02
259797	7.724352824251235e-02	7.762471166286916e-02
276113	7.559899589005037e-02	7.585775750291836e-02
311592	7.413098121573691e-02	7.413102413009177e-02
328280	7.232714449240785e-02	7.244359600749903e-02
375810	7.050885172209198e-02	7.079457843841380e-02
392945	6.876835016899274e-02	6.918309709189366e-02
397671	6.760827160482297e-02	6.760829753919818e-02
419726	6.548067451830375e-02	6.606934480075961e-02
448035	6.447689402975609e-02	6.456542290346556e-02
469935	6.200659164885269e-02	6.309573444801933e-02
473426	5.923725955087100e-02	6.025595860743578e-02
486474	5.878023224964990e-02	5.888436553555890e-02
500460	5.715423315716717e-02	5.754399373371569e-02
519599	5.618502668664316e-02	5.623413251903491e-02
536543	5.472718296779266e-02	5.495408738576246e-02
569730	5.329923508991963e-02	5.370317963702527e-02
621975	5.247829695759199e-02	5.248074602497726e-02
690256	4.988917893565514e-02	5.011872336272722e-02
766560	4.897788141504245e-02	4.897788193684462e-02
795669	4.785820165297594e-02	4.786300923226382e-02
823358	4.677334108754050e-02	4.677351412871981e-02
835144	4.547247246896513e-02	4.570881896148749e-02
870347	4.464117836028181e-02	4.466835921509630e-02
992160	4.342937835048966e-02	4.365158322401658e-02
1044970	4.256552203255493e-02	4.265795188015926e-02
1078489	4.166364622240637e-02	4.168693834703355e-02
1119294	4.073766016794933e-02	4.073802778041128e-02
1192460	3.972814798571678e-02	3.981071705534973e-02
1200001	3.968892732226359e-02	3.981071705534973e-02
%
% index = 3873, name = bbob_f013_i09_d20__bbob_f020_i10_d20
% instance = 4, reference value = 8.768674274464960e-01
% function evaluation | indicator value | target hit
1	7.644320889115402e-01	7.762471166286917e-01
4	7.567149233645365e-01	7.585775750291838e-01
14	7.202138219792755e-01	7.244359600749900e-01
62	6.940932858612955e-01	7.079457843841379e-01
78	6.901319460861842e-01	6.918309709189365e-01
100	6.742146930790114e-01	6.760829753919817e-01
157	6.420214218824790e-01	6.456542290346555e-01
188	6.178531970149799e-01	6.309573444801932e-01
210	6.140481079581270e-01	6.165950018614822e-01
248	5.861519840258310e-01	5.888436553555889e-01
300	5.627458021499367e-01	5.754399373371569e-01
312	5.622824604019323e-01	5.623413251903491e-01
327	5.439054925633596e-01	5.495408738576245e-01
348	5.195739670017065e-01	5.248074602497725e-01
364	5.128027090268998e-01	5.128613839913648e-01
370	4.972689501627858e-01	5.011872336272722e-01
415	4.893191752793398e-01	4.897788193684462e-01
455	4.393180963073158e-01	4.466835921509631e-01
473	4.362974378360929e-01	4.365158322401660e-01
496	4.239620345900859e-01	4.265795188015927e-01
582	4.165863824019082e-01	4.168693834703354e-01
651	4.072152349815387e-01	4.073802778041127e-01
687	3.951462654410146e-01	3.981071705534972e-01
806	3.889365749741565e-01	3.890451449942806e-01
835	3.790825675888811e-01	3.801893963205612e-01
872	3.482287711299201e-01	3.548133892335755e-01
903	3.448287354459111e-01	3.467368504525316e-01
965	3.336104601196369e-01	3.388441561392025e-01
997	3.301306167122486e-01	3.311311214825911e-01
1134	3.235130590311911e-01	3.235936569296283e-01
1239	2.970599594690654e-01	3.019951720402016e-01
1268	2.941748003602932e-01	2.951209226666385e-01
1536	2.830207039430762e-01	2.884031503126606e-01
1762	2.817694313584225e-01	2.818382931264454e-01
2120	2.639394226057208e-01	2.691534803926916e-01
2206	2.630211976216467e-01	2.630267991895382e-01
2322	2.522780935846000e-01	2.570395782768864e-01
2370	2.463497960438608e-01	2.511886431509580e-01
2558	2.453799886679073e-01	2.454708915685030e-01
3193	2.386155827886826e-01	2.398832919019490e-01
3227	2.333068730140408e-01	2.344228815319922e-01
3422	2.228378159137121e-01	2.238721138568339e-01
3479	2.187373781409313e-01	2.187761623949552e-01
4084	2.069348658990270e-01	2.089296130854039e-01
4128	2.021738953782068e-01	2.041737944669530e-01
4789	1.994539071615457e-01	1.995262314968880e-01
5976	1.860176912269528e-01	1.862087136662867e-01
7372	1.807539030188192e-01	1.819700858609984e-01
8600	1.768944310084518e-01	1.778279410038923e-01
9731	1.699947072153595e-01	1.737800828749375e-01
10039	1.688898731979763e-01	1.698243652461744e-01
14252	1.593613742751951e-01	1.621810097358930e-01
14495	1.583697169519706e-01	1.584893192461113e-01
15293	1.545322684382313e-01	1.548816618912481e-01
15963	1.489333718009542e-01	1.513561248436208e-01
17224	1.468620713509821e-01	1.479108388168208e-01
20902	1.445328154247719e-01	1.445439770745928e-01
24266	1.398647362402976e-01	1.412537544622754e-01
25631	1.379995738776385e-01	1.380384264602885e-01
32691	1.348944641493303e-01	1.348962882591654e-01
35541	1.311107173965391e-01	1.318256738556407e-01
37952	1.286455002350719e-01	1.288249551693134e-01
41057	1.249407324670144e-01	1.258925411794167e-01
44752	1.227537872068902e-01	1.230268770812381e-01
47850	1.202153018003110e-01	1.202264434617413e-01
51818	1.142254184781550e-01	1.148153621496883e-01
53598	1.120293880882359e-01	1.122018454301964e-01
54459	1.096477953103533e-01	1.096478196143185e-01
58197	1.071519253894790e-01	1.071519305237607e-01
63677	1.047036023681407e-01	1.047128548050900e-01
68718	1.018518351124008e-01	1.023292992280754e-01
69382	9.999845264359075e-02	1.000000000000000e-01
73212	9.722621765669393e-02	9.772372209558107e-02
75843	9.538275915225525e-02	9.549925860214359e-02
77638	9.325293210841468e-02	9.332543007969910e-02
82219	9.066444067146295e-02	9.120108393559097e-02
82911	8.884549234706207e-02	8.912509381337455e-02
87414	8.709615114612668e-02	8.709635899560805e-02
93786	8.317134438790041e-02	8.317637711026708e-02
98584	8.128021204941949e-02	8.128305161640990e-02
103524	7.863579112198293e-02	7.943282347242814e-02
108692	7.762266829329967e-02	7.762471166286916e-02
113034	7.436783232362676e-02	7.585775750291836e-02
114335	7.409899278887289e-02	7.413102413009177e-02
121724	7.238031703482561e-02	7.244359600749903e-02
124354	7.076475377677316e-02	7.079457843841380e-02
131828	6.918159581727623e-02	6.918309709189366e-02
145403	6.746197789240438e-02	6.760829753919818e-02
152884	6.606706955192221e-02	6.606934480075961e-02
157077	6.450341305726792e-02	6.456542290346556e-02
167112	6.309570969438738e-02	6.309573444801933e-02
175806	6.149492208915108e-02	6.165950018614822e-02
187972	5.967548607782203e-02	6.025595860743578e-02
192823	5.880028710453056e-02	5.888436553555890e-02
200396	5.684643375955822e-02	5.754399373371569e-02
209435	5.623090260942165e-02	5.623413251903491e-02
214195	5.430591583763755e-02	5.495408738576246e-02
224897	5.365344206222800e-02	5.370317963702527e-02
235439	5.233141586887013e-02	5.248074602497726e-02
235870	5.056943850176543e-02	5.128613839913648e-02
240825	5.011638777545824e-02	5.011872336272722e-02
267396	4.891623162047998e-02	4.897788193684462e-02
288951	4.752604156231621e-02	4.786300923226382e-02
294257	4.642570960865244e-02	4.677351412871981e-02
325565	4.535478425326345e-02	4.570881896148749e-02
328923	4.452889307223729e-02	4.466835921509630e-02
334001	4.364576235951978e-02	4.365158322401658e-02
370638	4.241542837321643e-02	4.265795188015926e-02
394833	4.167824573680834e-02	4.168693834703355e-02
423961	4.037590655266843e-02	4.073802778041128e-02
429082	3.932070863207771e-02	3.981071705534973e-02
429315	3.883868809465085e-02	3.890451449942807e-02
442415	3.787394026322288e-02	3.801893963205612e-02
466365	3.715334933995262e-02	3.715352290971726e-02
474292	3.616920230769416e-02	3.630780547701014e-02
481366	3.535443645692571e-02	3.548133892335755e-02
511369	3.448762854128373e-02	3.467368504525317e-02
528703	3.388414324235556e-02	3.388441561392026e-02
549362	3.266251473211257e-02	3.311311214825911e-02
559671	3.182207082560284e-02	3.235936569296283e-02
572888	3.139837889132302e-02	3.162277660168379e-02
597674	3.090161278591452e-02	3.090295432513590e-02
610097	3.019699138609733e-02	3.019951720402016e-02
661023	2.951205329551831e-02	2.951209226666385e-02
667368	2.884005428151637e-02	2.884031503126606e-02
699920	2.817452739565152e-02	2.818382931264454e-02
708437	2.745962347992470e-02	2.754228703338166e-02
711118	2.643850964247452e-02	2.691534803926915e-02
736175	2.629448587630234e-02	2.630267991895381e-02
800508	2.569971232870427e-02	2.570395782768863e-02
832017	2.511613041006922e-02	2.511886431509579e-02
872269	2.453454244900255e-02	2.454708915685030e-02
903253	2.398754228328892e-02	2.398832919019490e-02
923091	2.342222040044362e-02	2.344228815319923e-02
964905	2.290601447716711e-02	2.290867652767773e-02
998249	2.234301771976599e-02	2.238721138568340e-02
1037975	2.184948545526866e-02	2.187761623949553e-02
1064180	2.134964743114520e-02	2.137962089502233e-02
1085193	2.088069475376841e-02	2.089296130854040e-02
1131647	2.041730216974125e-02	2.041737944669529e-02
1165769	1.995067153692831e-02	1.995262314968880e-02
1200000	1.980692630059899e-02	1.995262314968880e-02
%
% index = 3874, name = bbob_f013_i11_d20__bbob_f020_i12_d20
% instance = 5, reference value = 8.685337979259380e-01
% function evaluation | indicator value | target hit
1	5.760731362516416e-01	5.888436553555889e-01
10	5.741869374929469e-01	5.754399373371569e-01
125	5.100691265246358e-01	5.128613839913648e-01
149	4.912787315010435e-01	5.011872336272722e-01
174	4.869587926057679e-01	4.897788193684462e-01
185	4.738154457656916e-01	4.786300923226383e-01
329	4.398392625288736e-01	4.466835921509631e-01
415	4.363485648430581e-01	4.365158322401660e-01
434	4.027423873628098e-01	4.073802778041127e-01
445	3.772785656306982e-01	3.801893963205612e-01
666	3.652284655065833e-01	3.715352290971726e-01
698	3.613063878898120e-01	3.630780547701014e-01
926	3.548103446838441e-01	3.548133892335755e-01
937	3.401486083615769e-01	3.467368504525316e-01
1027	3.388284913151630e-01	3.388441561392025e-01
1121	3.228067569579510e-01	3.235936569296283e-01
1787	3.041711799829219e-01	3.090295432513591e-01
2084	2.913402334640381e-01	2.951209226666385e-01
3136	2.865277804794055e-01	2.884031503126606e-01
5105	2.804724307736988e-01	2.818382931264454e-01
5881	2.743743691947798e-01	2.754228703338166e-01
8498	2.672358608029435e-01	2.691534803926916e-01
8946	2.620928733254827e-01	2.630267991895382e-01
18770	2.554417739069509e-01	2.570395782768864e-01
20266	2.467583804684498e-01	2.511886431509580e-01
20797	2.449388043123031e-01	2.454708915685030e-01
26453	2.384362431326612e-01	2.398832919019490e-01
40689	2.340501689707012e-01	2.344228815319922e-01
46632	2.286648214602127e-01	2.290867652767773e-01
51181	2.232419521998072e-01	2.238721138568339e-01
53537	2.180845745176428e-01	2.187761623949552e-01
55739	2.109264930560766e-01	2.137962089502232e-01
58276	1.993740535132105e-01	1.995262314968880e-01
62351	1.948232044947765e-01	1.949844599758045e-01
69029	1.905353896475759e-01	1.905460717963247e-01
75852	1.857942372478028e-01	1.862087136662867e-01
85442	1.809426080844700e-01	1.819700858609984e-01
92574	1.777647457948697e-01	1.778279410038923e-01
101085	1.717277134232772e-01	1.737800828749375e-01
105952	1.680549731551093e-01	1.698243652461744e-01
116568	1.636182941580322e-01	1.659586907437560e-01
121394	1.621788759462830e-01	1.621810097358930e-01
126993	1.566879754502326e-01	1.584893192461113e-01
128402	1.548710756801833e-01	1.548816618912481e-01
136003	1.510468470366457e-01	1.513561248436208e-01
145276	1.471320595686414e-01	1.479108388168208e-01
153164	1.439766653722339e-01	1.445439770745928e-01
160819	1.408493870848658e-01	1.412537544622754e-01
171463	1.379583015599002e-01	1.380384264602885e-01
177306	1.317354185101502e-01	1.318256738556407e-01
191619	1.288247106266880e-01	1.288249551693134e-01
198575	1.234592348896066e-01	1.258925411794167e-01
205601	1.230106033150837e-01	1.230268770812381e-01
216623	1.181620802674443e-01	1.202264434617413e-01
219663	1.174479759396077e-01	1.174897554939529e-01
225867	1.147584150376906e-01	1.148153621496883e-01
244946	1.121180858729596e-01	1.122018454301964e-01
264787	1.094107000944673e-01	1.096478196143185e-01
269970	1.052983556537236e-01	1.071519305237607e-01
283973	1.040823765514612e-01	1.047128548050900e-01
293409	1.020461920883721e-01	1.023292992280754e-01
321611	9.996886538270000e-02	1.000000000000000e-01
344413	9.772063089305572e-02	9.772372209558107e-02
352674	9.544807288517609e-02	9.549925860214359e-02
352925	9.248083536095575e-02	9.332543007969910e-02
361656	9.108410765835695e-02	9.120108393559097e-02
375003	8.631692014585235e-02	8.709635899560805e-02
390195	8.510250052284885e-02	8.511380382023763e-02
413207	8.317554744762135e-02	8.317637711026708e-02
440943	8.125120650003870e-02	8.128305161640990e-02
451282	7.875945715700583e-02	7.943282347242814e-02
495961	7.682211734474653e-02	7.762471166286916e-02
538697	7.583724865428587e-02	7.585775750291836e-02
565733	7.402987751428747e-02	7.413102413009177e-02
594433	7.222703081278059e-02	7.244359600749903e-02
632616	7.049863391083000e-02	7.079457843841380e-02
671215	6.917507905915643e-02	6.918309709189366e-02
713239	6.759287183777651e-02	6.760829753919818e-02
797859	6.597871158990565e-02	6.606934480075961e-02
855147	6.456494244970368e-02	6.456542290346556e-02
873725	6.303046228211784e-02	6.309573444801933e-02
896277	6.150549117265225e-02	6.165950018614822e-02
959095	5.992194767239856e-02	6.025595860743578e-02
977813	5.860866689147215e-02	5.888436553555890e-02
1022119	5.739321493861027e-02	5.754399373371569e-02
1051992	5.613983267279232e-02	5.623413251903491e-02
1072506	5.488875782227265e-02	5.495408738576246e-02
1126196	5.359183646139531e-02	5.370317963702527e-02
1153122	5.224970909967430e-02	5.248074602497726e-02
1191949	5.127129769732219e-02	5.128613839913648e-02
1200000	5.083980446007175e-02	5.128613839913648e-02
%
% index = 3875, name = bbob_f013_i13_d20__bbob_f020_i14_d20
% instance = 6, reference value = 8.897714175609600e-01
% function evaluation | indicator value | target hit
1	6.699527866873271e-01	6.760829753919817e-01
6	6.523162969716335e-01	6.606934480075960e-01
61	6.299597976741564e-01	6.309573444801932e-01
152	5.923774094859828e-01	6.025595860743578e-01
183	5.633348273105205e-01	5.754399373371569e-01
199	5.490405530159461e-01	5.495408738576245e-01
236	5.265217681550695e-01	5.370317963702527e-01
259	5.237069300357297e-01	5.248074602497725e-01
309	5.079561566927395e-01	5.128613839913648e-01
327	4.925188815128265e-01	5.011872336272722e-01
349	4.885493189227341e-01	4.897788193684462e-01
355	4.709597458619744e-01	4.786300923226383e-01
374	4.656371159999815e-01	4.677351412871982e-01
397	4.558859626686840e-01	4.570881896148750e-01
402	4.457315116162555e-01	4.466835921509631e-01
454	4.360939162443589e-01	4.365158322401660e-01
527	4.223163350489456e-01	4.265795188015927e-01
532	4.153289801549537e-01	4.168693834703354e-01
584	4.015917247945869e-01	4.073802778041127e-01
593	3.964402448630493e-01	3.981071705534972e-01
675	3.889038307455376e-01	3.890451449942806e-01
704	3.753836603541980e-01	3.801893963205612e-01
718	3.648023235882414e-01	3.715352290971726e-01
727	3.611814840455384e-01	3.630780547701014e-01
756	3.513584871051324e-01	3.548133892335755e-01
761	3.430138323775677e-01	3.467368504525316e-01
790	3.376775312765371e-01	3.388441561392025e-01
804	3.296879901427453e-01	3.311311214825911e-01
920	3.210491912269835e-01	3.235936569296283e-01
947	3.159630756675912e-01	3.162277660168379e-01
1018	3.089047391796497e-01	3.090295432513591e-01
1040	3.013828380798950e-01	3.019951720402016e-01
1054	2.850325106569770e-01	2.884031503126606e-01
1198	2.799866232342958e-01	2.818382931264454e-01
1295	2.753583245066678e-01	2.754228703338166e-01
1336	2.575995421252707e-01	2.630267991895382e-01
1385	2.551138337405697e-01	2.570395782768864e-01
1515	2.509163632054717e-01	2.511886431509580e-01
1540	2.412894180946999e-01	2.454708915685030e-01
1604	2.398289502222152e-01	2.398832919019490e-01
1941	2.344070150316027e-01	2.344228815319922e-01
2042	2.283284763101697e-01	2.290867652767773e-01
2047	2.231464594768001e-01	2.238721138568339e-01
2166	2.159662901819496e-01	2.187761623949552e-01
2334	2.133788427674871e-01	2.137962089502232e-01
2520	2.056291269137367e-01	2.089296130854039e-01
2626	2.015141190714208e-01	2.041737944669530e-01
2699	1.950201383634437e-01	1.995262314968880e-01
2919	1.949512046548743e-01	1.949844599758045e-01
3278	1.718441599387009e-01	1.737800828749375e-01
3283	1.693131389872741e-01	1.698243652461744e-01
3298	1.549139853775985e-01	1.584893192461113e-01
3306	1.544952007322543e-01	1.548816618912481e-01
3799	1.469122177323436e-01	1.479108388168208e-01
4100	1.420355187394348e-01	1.445439770745928e-01
4268	1.331010468342501e-01	1.348962882591654e-01
4322	1.296668962974028e-01	1.318256738556407e-01
4383	1.288248747522458e-01	1.288249551693134e-01
5131	1.258671000313242e-01	1.258925411794167e-01
5838	1.229725421053628e-01	1.230268770812381e-01
7157	1.200100126132732e-01	1.202264434617413e-01
7982	1.174798546773329e-01	1.174897554939529e-01
8832	1.147771471519397e-01	1.148153621496883e-01
9892	1.117424378126370e-01	1.122018454301964e-01
10674	1.092212353280964e-01	1.096478196143185e-01
11036	1.070575562077849e-01	1.071519305237607e-01
11767	1.046681266542809e-01	1.047128548050900e-01
12478	1.020484292722373e-01	1.023292992280754e-01
13328	9.984444293780459e-02	1.000000000000000e-01
14463	9.770983282848633e-02	9.772372209558107e-02
14678	9.445420905709812e-02	9.549925860214359e-02
15801	9.332396298294932e-02	9.332543007969910e-02
16728	9.060792794555861e-02	9.120108393559097e-02
17610	8.912266038483341e-02	8.912509381337455e-02
19721	8.709490575148604e-02	8.709635899560805e-02
21191	8.509788095951820e-02	8.511380382023763e-02
23801	8.316933452849651e-02	8.317637711026708e-02
26629	8.102885789053482e-02	8.128305161640990e-02
27767	7.942293507757725e-02	7.943282347242814e-02
29764	7.730379160920053e-02	7.762471166286916e-02
31558	7.576848829332083e-02	7.585775750291836e-02
32665	7.412388424160310e-02	7.413102413009177e-02
35798	7.242535471947575e-02	7.244359600749903e-02
37354	7.077324866286572e-02	7.079457843841380e-02
40629	6.917231335640950e-02	6.918309709189366e-02
43327	6.756918420576341e-02	6.760829753919818e-02
49822	6.606886149425084e-02	6.606934480075961e-02
55473	6.455998984918510e-02	6.456542290346556e-02
59950	6.308816070203105e-02	6.309573444801933e-02
64537	6.165616048830413e-02	6.165950018614822e-02
66987	6.025567540874599e-02	6.025595860743578e-02
70933	5.888331888865739e-02	5.888436553555890e-02
74122	5.754321840713450e-02	5.754399373371569e-02
74980	5.621573815656289e-02	5.623413251903491e-02
77216	5.494781655911929e-02	5.495408738576246e-02
81074	5.370162239794296e-02	5.370317963702527e-02
85095	5.247975112097347e-02	5.248074602497726e-02
87865	5.128491015975156e-02	5.128613839913648e-02
91986	5.011478438584760e-02	5.011872336272722e-02
93443	4.877161945740727e-02	4.897788193684462e-02
95180	4.778996622577059e-02	4.786300923226382e-02
97703	4.675274570211263e-02	4.677351412871981e-02
100538	4.568431401826822e-02	4.570881896148749e-02
102650	4.466802261374103e-02	4.466835921509630e-02
104294	4.351154945531965e-02	4.365158322401658e-02
106812	4.265609205040966e-02	4.265795188015926e-02
109209	4.158324602687646e-02	4.168693834703355e-02
114068	4.072716509624574e-02	4.073802778041128e-02
117862	3.945694283948742e-02	3.981071705534973e-02
119692	3.854367771198575e-02	3.890451449942807e-02
121926	3.801810754874013e-02	3.801893963205612e-02
127864	3.715319977123388e-02	3.715352290971726e-02
134810	3.630481137962127e-02	3.630780547701014e-02
141286	3.528586840385395e-02	3.548133892335755e-02
145054	3.466842557044325e-02	3.467368504525317e-02
150873	3.349322990251802e-02	3.388441561392026e-02
156970	3.281337923907435e-02	3.311311214825911e-02
160447	3.235915963202118e-02	3.235936569296283e-02
165450	3.149233506614146e-02	3.162277660168379e-02
171136	3.088416546760797e-02	3.090295432513590e-02
181328	3.005763389669192e-02	3.019951720402016e-02
185334	2.951059123126532e-02	2.951209226666385e-02
194734	2.883910874309847e-02	2.884031503126606e-02
209642	2.818210333827342e-02	2.818382931264454e-02
216301	2.738753305524577e-02	2.754228703338166e-02
220229	2.688291168557777e-02	2.691534803926915e-02
224316	2.616452644589817e-02	2.630267991895381e-02
234549	2.570122900483640e-02	2.570395782768863e-02
241161	2.509922758562610e-02	2.511886431509579e-02
248875	2.454541555530732e-02	2.454708915685030e-02
262380	2.396134968082986e-02	2.398832919019490e-02
276531	2.343960489904018e-02	2.344228815319923e-02
289790	2.290820441686070e-02	2.290867652767773e-02
300186	2.229870862200212e-02	2.238721138568340e-02
318235	2.170489665293907e-02	2.187761623949553e-02
330831	2.137943928325181e-02	2.137962089502233e-02
366745	2.073460457648202e-02	2.089296130854040e-02
390650	2.041703270585782e-02	2.041737944669529e-02
427547	1.995238130209109e-02	1.995262314968880e-02
452027	1.949754713045881e-02	1.949844599758046e-02
499795	1.905372089411705e-02	1.905460717963247e-02
530921	1.857526725505365e-02	1.862087136662868e-02
578813	1.819681831758857e-02	1.819700858609984e-02
581513	1.769613866401620e-02	1.778279410038923e-02
607278	1.737634946172395e-02	1.737800828749375e-02
665921	1.698076449511943e-02	1.698243652461744e-02
698217	1.657248720425819e-02	1.659586907437561e-02
763063	1.621776255602791e-02	1.621810097358930e-02
794715	1.584003967897885e-02	1.584893192461113e-02
809473	1.548062142667672e-02	1.548816618912481e-02
906854	1.508147922389802e-02	1.513561248436208e-02
944765	1.473746540110188e-02	1.479108388168207e-02
1076636	1.445438102677254e-02	1.445439770745927e-02
1200000	1.420691645562189e-02	1.445439770745927e-02
%
% index = 3876, name = bbob_f013_i15_d20__bbob_f020_i16_d20
% instance = 7, reference value = 8.711265017329000e-01
% function evaluation | indicator value | target hit
1	6.605244670645185e-01	6.606934480075960e-01
43	6.450762755993379e-01	6.456542290346555e-01
60	6.170875253792232e-01	6.309573444801932e-01
68	6.085527259969336e-01	6.165950018614822e-01
111	6.022562007736469e-01	6.025595860743578e-01
164	5.879015451805560e-01	5.888436553555889e-01
180	5.739109076275417e-01	5.754399373371569e-01
194	5.368291162284939e-01	5.370317963702527e-01
241	5.244661306992061e-01	5.248074602497725e-01
297	5.054759149437761e-01	5.128613839913648e-01
310	5.008511847271055e-01	5.011872336272722e-01
363	4.806492118272856e-01	4.897788193684462e-01
389	4.777374011111525e-01	4.786300923226383e-01
422	4.675769499104736e-01	4.677351412871982e-01
426	4.328926890399762e-01	4.365158322401660e-01
551	4.259296838980044e-01	4.265795188015927e-01
610	3.991710053317071e-01	4.073802778041127e-01
638	3.832899732718960e-01	3.890451449942806e-01
691	3.801398602257444e-01	3.801893963205612e-01
764	3.620874505199981e-01	3.630780547701014e-01
765	3.449625625958049e-01	3.467368504525316e-01
937	3.379357421885748e-01	3.388441561392025e-01
1193	3.298043480826168e-01	3.311311214825911e-01
1405	3.197244790799449e-01	3.235936569296283e-01
1581	3.160794144303180e-01	3.162277660168379e-01
2222	3.081272554558699e-01	3.090295432513591e-01
2377	2.937944262475327e-01	2.951209226666385e-01
2862	2.807524126266975e-01	2.818382931264454e-01
3174	2.750861000314166e-01	2.754228703338166e-01
3282	2.669204605463862e-01	2.691534803926916e-01
3646	2.630158961892989e-01	2.630267991895382e-01
6133	2.569782729003164e-01	2.570395782768864e-01
7116	2.307696267451513e-01	2.344228815319922e-01
7304	2.196329170484170e-01	2.238721138568339e-01
7432	2.179716114578983e-01	2.187761623949552e-01
7912	2.068795988206694e-01	2.089296130854039e-01
8424	2.039759189222414e-01	2.041737944669530e-01
9040	1.995239259751845e-01	1.995262314968880e-01
9571	1.949720747181295e-01	1.949844599758045e-01
9612	1.885320145469589e-01	1.905460717963247e-01
10332	1.852298054464431e-01	1.862087136662867e-01
11133	1.792829371859460e-01	1.819700858609984e-01
11578	1.767138508485571e-01	1.778279410038923e-01
12460	1.721950016529810e-01	1.737800828749375e-01
14202	1.698243424793914e-01	1.698243652461744e-01
16456	1.640635924228329e-01	1.659586907437560e-01
17657	1.613633834592983e-01	1.621810097358930e-01
17822	1.545279281322128e-01	1.548816618912481e-01
19222	1.513560706745749e-01	1.513561248436208e-01
21042	1.432687420907777e-01	1.445439770745928e-01
23698	1.410745380650120e-01	1.412537544622754e-01
25736	1.374098990252324e-01	1.380384264602885e-01
27462	1.300044762988790e-01	1.318256738556407e-01
29076	1.288249153482254e-01	1.288249551693134e-01
30656	1.254103712310835e-01	1.258925411794167e-01
36332	1.217872199997319e-01	1.230268770812381e-01
39425	1.202214684425174e-01	1.202264434617413e-01
48076	1.174894086538877e-01	1.174897554939529e-01
53199	1.148094613776158e-01	1.148153621496883e-01
56991	1.121994382442031e-01	1.122018454301964e-01
61374	1.096450205113286e-01	1.096478196143185e-01
64860	1.071435716500887e-01	1.071519305237607e-01
67529	1.046950745254875e-01	1.047128548050900e-01
70963	1.022879581060869e-01	1.023292992280754e-01
74023	9.998414165093128e-02	1.000000000000000e-01
77678	9.757304059768124e-02	9.772372209558107e-02
79932	9.538346307721390e-02	9.549925860214359e-02
84294	9.330415771232481e-02	9.332543007969910e-02
87207	9.120017640553268e-02	9.120108393559097e-02
90442	8.912502422136614e-02	8.912509381337455e-02
91411	8.667748407874076e-02	8.709635899560805e-02
93385	8.511371089088871e-02	8.511380382023763e-02
95630	8.249882105751749e-02	8.317637711026708e-02
97771	8.114749708962243e-02	8.128305161640990e-02
99401	7.838519026875690e-02	7.943282347242814e-02
101571	7.762199172228290e-02	7.762471166286916e-02
104416	7.521817278925735e-02	7.585775750291836e-02
105041	7.401625098455622e-02	7.413102413009177e-02
111426	7.243894273005513e-02	7.244359600749903e-02
116636	7.077031113730092e-02	7.079457843841380e-02
118376	6.918176491370520e-02	6.918309709189366e-02
122498	6.731282893165724e-02	6.760829753919818e-02
126644	6.598427331010914e-02	6.606934480075961e-02
131711	6.453844682524046e-02	6.456542290346556e-02
135265	6.294482947233349e-02	6.309573444801933e-02
135574	6.157214438335168e-02	6.165950018614822e-02
137729	6.009749609925452e-02	6.025595860743578e-02
139214	5.817420890313896e-02	5.888436553555890e-02
141891	5.724478025565538e-02	5.754399373371569e-02
145464	5.554741749362513e-02	5.623413251903491e-02
145931	5.494720172471623e-02	5.495408738576246e-02
147442	5.366968163357044e-02	5.370317963702527e-02
153460	5.247556661713171e-02	5.248074602497726e-02
159978	5.128220847383524e-02	5.128613839913648e-02
165788	4.992144443013935e-02	5.011872336272722e-02
169630	4.895688084947725e-02	4.897788193684462e-02
170091	4.770113860650360e-02	4.786300923226382e-02
177556	4.676776697825302e-02	4.677351412871981e-02
183388	4.544819660801092e-02	4.570881896148749e-02
188581	4.465874638624168e-02	4.466835921509630e-02
188837	4.316134992840004e-02	4.365158322401658e-02
192113	4.265711195730670e-02	4.265795188015926e-02
200786	4.161215002966223e-02	4.168693834703355e-02
207075	4.071503867931425e-02	4.073802778041128e-02
218650	3.979442373743436e-02	3.981071705534973e-02
221753	3.876596122523146e-02	3.890451449942807e-02
230522	3.801793838538181e-02	3.801893963205612e-02
235570	3.715346976707845e-02	3.715352290971726e-02
245951	3.611022890582316e-02	3.630780547701014e-02
252373	3.546228390378314e-02	3.548133892335755e-02
268046	3.452787014153424e-02	3.467368504525317e-02
273632	3.388110959718937e-02	3.388441561392026e-02
280536	3.308696244003850e-02	3.311311214825911e-02
283875	3.226399782174083e-02	3.235936569296283e-02
289058	3.020454070706935e-02	3.090295432513590e-02
294392	3.019946083420721e-02	3.019951720402016e-02
301617	2.948018979954448e-02	2.951209226666385e-02
304657	2.871067654077464e-02	2.884031503126606e-02
313184	2.817221069307485e-02	2.818382931264454e-02
331816	2.754218170584277e-02	2.754228703338166e-02
349587	2.675508682877137e-02	2.691534803926915e-02
352164	2.630044479750626e-02	2.630267991895381e-02
364908	2.565204969325030e-02	2.570395782768863e-02
377797	2.511677036775750e-02	2.511886431509579e-02
389712	2.454563636252360e-02	2.454708915685030e-02
411189	2.385659662245654e-02	2.398832919019490e-02
428291	2.344115915425804e-02	2.344228815319923e-02
451127	2.290821931099485e-02	2.290867652767773e-02
468656	2.238094509091793e-02	2.238721138568340e-02
484954	2.187573787558195e-02	2.187761623949553e-02
490388	2.137879119132358e-02	2.137962089502233e-02
512035	2.089296120366058e-02	2.089296130854040e-02
529652	2.041325724899412e-02	2.041737944669529e-02
548138	1.991318458880165e-02	1.995262314968880e-02
592303	1.949203483575124e-02	1.949844599758046e-02
619182	1.900714204279352e-02	1.905460717963247e-02
651659	1.861908686044267e-02	1.862087136662868e-02
664170	1.809824411649941e-02	1.819700858609984e-02
682100	1.765431335482237e-02	1.778279410038923e-02
742679	1.731075487061984e-02	1.737800828749375e-02
769724	1.698158739713285e-02	1.698243652461744e-02
829190	1.649308407263306e-02	1.659586907437561e-02
864083	1.611316762876869e-02	1.621810097358930e-02
907249	1.584810837963080e-02	1.584893192461113e-02
974297	1.547668233572064e-02	1.548816618912481e-02
994153	1.513559525165775e-02	1.513561248436208e-02
1029730	1.477287689670126e-02	1.479108388168207e-02
1079389	1.420874723253518e-02	1.445439770745927e-02
1112757	1.412349936993529e-02	1.412537544622754e-02
1200001	1.385966840221919e-02	1.412537544622754e-02
%
% index = 3877, name = bbob_f013_i17_d20__bbob_f020_i18_d20
% instance = 8, reference value = 8.497641686653820e-01
% function evaluation | indicator value | target hit
1	6.255232978091658e-01	6.309573444801932e-01
56	6.103495473842956e-01	6.165950018614822e-01
67	5.889691461763464e-01	6.025595860743578e-01
82	5.887803852950297e-01	5.888436553555889e-01
93	5.739694440871594e-01	5.754399373371569e-01
108	5.485532790276122e-01	5.495408738576245e-01
114	5.202701134510412e-01	5.248074602497725e-01
166	4.945234767206693e-01	5.011872336272722e-01
197	4.862465289080121e-01	4.897788193684462e-01
237	4.783211251023292e-01	4.786300923226383e-01
268	4.676204396310985e-01	4.677351412871982e-01
305	4.397403792280932e-01	4.466835921509631e-01
307	4.320707728414832e-01	4.365158322401660e-01
309	4.182944801135725e-01	4.265795188015927e-01
328	4.157849939224846e-01	4.168693834703354e-01
407	4.041981271938205e-01	4.073802778041127e-01
429	3.945802128016356e-01	3.981071705534972e-01
469	3.689503956739745e-01	3.715352290971726e-01
480	3.621521666961242e-01	3.630780547701014e-01
528	3.443204781647250e-01	3.467368504525316e-01
594	3.337024455101242e-01	3.388441561392025e-01
655	3.300978179060673e-01	3.311311214825911e-01
793	3.234209907326654e-01	3.235936569296283e-01
808	3.120605020858560e-01	3.162277660168379e-01
852	2.982274933909078e-01	3.019951720402016e-01
871	2.923202663090608e-01	2.951209226666385e-01
945	2.873069746497119e-01	2.884031503126606e-01
1013	2.808636925794731e-01	2.818382931264454e-01
1067	2.734384556212948e-01	2.754228703338166e-01
1088	2.688144242911867e-01	2.691534803926916e-01
1229	2.607945695264597e-01	2.630267991895382e-01
1295	2.554582861337088e-01	2.570395782768864e-01
1368	2.451179371573535e-01	2.454708915685030e-01
1721	2.393798535256643e-01	2.398832919019490e-01
1890	2.322447708849432e-01	2.344228815319922e-01
2173	2.117935980598467e-01	2.137962089502232e-01
2443	2.083873404585418e-01	2.089296130854039e-01
2492	2.010868224183605e-01	2.041737944669530e-01
2548	1.995254629971965e-01	1.995262314968880e-01
2628	1.910838129805476e-01	1.949844599758045e-01
2806	1.905459377998161e-01	1.905460717963247e-01
2926	1.818829894290600e-01	1.819700858609984e-01
3229	1.775217524571989e-01	1.778279410038923e-01
3445	1.737762041160359e-01	1.737800828749375e-01
3821	1.661663198040653e-01	1.698243652461744e-01
3852	1.659011935487306e-01	1.659586907437560e-01
4070	1.617330679772685e-01	1.621810097358930e-01
4604	1.573102514238935e-01	1.584893192461113e-01
4951	1.544487385902418e-01	1.548816618912481e-01
5764	1.513107515371612e-01	1.513561248436208e-01
6841	1.471441229358451e-01	1.479108388168208e-01
8009	1.432859103439871e-01	1.445439770745928e-01
10353	1.382250566807250e-01	1.412537544622754e-01
10858	1.380258687786069e-01	1.380384264602885e-01
13441	1.338467352243738e-01	1.348962882591654e-01
17276	1.307310977724049e-01	1.318256738556407e-01
19029	1.276440426289689e-01	1.288249551693134e-01
22065	1.258906230667258e-01	1.258925411794167e-01
26422	1.230267554376524e-01	1.230268770812381e-01
27513	1.196415903824980e-01	1.202264434617413e-01
28563	1.171660213714143e-01	1.174897554939529e-01
30205	1.111507731086190e-01	1.122018454301964e-01
30331	1.076172197376354e-01	1.096478196143185e-01
31012	1.071510691210379e-01	1.071519305237607e-01
32918	1.034526680382239e-01	1.047128548050900e-01
35783	1.022335212928814e-01	1.023292992280754e-01
36620	9.996631501517450e-02	1.000000000000000e-01
37710	9.764439242026179e-02	9.772372209558107e-02
38998	9.549850616008992e-02	9.549925860214359e-02
39030	9.294446254366973e-02	9.332543007969910e-02
39161	9.063643711261060e-02	9.120108393559097e-02
39192	8.879079763987685e-02	8.912509381337455e-02
42066	8.709094526312777e-02	8.709635899560805e-02
44812	8.477124499946276e-02	8.511380382023763e-02
44847	8.120477512882862e-02	8.128305161640990e-02
51652	7.853452346174650e-02	7.943282347242814e-02
54269	7.732089113296703e-02	7.762471166286916e-02
62706	7.547966714704546e-02	7.585775750291836e-02
71022	7.412933819863909e-02	7.413102413009177e-02
72878	7.131551162462146e-02	7.244359600749903e-02
74399	7.000308851650128e-02	7.079457843841380e-02
85142	6.918299863841060e-02	6.918309709189366e-02
92098	6.760162772840905e-02	6.760829753919818e-02
101792	6.574324937504250e-02	6.606934480075961e-02
112849	6.454930513475043e-02	6.456542290346556e-02
124533	6.304228554504954e-02	6.309573444801933e-02
134526	6.163361128623590e-02	6.165950018614822e-02
144324	6.025595110952342e-02	6.025595860743578e-02
158794	5.887592599757874e-02	5.888436553555890e-02
169994	5.732262956232292e-02	5.754399373371569e-02
172269	5.609363116974442e-02	5.623413251903491e-02
184754	5.441921276590589e-02	5.495408738576246e-02
190897	5.348013754587766e-02	5.370317963702527e-02
197484	5.247994451617299e-02	5.248074602497726e-02
207946	5.126884418599875e-02	5.128613839913648e-02
211038	5.006450771790727e-02	5.011872336272722e-02
237103	4.893274734323338e-02	4.897788193684462e-02
252430	4.786088915464659e-02	4.786300923226382e-02
272916	4.641301619877958e-02	4.677351412871981e-02
292238	4.510872534944976e-02	4.570881896148749e-02
303612	4.432357228536976e-02	4.466835921509630e-02
330234	4.361548582476216e-02	4.365158322401658e-02
342129	4.263761152497858e-02	4.265795188015926e-02
347313	4.100919261211289e-02	4.168693834703355e-02
353746	4.073741822356014e-02	4.073802778041128e-02
379584	3.980557777659655e-02	3.981071705534973e-02
398310	3.883070105901210e-02	3.890451449942807e-02
421596	3.774117920541664e-02	3.801893963205612e-02
442501	3.483201284105486e-02	3.548133892335755e-02
446531	3.466765217100465e-02	3.467368504525317e-02
455696	3.388441549934329e-02	3.388441561392026e-02
466466	3.302867127498610e-02	3.311311214825911e-02
467378	3.221785858882531e-02	3.235936569296283e-02
479216	3.161494992964320e-02	3.162277660168379e-02
494555	3.090004938548863e-02	3.090295432513590e-02
523347	3.014446135940940e-02	3.019951720402016e-02
534394	2.949021925532758e-02	2.951209226666385e-02
578448	2.884030762341683e-02	2.884031503126606e-02
637542	2.799091431370504e-02	2.818382931264454e-02
671682	2.754213923257864e-02	2.754228703338166e-02
706165	2.691510713114709e-02	2.691534803926915e-02
748685	2.630224887538757e-02	2.630267991895381e-02
792140	2.569998808631602e-02	2.570395782768863e-02
839281	2.495167486644878e-02	2.511886431509579e-02
854811	2.453067768035766e-02	2.454708915685030e-02
913208	2.398697825825069e-02	2.398832919019490e-02
973423	2.333192375713100e-02	2.344228815319923e-02
1023234	2.290849345661006e-02	2.290867652767773e-02
1059097	2.167332132162980e-02	2.187761623949553e-02
1117978	2.132334090978560e-02	2.137962089502233e-02
1171548	2.088952709918890e-02	2.089296130854040e-02
1200001	2.082178664975676e-02	2.089296130854040e-02
%
% index = 3878, name = bbob_f013_i19_d20__bbob_f020_i21_d20
% instance = 9, reference value = 9.020781025585080e-01
% function evaluation | indicator value | target hit
1	5.657276004110682e-01	5.754399373371569e-01
5	5.446856292763831e-01	5.495408738576245e-01
11	5.306308544734338e-01	5.370317963702527e-01
31	4.931017865866923e-01	5.011872336272722e-01
55	4.885364769557572e-01	4.897788193684462e-01
58	4.719078207296037e-01	4.786300923226383e-01
71	4.669314396350543e-01	4.677351412871982e-01
81	4.370034277110248e-01	4.466835921509631e-01
175	4.352284136896413e-01	4.365158322401660e-01
218	4.245024979555285e-01	4.265795188015927e-01
336	4.140705036701129e-01	4.168693834703354e-01
339	3.747010783255431e-01	3.801893963205612e-01
355	3.697041374992834e-01	3.715352290971726e-01
437	3.410517111290412e-01	3.467368504525316e-01
453	3.338595132190708e-01	3.388441561392025e-01
534	3.280693632228390e-01	3.311311214825911e-01
590	3.223481211641497e-01	3.235936569296283e-01
593	3.103417588075770e-01	3.162277660168379e-01
618	2.893399371571502e-01	2.951209226666385e-01
711	2.884028849138986e-01	2.884031503126606e-01
797	2.777913358390833e-01	2.818382931264454e-01
819	2.609433833762314e-01	2.630267991895382e-01
944	2.563939316704427e-01	2.570395782768864e-01
1016	2.495097150090178e-01	2.511886431509580e-01
1199	2.444464527662029e-01	2.454708915685030e-01
1300	2.391407953899811e-01	2.398832919019490e-01
1541	2.344188389076827e-01	2.344228815319922e-01
1914	2.290855359055873e-01	2.290867652767773e-01
2153	2.210749450644586e-01	2.238721138568339e-01
2210	2.171224318109147e-01	2.187761623949552e-01
2918	2.109189629988594e-01	2.137962089502232e-01
3134	2.064066354473634e-01	2.089296130854039e-01
3181	2.029303960280754e-01	2.041737944669530e-01
3740	1.982410683128413e-01	1.995262314968880e-01
3852	1.938576175774416e-01	1.949844599758045e-01
4671	1.886496352512274e-01	1.905460717963247e-01
5297	1.821232912403253e-01	1.862087136662867e-01
5308	1.815481269502540e-01	1.819700858609984e-01
8940	1.777409630176208e-01	1.778279410038923e-01
14159	1.731169265046559e-01	1.737800828749375e-01
17683	1.686765812043487e-01	1.698243652461744e-01
19324	1.657206353533087e-01	1.659586907437560e-01
21526	1.601699863413382e-01	1.621810097358930e-01
26691	1.582467261896188e-01	1.584893192461113e-01
33323	1.548801019707899e-01	1.548816618912481e-01
37954	1.505178651052471e-01	1.513561248436208e-01
42605	1.479072374529481e-01	1.479108388168208e-01
47124	1.444040338818949e-01	1.445439770745928e-01
55052	1.412530604176497e-01	1.412537544622754e-01
62362	1.380351187074229e-01	1.380384264602885e-01
70629	1.336491417036005e-01	1.348962882591654e-01
76420	1.317746975770699e-01	1.318256738556407e-01
82261	1.288248911395294e-01	1.288249551693134e-01
88995	1.257258927481882e-01	1.258925411794167e-01
101327	1.230264317663998e-01	1.230268770812381e-01
112554	1.194835433513711e-01	1.202264434617413e-01
132603	1.174507394625417e-01	1.174897554939529e-01
141238	1.138921976054220e-01	1.148153621496883e-01
142923	1.107772911913714e-01	1.122018454301964e-01
151083	1.087032572406513e-01	1.096478196143185e-01
155026	1.065046165246409e-01	1.071519305237607e-01
174829	1.044048678954967e-01	1.047128548050900e-01
185511	1.023291377914306e-01	1.023292992280754e-01
205038	9.995186659676381e-02	1.000000000000000e-01
214102	9.748467810872896e-02	9.772372209558107e-02
237753	9.512657528719404e-02	9.549925860214359e-02
243209	9.271425597327443e-02	9.332543007969910e-02
266930	9.095541011875263e-02	9.120108393559097e-02
302414	8.774029056389065e-02	8.912509381337455e-02
304424	8.673380963489508e-02	8.709635899560805e-02
314110	8.408464168398311e-02	8.511380382023763e-02
329533	8.268936488674006e-02	8.317637711026708e-02
330924	8.098298903946011e-02	8.128305161640990e-02
339181	7.921547820521013e-02	7.943282347242814e-02
375138	7.729702691837048e-02	7.762471166286916e-02
386702	7.585708695581206e-02	7.585775750291836e-02
393618	7.392871529289213e-02	7.413102413009177e-02
436000	7.215434860056147e-02	7.244359600749903e-02
448338	7.007022410136310e-02	7.079457843841380e-02
462258	6.824584025731639e-02	6.918309709189366e-02
477915	6.756037407589710e-02	6.760829753919818e-02
525705	6.592962154188886e-02	6.606934480075961e-02
545451	6.331485363080602e-02	6.456542290346556e-02
557156	6.309563104454952e-02	6.309573444801933e-02
594887	6.165912097689630e-02	6.165950018614822e-02
622759	5.973374119080610e-02	6.025595860743578e-02
636856	5.877291166685517e-02	5.888436553555890e-02
672484	5.753406346218271e-02	5.754399373371569e-02
698738	5.594903696671305e-02	5.623413251903491e-02
724910	5.428662890244640e-02	5.495408738576246e-02
729960	5.311827517000089e-02	5.370317963702527e-02
773438	5.246488610851130e-02	5.248074602497726e-02
797140	5.112549680720824e-02	5.128613839913648e-02
817197	4.965539045210654e-02	5.011872336272722e-02
824898	4.874651684672271e-02	4.897788193684462e-02
853761	4.780589411788705e-02	4.786300923226382e-02
923783	4.677348403337322e-02	4.677351412871981e-02
969925	4.534081935066614e-02	4.570881896148749e-02
998803	4.455798574970804e-02	4.466835921509630e-02
1009548	4.365157217918525e-02	4.365158322401658e-02
1027840	4.265794699973413e-02	4.265795188015926e-02
1084982	4.114531491266860e-02	4.168693834703355e-02
1112762	4.037156709645173e-02	4.073802778041128e-02
1147400	3.964490483057215e-02	3.981071705534973e-02
1200000	3.918670266738866e-02	3.981071705534973e-02
%
% index = 3879, name = bbob_f013_i21_d20__bbob_f020_i22_d20
% instance = 10, reference value = 8.705393225714790e-01
% function evaluation | indicator value | target hit
1	6.958469788653865e-01	7.079457843841379e-01
47	6.615735145770869e-01	6.760829753919817e-01
48	6.601984360716104e-01	6.606934480075960e-01
70	6.200689694791228e-01	6.309573444801932e-01
102	6.096076779404185e-01	6.165950018614822e-01
105	5.986548458395359e-01	6.025595860743578e-01
135	5.794915827151689e-01	5.888436553555889e-01
142	5.720519023330823e-01	5.754399373371569e-01
263	5.614756362621802e-01	5.623413251903491e-01
324	5.451620091951959e-01	5.495408738576245e-01
331	4.981217061187825e-01	5.011872336272722e-01
415	4.867769522199826e-01	4.897788193684462e-01
422	4.585517721356462e-01	4.677351412871982e-01
433	4.529103169725655e-01	4.570881896148750e-01
472	4.450748938185967e-01	4.466835921509631e-01
568	4.310311589227860e-01	4.365158322401660e-01
649	4.260493137067744e-01	4.265795188015927e-01
716	4.167693212461042e-01	4.168693834703354e-01
832	4.056757492231977e-01	4.073802778041127e-01
877	3.944803052868019e-01	3.981071705534972e-01
1174	3.890086188786911e-01	3.890451449942806e-01
1343	3.801781852056393e-01	3.801893963205612e-01
1530	3.695294924073850e-01	3.715352290971726e-01
1582	3.627168719954358e-01	3.630780547701014e-01
1601	3.548114624507377e-01	3.548133892335755e-01
1669	3.466053005389390e-01	3.467368504525316e-01
1984	3.301115155413736e-01	3.311311214825911e-01
2369	3.227142492709432e-01	3.235936569296283e-01
2419	3.061051370481598e-01	3.090295432513591e-01
2954	2.925004945321463e-01	2.951209226666385e-01
3010	2.804722015033647e-01	2.818382931264454e-01
3534	2.753500089919633e-01	2.754228703338166e-01
3841	2.647336048329174e-01	2.691534803926916e-01
3990	2.571153456626376e-01	2.630267991895382e-01
3991	2.525315628884478e-01	2.570395782768864e-01
4100	2.511009694075230e-01	2.511886431509580e-01
4342	2.363130774642830e-01	2.398832919019490e-01
4611	2.336709419079086e-01	2.344228815319922e-01
5374	2.246284698163020e-01	2.290867652767773e-01
5375	2.228104188439659e-01	2.238721138568339e-01
5401	2.158444619410552e-01	2.187761623949552e-01
6497	2.137938650438208e-01	2.137962089502232e-01
8079	2.089267878114829e-01	2.089296130854039e-01
8157	1.995974272969333e-01	2.041737944669530e-01
8288	1.995232629748271e-01	1.995262314968880e-01
9353	1.943010584417402e-01	1.949844599758045e-01
10893	1.891561422217904e-01	1.905460717963247e-01
13693	1.843069821592136e-01	1.862087136662867e-01
14332	1.819537178498695e-01	1.819700858609984e-01
14643	1.768206304858824e-01	1.778279410038923e-01
14876	1.693454070454750e-01	1.698243652461744e-01
17388	1.632263908421043e-01	1.659586907437560e-01
18109	1.612746688623607e-01	1.621810097358930e-01
18835	1.557921601176478e-01	1.584893192461113e-01
19233	1.543347357286942e-01	1.548816618912481e-01
19602	1.480152450994857e-01	1.513561248436208e-01
19845	1.479026256436863e-01	1.479108388168208e-01
21198	1.402418941333726e-01	1.412537544622754e-01
21445	1.379317664349938e-01	1.380384264602885e-01
24883	1.315793529604422e-01	1.318256738556407e-01
26696	1.288224369892222e-01	1.288249551693134e-01
29287	1.257462253417454e-01	1.258925411794167e-01
30276	1.230176440444593e-01	1.230268770812381e-01
30803	1.199838234120557e-01	1.202264434617413e-01
35187	1.173572321177105e-01	1.174897554939529e-01
36500	1.147014122694785e-01	1.148153621496883e-01
40932	1.120521979577603e-01	1.122018454301964e-01
45177	1.095893163362249e-01	1.096478196143185e-01
48886	1.068339552245500e-01	1.071519305237607e-01
55983	1.044948979804233e-01	1.047128548050900e-01
61446	1.021166591095283e-01	1.023292992280754e-01
66925	9.999974689703706e-02	1.000000000000000e-01
70606	9.722594740039026e-02	9.772372209558107e-02
75686	9.549339700364778e-02	9.549925860214359e-02
80720	9.319437013731779e-02	9.332543007969910e-02
87118	9.080207100316484e-02	9.120108393559097e-02
98883	8.824530112471596e-02	8.912509381337455e-02
104051	8.639372021266101e-02	8.709635899560805e-02
112381	8.510954935607828e-02	8.511380382023763e-02
125923	8.297455080771488e-02	8.317637711026708e-02
138818	8.128066883370999e-02	8.128305161640990e-02
144006	7.802620584900288e-02	7.943282347242814e-02
146835	7.761614704242059e-02	7.762471166286916e-02
148519	7.482707464617022e-02	7.585775750291836e-02
152876	7.413045281204345e-02	7.413102413009177e-02
161954	7.244358695606412e-02	7.244359600749903e-02
175002	7.078503529836710e-02	7.079457843841380e-02
194039	6.917954427468243e-02	6.918309709189366e-02
216221	6.760632810738165e-02	6.760829753919818e-02
217527	6.606887499022118e-02	6.606934480075961e-02
224526	6.451839817128024e-02	6.456542290346556e-02
247268	6.284059082745919e-02	6.309573444801933e-02
249209	6.151765092952410e-02	6.165950018614822e-02
268548	6.016031963273205e-02	6.025595860743578e-02
278130	5.731191363086596e-02	5.754399373371569e-02
291872	5.618594176712710e-02	5.623413251903491e-02
296495	5.446734818616084e-02	5.495408738576246e-02
305400	5.344178534002952e-02	5.370317963702527e-02
318532	5.211565829850784e-02	5.248074602497726e-02
332518	5.087524084488371e-02	5.128613839913648e-02
334477	5.004035475990265e-02	5.011872336272722e-02
371479	4.390364290758786e-02	4.466835921509630e-02
373217	4.333383657331091e-02	4.365158322401658e-02
384852	4.255587715585663e-02	4.265795188015926e-02
407108	4.168692343722236e-02	4.168693834703355e-02
414275	4.073695491902818e-02	4.073802778041128e-02
437731	3.981062772677246e-02	3.981071705534973e-02
452944	3.870572127002125e-02	3.890451449942807e-02
466635	3.801562725448826e-02	3.801893963205612e-02
491588	3.706773911598293e-02	3.715352290971726e-02
518251	3.622583419344694e-02	3.630780547701014e-02
538957	3.544434704524735e-02	3.548133892335755e-02
581298	3.467368149157057e-02	3.467368504525317e-02
593011	3.375105453089344e-02	3.388441561392026e-02
631039	3.305033000682778e-02	3.311311214825911e-02
644125	3.235861576515398e-02	3.235936569296283e-02
681455	3.123540493523402e-02	3.162277660168379e-02
705762	3.088734525658920e-02	3.090295432513590e-02
760523	3.017652996770448e-02	3.019951720402016e-02
804589	2.949440544782311e-02	2.951209226666385e-02
861685	2.883588231777257e-02	2.884031503126606e-02
873488	2.818378015423806e-02	2.818382931264454e-02
885455	2.741684357028840e-02	2.754228703338166e-02
927734	2.691243411656941e-02	2.691534803926915e-02
979915	2.617344323422832e-02	2.630267991895381e-02
1009324	2.558605314808293e-02	2.570395782768863e-02
1072170	2.501367092291018e-02	2.511886431509579e-02
1151632	2.454635173518960e-02	2.454708915685030e-02
1200000	2.419610590367105e-02	2.454708915685030e-02
%
% index = 3880, name = bbob_f013_i23_d20__bbob_f020_i24_d20
% instance = 11, reference value = 1.000000000000000e+00
% function evaluation | indicator value | target hit
1	6.421821654645781e-01	6.456542290346555e-01
2	5.857992902805440e-01	5.888436553555889e-01
103	5.680903412985590e-01	5.754399373371569e-01
160	5.560896826632168e-01	5.623413251903491e-01
185	5.480666194342980e-01	5.495408738576245e-01
220	5.260785374947466e-01	5.370317963702527e-01
236	5.241284767452200e-01	5.248074602497725e-01
285	5.048096493653663e-01	5.128613839913648e-01
300	4.901439788816528e-01	5.011872336272722e-01
337	4.897014903219433e-01	4.897788193684462e-01
475	4.780971055520983e-01	4.786300923226383e-01
579	4.669520232663451e-01	4.677351412871982e-01
706	4.570811884908081e-01	4.570881896148750e-01
899	4.389501623457065e-01	4.466835921509631e-01
952	4.349503135785555e-01	4.365158322401660e-01
970	4.065220002570228e-01	4.073802778041127e-01
1174	3.980967621626920e-01	3.981071705534972e-01
1393	3.885564276788270e-01	3.890451449942806e-01
1394	3.785536743124718e-01	3.801893963205612e-01
1715	3.679110557064903e-01	3.715352290971726e-01
1828	3.575820720655560e-01	3.630780547701014e-01
2391	3.547488491641502e-01	3.548133892335755e-01
2574	3.359795520156962e-01	3.388441561392025e-01
2804	3.310515330805672e-01	3.311311214825911e-01
3856	3.207000792044322e-01	3.235936569296283e-01
4078	3.142303663411363e-01	3.162277660168379e-01
6294	3.060535762388514e-01	3.090295432513591e-01
6458	2.998643736557408e-01	3.019951720402016e-01
10868	2.946742052472987e-01	2.951209226666385e-01
22487	2.879445077209782e-01	2.884031503126606e-01
32477	2.815685528410344e-01	2.818382931264454e-01
37084	2.750808164731247e-01	2.754228703338166e-01
37418	2.691427948460371e-01	2.691534803926916e-01
40542	2.614084381170395e-01	2.630267991895382e-01
43608	2.569472592028750e-01	2.570395782768864e-01
45355	2.510984802773606e-01	2.511886431509580e-01
46735	2.438022326314863e-01	2.454708915685030e-01
49531	2.398147245944167e-01	2.398832919019490e-01
55500	2.343845722223463e-01	2.344228815319922e-01
67141	2.290846436729123e-01	2.290867652767773e-01
81675	2.238282100875978e-01	2.238721138568339e-01
90658	2.186693551151653e-01	2.187761623949552e-01
103735	2.137254926290676e-01	2.137962089502232e-01
107802	2.087774790259503e-01	2.089296130854039e-01
111122	2.041687974517276e-01	2.041737944669530e-01
118788	1.994737254351433e-01	1.995262314968880e-01
127129	1.949822835920383e-01	1.949844599758045e-01
138820	1.904873182572984e-01	1.905460717963247e-01
159236	1.862077126295794e-01	1.862087136662867e-01
177972	1.819204599426542e-01	1.819700858609984e-01
198662	1.777895303310968e-01	1.778279410038923e-01
236963	1.737547790295472e-01	1.737800828749375e-01
313105	1.697203473862422e-01	1.698243652461744e-01
393878	1.659517517704489e-01	1.659586907437560e-01
503692	1.621579844639626e-01	1.621810097358930e-01
680523	1.584882664884869e-01	1.584893192461113e-01
1200001	1.557386308205037e-01	1.584893192461113e-01
%
% index = 3881, name = bbob_f013_i25_d20__bbob_f020_i26_d20
% instance = 12, reference value = 1.000000000000000e+00
% function evaluation | indicator value | target hit
1	7.960753419763908e-01	8.128305161640993e-01
15	7.475192328208452e-01	7.585775750291838e-01
45	7.372736085005007e-01	7.413102413009175e-01
98	7.235483670844857e-01	7.244359600749900e-01
136	6.610156665919639e-01	6.760829753919817e-01
169	6.606849367125579e-01	6.606934480075960e-01
170	6.439964440609059e-01	6.456542290346555e-01
271	6.307970334473179e-01	6.309573444801932e-01
301	6.126831723989909e-01	6.165950018614822e-01
347	6.018207278721497e-01	6.025595860743578e-01
489	5.887443308896900e-01	5.888436553555889e-01
572	5.582734795860481e-01	5.623413251903491e-01
643	5.354138800452086e-01	5.370317963702527e-01
778	5.247362410232974e-01	5.248074602497725e-01
922	5.124417955608765e-01	5.128613839913648e-01
1194	4.810166250869634e-01	4.897788193684462e-01
1314	4.781565550840978e-01	4.786300923226383e-01
1592	4.676709495374327e-01	4.677351412871982e-01
2050	4.536170759847608e-01	4.570881896148750e-01
2228	4.459138788901189e-01	4.466835921509631e-01
2557	4.191821587881528e-01	4.265795188015927e-01
2675	4.167736509791463e-01	4.168693834703354e-01
3074	4.069207374596383e-01	4.073802778041127e-01
3409	3.980780450059720e-01	3.981071705534972e-01
3579	3.830782265524252e-01	3.890451449942806e-01
4235	3.801654332368024e-01	3.801893963205612e-01
5132	3.714290731055339e-01	3.715352290971726e-01
6418	3.625546536523476e-01	3.630780547701014e-01
8201	3.524678481285879e-01	3.548133892335755e-01
8437	3.412903840485504e-01	3.467368504525316e-01
9597	3.353805787391416e-01	3.388441561392025e-01
12095	3.308110234056288e-01	3.311311214825911e-01
16724	3.207775992353096e-01	3.235936569296283e-01
18854	3.116164363255411e-01	3.162277660168379e-01
20269	3.090074361509753e-01	3.090295432513591e-01
22038	3.017391380837682e-01	3.019951720402016e-01
22719	2.896506543662739e-01	2.951209226666385e-01
22984	2.883871220195366e-01	2.884031503126606e-01
23554	2.811713220133150e-01	2.818382931264454e-01
26536	2.754191335709155e-01	2.754228703338166e-01
33463	2.673669008836641e-01	2.691534803926916e-01
39353	2.613050128169210e-01	2.630267991895382e-01
46946	2.567837446801911e-01	2.570395782768864e-01
61509	2.511741388294073e-01	2.511886431509580e-01
70584	2.444348538366703e-01	2.454708915685030e-01
77687	2.375359139236063e-01	2.398832919019490e-01
91569	2.343989275518750e-01	2.344228815319922e-01
110167	2.278218167530374e-01	2.290867652767773e-01
134755	2.219941588126695e-01	2.238721138568339e-01
147060	2.181264749193997e-01	2.187761623949552e-01
197900	2.134366975648104e-01	2.137962089502232e-01
230671	2.089278635743108e-01	2.089296130854039e-01
283019	2.040766214319041e-01	2.041737944669530e-01
303591	1.988335384699274e-01	1.995262314968880e-01
344373	1.949305332893841e-01	1.949844599758045e-01
412983	1.903329503971981e-01	1.905460717963247e-01
474242	1.854732766425330e-01	1.862087136662867e-01
526395	1.819618203007362e-01	1.819700858609984e-01
632671	1.778279402792964e-01	1.778279410038923e-01
700442	1.737795352549821e-01	1.737800828749375e-01
820401	1.695990076918770e-01	1.698243652461744e-01
1079476	1.658222668289530e-01	1.659586907437560e-01
1169130	1.620391815189819e-01	1.621810097358930e-01
1200000	1.611178133121379e-01	1.621810097358930e-01
%
% index = 3882, name = bbob_f013_i27_d20__bbob_f020_i28_d20
% instance = 13, reference value = 1.000000000000000e+00
% function evaluation | indicator value | target hit
1	8.672046480376060e-01	8.709635899560807e-01
5	8.507699365812534e-01	8.511380382023764e-01
11	8.236401465789773e-01	8.317637711026710e-01
39	8.109640778653158e-01	8.128305161640993e-01
111	7.927319161708776e-01	7.943282347242815e-01
168	7.551695027471290e-01	7.585775750291838e-01
171	6.902270564942043e-01	6.918309709189365e-01
236	6.738212251923789e-01	6.760829753919817e-01
257	6.194491869090376e-01	6.309573444801932e-01
307	6.149864563613521e-01	6.165950018614822e-01
330	5.895853042603476e-01	6.025595860743578e-01
366	5.855244413496827e-01	5.888436553555889e-01
379	5.740707125765018e-01	5.754399373371569e-01
393	5.534587480817005e-01	5.623413251903491e-01
422	4.971138186036455e-01	5.011872336272722e-01
451	4.873957720810614e-01	4.897788193684462e-01
606	4.786070034577786e-01	4.786300923226383e-01
642	4.626661566205315e-01	4.677351412871982e-01
755	4.561856308545899e-01	4.570881896148750e-01
784	4.448664955374126e-01	4.466835921509631e-01
975	4.305414393835802e-01	4.365158322401660e-01
1068	4.263552233628660e-01	4.265795188015927e-01
1108	4.115788312567246e-01	4.168693834703354e-01
1124	4.069384486212781e-01	4.073802778041127e-01
1442	3.976902479586605e-01	3.981071705534972e-01
1745	3.696088058541774e-01	3.715352290971726e-01
1793	3.627482290223497e-01	3.630780547701014e-01
1860	3.444974175668730e-01	3.467368504525316e-01
2369	3.379164175697179e-01	3.388441561392025e-01
2571	3.305118192818004e-01	3.311311214825911e-01
2631	3.232582085249047e-01	3.235936569296283e-01
3001	3.138813402860302e-01	3.162277660168379e-01
3321	3.085184896859069e-01	3.090295432513591e-01
5024	3.019484752351720e-01	3.019951720402016e-01
9454	2.951196368783925e-01	2.951209226666385e-01
14529	2.884027296596576e-01	2.884031503126606e-01
24294	2.788342307628727e-01	2.818382931264454e-01
25852	2.743578550221112e-01	2.754228703338166e-01
32602	2.691499624501424e-01	2.691534803926916e-01
38568	2.578988636581939e-01	2.630267991895382e-01
40157	2.570306395534782e-01	2.570395782768864e-01
46845	2.511852381181752e-01	2.511886431509580e-01
52314	2.435341601625032e-01	2.454708915685030e-01
53951	2.398496091853300e-01	2.398832919019490e-01
63006	2.342198858237722e-01	2.344228815319922e-01
80509	2.290838907814950e-01	2.290867652767773e-01
85871	2.232096550847308e-01	2.238721138568339e-01
101398	2.181420580887301e-01	2.187761623949552e-01
108142	2.137868254991907e-01	2.137962089502232e-01
122926	2.087305145964377e-01	2.089296130854039e-01
132080	2.026814585517368e-01	2.041737944669530e-01
143027	1.994375474320607e-01	1.995262314968880e-01
165222	1.949223417591912e-01	1.949844599758045e-01
203573	1.905429758737618e-01	1.905460717963247e-01
255774	1.862073457596064e-01	1.862087136662867e-01
322169	1.819285416577934e-01	1.819700858609984e-01
389939	1.778264289310881e-01	1.778279410038923e-01
488834	1.737737328344739e-01	1.737800828749375e-01
638109	1.695549728580096e-01	1.698243652461744e-01
812820	1.659442308562731e-01	1.659586907437560e-01
1042059	1.621804247577350e-01	1.621810097358930e-01
1200000	1.608278297516073e-01	1.621810097358930e-01
%
% index = 3883, name = bbob_f013_i29_d20__bbob_f020_i30_d20
% instance = 14, reference value = 1.000000000000000e+00
% function evaluation | indicator value | target hit
1	7.730998154194556e-01	7.762471166286917e-01
8	7.514463414016768e-01	7.585775750291838e-01
39	7.381378382251340e-01	7.413102413009175e-01
73	7.090074482375051e-01	7.244359600749900e-01
129	7.046661006402006e-01	7.079457843841379e-01
170	6.652293909040139e-01	6.760829753919817e-01
207	6.594758762976388e-01	6.606934480075960e-01
282	6.439045639176666e-01	6.456542290346555e-01
335	6.202325891036382e-01	6.309573444801932e-01
365	6.147067688049273e-01	6.165950018614822e-01
432	6.002886207953425e-01	6.025595860743578e-01
506	5.815830998929914e-01	5.888436553555889e-01
532	5.503587847542888e-01	5.623413251903491e-01
576	5.492678511871275e-01	5.495408738576245e-01
784	5.335060491188786e-01	5.370317963702527e-01
847	5.222926641987096e-01	5.248074602497725e-01
1101	5.111797416335817e-01	5.128613839913648e-01
1297	5.001447829822264e-01	5.011872336272722e-01
1440	4.845446553493837e-01	4.897788193684462e-01
1459	4.780330557172568e-01	4.786300923226383e-01
1867	4.671543634984031e-01	4.677351412871982e-01
1995	4.335749627704788e-01	4.365158322401660e-01
2351	4.261918639167560e-01	4.265795188015927e-01
3464	4.165949641659566e-01	4.168693834703354e-01
3478	4.053919575296596e-01	4.073802778041127e-01
3779	3.974779234780805e-01	3.981071705534972e-01
4048	3.866270229152295e-01	3.890451449942806e-01
4157	3.710999247337136e-01	3.715352290971726e-01
5804	3.613964113296033e-01	3.630780547701014e-01
6991	3.548112805032848e-01	3.548133892335755e-01
9036	3.453769500734339e-01	3.467368504525316e-01
10345	3.357018444668157e-01	3.388441561392025e-01
12354	3.309933184680096e-01	3.311311214825911e-01
13846	3.234611375993772e-01	3.235936569296283e-01
14457	3.134974090706950e-01	3.162277660168379e-01
17103	3.085640350425464e-01	3.090295432513591e-01
18404	3.019948405343706e-01	3.019951720402016e-01
20082	2.918886799234708e-01	2.951209226666385e-01
20674	2.884007294885266e-01	2.884031503126606e-01
23459	2.817775273094763e-01	2.818382931264454e-01
26344	2.754214986729306e-01	2.754228703338166e-01
31798	2.691110782212741e-01	2.691534803926916e-01
33317	2.616565079194074e-01	2.630267991895382e-01
37895	2.570264042856043e-01	2.570395782768864e-01
50334	2.511885986354387e-01	2.511886431509580e-01
55763	2.453045835153959e-01	2.454708915685030e-01
67699	2.398831740521357e-01	2.398832919019490e-01
81685	2.344199405062869e-01	2.344228815319922e-01
92265	2.289520721098651e-01	2.290867652767773e-01
106350	2.238716208433911e-01	2.238721138568339e-01
118260	2.183370612964513e-01	2.187761623949552e-01
132820	2.137921787174846e-01	2.137962089502232e-01
155618	2.076777451926747e-01	2.089296130854039e-01
164093	2.040976362382262e-01	2.041737944669530e-01
181909	1.995195682158672e-01	1.995262314968880e-01
206925	1.942598640742479e-01	1.949844599758045e-01
270140	1.900562668934359e-01	1.905460717963247e-01
331884	1.861159362047755e-01	1.862087136662867e-01
378394	1.808766434460003e-01	1.819700858609984e-01
449706	1.776649328601902e-01	1.778279410038923e-01
479033	1.737790445042288e-01	1.737800828749375e-01
561506	1.697990228032921e-01	1.698243652461744e-01
637074	1.659241539579849e-01	1.659586907437560e-01
786993	1.621802351762750e-01	1.621810097358930e-01
910155	1.584716867373528e-01	1.584893192461113e-01
1041133	1.548811016204236e-01	1.548816618912481e-01
1200001	1.526048640258573e-01	1.548816618912481e-01
%
% index = 3884, name = bbob_f013_i31_d20__bbob_f020_i34_d20
% instance = 15, reference value = 1.000000000000000e+00
% function evaluation | indicator value | target hit
1	7.961950430832134e-01	8.128305161640993e-01
6	7.452471244219512e-01	7.585775750291838e-01
19	7.400667316328459e-01	7.413102413009175e-01
81	7.231168395721819e-01	7.244359600749900e-01
93	6.666621108278411e-01	6.760829753919817e-01
136	6.591526843349800e-01	6.606934480075960e-01
151	6.378848059672495e-01	6.456542290346555e-01
158	6.284343648570792e-01	6.309573444801932e-01
341	6.165913714473066e-01	6.165950018614822e-01
470	6.007724319486469e-01	6.025595860743578e-01
491	5.445278999689850e-01	5.495408738576245e-01
556	5.353850030262117e-01	5.370317963702527e-01
583	5.189851953307918e-01	5.248074602497725e-01
651	5.123845557044943e-01	5.128613839913648e-01
727	5.011744591427988e-01	5.011872336272722e-01
793	4.809294630406590e-01	4.897788193684462e-01
809	4.648763428368698e-01	4.677351412871982e-01
824	4.480816334015344e-01	4.570881896148750e-01
864	4.438080767186330e-01	4.466835921509631e-01
921	4.129322941742525e-01	4.168693834703354e-01
1075	3.947759770760936e-01	3.981071705534972e-01
1165	3.890421408519057e-01	3.890451449942806e-01
1315	3.777266805629976e-01	3.801893963205612e-01
1572	3.551073877388106e-01	3.630780547701014e-01
1724	3.548086475272153e-01	3.548133892335755e-01
1785	3.369631575942179e-01	3.388441561392025e-01
2002	3.254286375596891e-01	3.311311214825911e-01
2383	3.227924859528308e-01	3.235936569296283e-01
3011	3.057949345842531e-01	3.090295432513591e-01
3503	2.981540000189822e-01	3.019951720402016e-01
3860	2.913161396203005e-01	2.951209226666385e-01
4424	2.879097106980677e-01	2.884031503126606e-01
6869	2.817691956144749e-01	2.818382931264454e-01
11828	2.753754753243105e-01	2.754228703338166e-01
20020	2.682998662116415e-01	2.691534803926916e-01
21766	2.612072496017572e-01	2.630267991895382e-01
25217	2.522686236498578e-01	2.570395782768864e-01
28035	2.506062704622559e-01	2.511886431509580e-01
31200	2.452748954380756e-01	2.454708915685030e-01
38871	2.398806347617306e-01	2.398832919019490e-01
52366	2.311670462540840e-01	2.344228815319922e-01
64151	2.290865841196584e-01	2.290867652767773e-01
71348	2.233252967500147e-01	2.238721138568339e-01
78742	2.186536855258780e-01	2.187761623949552e-01
86660	2.127186529698125e-01	2.137962089502232e-01
87706	2.083774694155633e-01	2.089296130854039e-01
94345	2.038570163574763e-01	2.041737944669530e-01
102898	1.995152362113000e-01	1.995262314968880e-01
104047	1.943999326628786e-01	1.949844599758045e-01
123045	1.905451785590817e-01	1.905460717963247e-01
143260	1.853579864209668e-01	1.862087136662867e-01
151899	1.809790422576563e-01	1.819700858609984e-01
160170	1.778278299924460e-01	1.778279410038923e-01
168418	1.737785183388780e-01	1.737800828749375e-01
194335	1.698230123566091e-01	1.698243652461744e-01
214544	1.647418972111828e-01	1.659586907437560e-01
231314	1.602124423421378e-01	1.621810097358930e-01
245912	1.584689579827970e-01	1.584893192461113e-01
270344	1.542069560394410e-01	1.548816618912481e-01
339577	1.508259666794871e-01	1.513561248436208e-01
450771	1.476626301633845e-01	1.479108388168208e-01
633241	1.439575153588736e-01	1.445439770745928e-01
884055	1.407989291391608e-01	1.412537544622754e-01
1095566	1.379309203671294e-01	1.380384264602885e-01
1200001	1.361769607687239e-01	1.380384264602885e-01
