%
% index = 570, name = bbob_f013_i02_d02__bbob_f020_i04_d02
% instance = 1, reference value = 9.042260412314840e-01
% function evaluation | indicator value | target hit
1	3.843078786913952e-01	3.890451449942806e-01
48	3.436832434747218e-01	3.467368504525316e-01
70	3.192900079412441e-01	3.235936569296283e-01
87	3.123105660201980e-01	3.162277660168379e-01
90	2.957284131018701e-01	3.019951720402016e-01
189	2.948828513158129e-01	2.951209226666385e-01
229	2.883375293969874e-01	2.884031503126606e-01
261	2.802533097542217e-01	2.818382931264454e-01
271	2.145623560859391e-01	2.187761623949552e-01
286	2.125096375587495e-01	2.137962089502232e-01
360	2.084993050914291e-01	2.089296130854039e-01
456	2.041115639147836e-01	2.041737944669530e-01
587	1.947835694594813e-01	1.949844599758045e-01
642	1.880155854183470e-01	1.905460717963247e-01
1196	1.859406096537706e-01	1.862087136662867e-01
1564	1.740724825576000e-01	1.778279410038923e-01
1621	1.721476424166171e-01	1.737800828749375e-01
1968	1.220886787908826e-01	1.230268770812381e-01
2617	1.201173973914322e-01	1.202264434617413e-01
2932	1.104120076101244e-01	1.122018454301964e-01
5068	8.414841338055901e-02	8.511380382023763e-02
5567	8.308222426584566e-02	8.317637711026708e-02
5568	7.505300250046720e-02	7.585775750291836e-02
7549	7.103101843241522e-02	7.244359600749903e-02
7597	7.074241443618001e-02	7.079457843841380e-02
14147	5.679464839446946e-02	5.754399373371569e-02
18534	5.243261222312612e-02	5.248074602497726e-02
19015	4.361181207815179e-02	4.365158322401658e-02
19773	4.261891324259726e-02	4.265795188015926e-02
39546	4.168265238946622e-02	4.168693834703355e-02
42323	3.596446972470657e-02	3.630780547701014e-02
48661	2.800568533760406e-02	2.818382931264454e-02
49439	2.576174663654707e-02	2.630267991895381e-02
49680	2.345204738417317e-02	2.398832919019490e-02
49715	2.343173730097270e-02	2.344228815319923e-02
51839	2.202525462044580e-02	2.238721138568340e-02
58369	2.187761217728112e-02	2.187761623949553e-02
62851	1.517251708342404e-02	1.548816618912481e-02
64487	1.502277663704943e-02	1.513561248436208e-02
68030	1.367964120465281e-02	1.380384264602885e-02
71054	1.114034496716143e-02	1.122018454301964e-02
76607	1.096470497384905e-02	1.096478196143185e-02
77361	9.056908910528794e-03	9.120108393559097e-03
89065	6.841847404717383e-03	6.918309709189363e-03
91275	5.711435295613132e-03	5.754399373371567e-03
99820	5.582185176457810e-03	5.623413251903491e-03
102869	3.725739375767589e-03	3.801893963205613e-03
103832	2.330145341927659e-03	2.344228815319923e-03
105168	2.253643846982900e-03	2.290867652767772e-03
107180	2.144551610883894e-03	2.187761623949552e-03
108102	2.137794435192242e-03	2.137962089502233e-03
111479	2.083497523699962e-03	2.089296130854039e-03
112902	1.997750871923554e-03	2.041737944669530e-03
113609	1.995261454206032e-03	1.995262314968879e-03
119074	1.147807780203736e-03	1.148153621496883e-03
120001	1.144577796475477e-03	1.148153621496883e-03
%
% index = 571, name = bbob_f013_i03_d02__bbob_f020_i05_d02
% instance = 2, reference value = 9.836377777213700e-01
% function evaluation | indicator value | target hit
1	7.395627599071682e+00	7.413102413009175e+00
2	7.411750625310153e-01	7.413102413009175e-01
17	6.355946753405175e-01	6.456542290346555e-01
54	6.201430313788352e-01	6.309573444801932e-01
86	4.908305697170027e-01	5.011872336272722e-01
232	2.385064825867974e-01	2.398832919019490e-01
287	2.186460079646356e-01	2.187761623949552e-01
312	1.911704029829343e-01	1.949844599758045e-01
394	1.712868621395822e-01	1.737800828749375e-01
421	8.247097505898371e-02	8.317637711026708e-02
423	8.059962166044887e-02	8.128305161640990e-02
432	6.822430329059881e-02	6.918309709189366e-02
453	6.701254966319603e-02	6.760829753919818e-02
470	6.059214191560314e-02	6.165950018614822e-02
499	5.934980689632052e-02	6.025595860743578e-02
504	5.743865057809616e-02	5.754399373371569e-02
618	5.008902352013200e-02	5.011872336272722e-02
702	4.821334288864054e-02	4.897788193684462e-02
734	4.783216098786314e-02	4.786300923226382e-02
765	3.647148888314689e-02	3.715352290971726e-02
766	3.597808256166735e-02	3.630780547701014e-02
806	3.540014389310620e-02	3.548133892335755e-02
894	3.333764501251568e-02	3.388441561392026e-02
931	3.021627408138727e-02	3.090295432513590e-02
939	3.018530623185278e-02	3.019951720402016e-02
1197	2.950350196576323e-02	2.951209226666385e-02
1267	2.392009040182919e-02	2.398832919019490e-02
1337	2.306973837516380e-02	2.344228815319923e-02
1633	1.845210722124901e-02	1.862087136662868e-02
1658	1.021307817622852e-02	1.023292992280754e-02
1775	9.997035742341787e-03	1.000000000000000e-02
1801	9.399246457921784e-03	9.549925860214359e-03
2216	9.316004465069749e-03	9.332543007969915e-03
2311	8.732633933992484e-03	8.912509381337459e-03
2376	8.704814484046142e-03	8.709635899560805e-03
2379	8.471565585959961e-03	8.511380382023767e-03
2456	7.995286375637511e-03	8.128305161640995e-03
2535	7.751929402051272e-03	7.762471166286920e-03
2543	7.555737820317932e-03	7.585775750291836e-03
3189	7.312035845728260e-03	7.413102413009177e-03
3192	6.878854100050069e-03	6.918309709189363e-03
3482	6.757131903136315e-03	6.760829753919818e-03
4774	6.527250375308991e-03	6.606934480075957e-03
6330	6.348229697516916e-03	6.456542290346556e-03
8424	6.309138043039231e-03	6.309573444801930e-03
8878	6.102670428480339e-03	6.165950018614822e-03
8993	5.925641679038862e-03	6.025595860743574e-03
9152	5.667931249521252e-03	5.754399373371567e-03
9269	5.619655029228454e-03	5.623413251903491e-03
11899	4.333538644773149e-03	4.365158322401661e-03
13060	3.500609725557435e-03	3.548133892335753e-03
13196	3.452810582598276e-03	3.467368504525317e-03
13262	3.150134042744668e-03	3.162277660168379e-03
17948	3.084262257320836e-03	3.090295432513592e-03
18322	2.598774473609677e-03	2.630267991895381e-03
23406	2.568932841196747e-03	2.570395782768865e-03
26626	2.503736845154370e-03	2.511886431509579e-03
26866	2.438172099097358e-03	2.454708915685031e-03
26933	2.359306043431930e-03	2.398832919019490e-03
27594	2.343575810657139e-03	2.344228815319923e-03
29328	2.277825830199864e-03	2.290867652767772e-03
39315	2.238259331190373e-03	2.238721138568340e-03
45904	2.187723935928698e-03	2.187761623949552e-03
53614	1.965893397855911e-03	1.995262314968879e-03
64396	1.949604863140220e-03	1.949844599758046e-03
69328	1.905304671710240e-03	1.905460717963246e-03
71448	1.861623236398491e-03	1.862087136662868e-03
89435	1.816495119970063e-03	1.819700858609983e-03
91162	1.761133650278746e-03	1.778279410038923e-03
98027	1.726986996036350e-03	1.737800828749376e-03
98781	1.646649402113787e-03	1.659586907437561e-03
109254	1.621098273381971e-03	1.621810097358930e-03
120001	1.598959598020255e-03	1.621810097358930e-03
%
% index = 572, name = bbob_f013_i07_d02__bbob_f020_i08_d02
% instance = 3, reference value = 9.792013511605400e-01
% function evaluation | indicator value | target hit
1	7.278239824024112e+01	7.413102413009177e+01
11	4.552754171056621e+01	4.570881896148749e+01
21	1.136549567625154e+01	1.148153621496883e+01
40	3.090990178164040e+00	3.162277660168380e+00
174	1.333175218069040e+00	1.348962882591654e+00
177	7.786392261683267e-01	7.943282347242815e-01
321	5.427000221543852e-01	5.495408738576245e-01
322	3.067635124751258e-01	3.090295432513591e-01
331	1.980016085397684e-01	1.995262314968880e-01
402	1.892947284465062e-01	1.905460717963247e-01
421	1.064672716529222e-01	1.071519305237607e-01
436	7.201304459445368e-02	7.244359600749903e-02
461	7.068178502856692e-02	7.079457843841380e-02
463	5.957809786798585e-02	6.025595860743578e-02
468	5.650131921284507e-02	5.754399373371569e-02
499	4.304861466530552e-02	4.365158322401658e-02
502	4.254957971742090e-02	4.265795188015926e-02
514	4.153329993354704e-02	4.168693834703355e-02
524	3.943547953101967e-02	3.981071705534973e-02
541	3.665881915841396e-02	3.715352290971726e-02
553	3.615562354516566e-02	3.630780547701014e-02
569	3.470651215243548e-02	3.548133892335755e-02
592	3.465786991480801e-02	3.467368504525317e-02
596	2.969017894630288e-02	3.019951720402016e-02
626	2.423553384194721e-02	2.454708915685030e-02
629	2.373590566029382e-02	2.398832919019490e-02
639	2.258355698698045e-02	2.290867652767773e-02
640	2.161470883325101e-02	2.187761623949553e-02
652	2.048530786059388e-02	2.089296130854040e-02
670	1.905275527908967e-02	1.905460717963247e-02
700	1.825933226547816e-02	1.862087136662868e-02
705	1.817155850057095e-02	1.819700858609984e-02
717	1.684736496483208e-02	1.698243652461744e-02
726	1.566069021917960e-02	1.584893192461113e-02
729	1.447298978780132e-02	1.479108388168207e-02
738	1.359367283786339e-02	1.380384264602885e-02
773	1.341371475079656e-02	1.348962882591653e-02
777	1.190284658275176e-02	1.202264434617413e-02
792	1.157002692549414e-02	1.174897554939530e-02
806	1.084926728628632e-02	1.096478196143185e-02
818	1.050851214494186e-02	1.071519305237606e-02
838	1.035224727485384e-02	1.047128548050900e-02
907	1.013359101361488e-02	1.023292992280754e-02
970	9.926180220776404e-03	1.000000000000000e-02
1002	9.751424369826345e-03	9.772372209558112e-03
1149	9.491944932517593e-03	9.549925860214359e-03
1200	9.330180140700528e-03	9.332543007969915e-03
1233	9.110837497002477e-03	9.120108393559097e-03
1587	8.892524285583958e-03	8.912509381337459e-03
1592	7.593706490375496e-03	7.762471166286920e-03
1602	7.560661569263938e-03	7.585775750291836e-03
1694	7.408203215544806e-03	7.413102413009177e-03
2426	7.201847706419295e-03	7.244359600749898e-03
3189	7.079448146542155e-03	7.079457843841380e-03
4771	6.832410693661251e-03	6.918309709189363e-03
4888	6.622576696285409e-03	6.760829753919818e-03
4928	6.449652115015247e-03	6.456542290346556e-03
5274	6.222902588517321e-03	6.309573444801930e-03
5449	6.154313686266288e-03	6.165950018614822e-03
5955	6.025260255228093e-03	6.025595860743574e-03
9214	5.883733697759408e-03	5.888436553555890e-03
9226	5.660757577148456e-03	5.754399373371567e-03
11817	5.623181053850512e-03	5.623413251903491e-03
28819	5.250626378451972e-03	5.370317963702527e-03
36329	5.248074589291440e-03	5.248074602497728e-03
120001	5.160795211923142e-03	5.248074602497728e-03
%
% index = 573, name = bbob_f013_i09_d02__bbob_f020_i10_d02
% instance = 4, reference value = 9.783077127310350e-01
% function evaluation | indicator value | target hit
1	9.251700777653808e+01	9.332543007969910e+01
12	1.729656284273727e+01	1.737800828749375e+01
32	1.279470538960431e+01	1.288249551693134e+01
47	7.796618495391671e+00	7.943282347242816e+00
130	9.851206630815349e-01	1.000000000000000e+00
193	6.006547296858342e-01	6.025595860743578e-01
221	2.960939411523488e-01	3.019951720402016e-01
228	2.829101229009170e-01	2.884031503126606e-01
255	2.643181671683991e-01	2.691534803926916e-01
258	2.594662136078248e-01	2.630267991895382e-01
259	1.623375408363170e-01	1.659586907437560e-01
267	1.352769018762529e-01	1.380384264602885e-01
274	1.338194222560122e-01	1.348962882591654e-01
279	1.168926808966581e-01	1.174897554939529e-01
298	1.100898806471992e-01	1.122018454301964e-01
307	1.081596964832416e-01	1.096478196143185e-01
335	1.001043791088343e-01	1.023292992280754e-01
339	7.509493304192449e-02	7.585775750291836e-02
354	6.186636611088858e-02	6.309573444801933e-02
362	6.085308095322406e-02	6.165950018614822e-02
373	5.940901203239479e-02	6.025595860743578e-02
403	4.761304082135787e-02	4.786300923226382e-02
428	4.055201127278973e-02	4.073802778041128e-02
430	3.486943089963224e-02	3.548133892335755e-02
431	3.343206876123894e-02	3.388441561392026e-02
445	3.068479423388515e-02	3.090295432513590e-02
497	3.001944769867904e-02	3.019951720402016e-02
519	2.883975714622544e-02	2.884031503126606e-02
591	2.811528899980076e-02	2.818382931264454e-02
606	1.994313207993692e-02	1.995262314968880e-02
627	1.835831953158851e-02	1.862087136662868e-02
633	1.654637291784888e-02	1.659586907437561e-02
663	1.597614113453394e-02	1.621810097358930e-02
664	1.443116712761017e-02	1.445439770745927e-02
721	9.908564674776854e-03	1.000000000000000e-02
722	9.335274569102214e-03	9.549925860214359e-03
733	9.321632899104815e-03	9.332543007969915e-03
741	8.218133151557061e-03	8.317637711026709e-03
1010	7.700830554534410e-03	7.762471166286920e-03
1011	7.313199455074693e-03	7.413102413009177e-03
1019	7.131612313211133e-03	7.244359600749898e-03
1032	7.061985287670325e-03	7.079457843841380e-03
1038	6.334647989618802e-03	6.456542290346556e-03
1056	6.309117518732532e-03	6.309573444801930e-03
1057	6.121887838135720e-03	6.165950018614822e-03
1102	5.572953172643502e-03	5.623413251903491e-03
1118	5.469897273645441e-03	5.495408738576248e-03
1610	5.361804256298952e-03	5.370317963702527e-03
1617	5.121693559890561e-03	5.128613839913648e-03
1675	4.712978383770272e-03	4.786300923226385e-03
1725	4.646232416114282e-03	4.677351412871981e-03
2334	4.533300587450273e-03	4.570881896148752e-03
2346	4.443857588645184e-03	4.466835921509630e-03
2353	4.316562199689011e-03	4.365158322401661e-03
2469	4.060320501761083e-03	4.073802778041126e-03
3391	3.769455727558269e-03	3.801893963205613e-03
3504	3.703411419835434e-03	3.715352290971724e-03
3574	3.617403440549838e-03	3.630780547701014e-03
3580	3.465424329678668e-03	3.467368504525317e-03
3615	2.958900997610869e-03	3.019951720402016e-03
3668	2.949534696215506e-03	2.951209226666387e-03
5104	2.863759196367499e-03	2.884031503126605e-03
5231	2.777614563095998e-03	2.818382931264455e-03
5361	2.753408821452474e-03	2.754228703338166e-03
5406	2.669208731357786e-03	2.691534803926917e-03
7432	2.624572296020977e-03	2.630267991895381e-03
7593	2.569465222610035e-03	2.570395782768865e-03
7600	2.358743322826484e-03	2.398832919019490e-03
7735	2.336321314331813e-03	2.344228815319923e-03
10589	2.290336452197228e-03	2.290867652767772e-03
10754	2.221756108116146e-03	2.238721138568340e-03
10983	2.187229676228641e-03	2.187761623949552e-03
14881	2.133455947776031e-03	2.137962089502233e-03
15158	2.084986614168116e-03	2.089296130854039e-03
15503	2.036478206171921e-03	2.041737944669530e-03
15975	1.993819510695660e-03	1.995262314968879e-03
21425	1.946074922611229e-03	1.949844599758046e-03
22196	1.904447296673495e-03	1.905460717963246e-03
29249	1.860566786098583e-03	1.862087136662868e-03
30910	1.818576018461915e-03	1.819700858609983e-03
31300	1.767384163748331e-03	1.778279410038923e-03
33164	1.737411121248367e-03	1.737800828749376e-03
34606	1.695127680617636e-03	1.698243652461744e-03
37124	1.659213452159247e-03	1.659586907437561e-03
40078	1.621784228381995e-03	1.621810097358930e-03
56791	1.584535116834096e-03	1.584893192461114e-03
57481	1.343723335626379e-03	1.348962882591653e-03
60011	1.314977500984416e-03	1.318256738556408e-03
60104	1.287863636791564e-03	1.288249551693134e-03
66290	1.258680106330012e-03	1.258925411794167e-03
74297	1.228253940637747e-03	1.230268770812381e-03
88067	1.201991378958933e-03	1.202264434617413e-03
94445	1.174585614190149e-03	1.174897554939529e-03
99560	1.123135468440228e-03	1.148153621496883e-03
100429	1.121528423107532e-03	1.122018454301963e-03
102217	1.096211736468788e-03	1.096478196143185e-03
116108	1.071434941693372e-03	1.071519305237606e-03
120001	1.067651702465922e-03	1.071519305237606e-03
%
% index = 574, name = bbob_f013_i11_d02__bbob_f020_i12_d02
% instance = 5, reference value = 9.862756188895400e-01
% function evaluation | indicator value | target hit
1	6.672934684702386e-01	6.760829753919817e-01
4	6.598860234135595e-01	6.606934480075960e-01
5	6.267930101666213e-01	6.309573444801932e-01
11	5.291648626742689e-01	5.370317963702527e-01
23	5.186234632283763e-01	5.248074602497725e-01
65	4.308328165744221e-01	4.365158322401660e-01
83	7.380526682759225e-02	7.413102413009177e-02
95	7.109647251734519e-02	7.244359600749903e-02
102	5.322931666114605e-02	5.370317963702527e-02
165	5.186858901227254e-02	5.248074602497726e-02
189	5.072650900796449e-02	5.128613839913648e-02
214	4.982414620755193e-02	5.011872336272722e-02
216	4.844210920419378e-02	4.897788193684462e-02
296	4.622475302260398e-02	4.677351412871981e-02
360	4.566902537985684e-02	4.570881896148749e-02
369	3.599404499909187e-02	3.630780547701014e-02
397	3.350559113607554e-02	3.388441561392026e-02
406	3.309580783813115e-02	3.311311214825911e-02
467	2.663950391727121e-02	2.691534803926915e-02
586	2.602039346780594e-02	2.630267991895381e-02
770	2.262238680036965e-02	2.290867652767773e-02
849	2.173209503261797e-02	2.187761623949553e-02
1245	2.137918249801740e-02	2.137962089502233e-02
1364	2.082140204556804e-02	2.089296130854040e-02
1384	1.881226045085460e-02	1.905460717963247e-02
1401	1.815780975355719e-02	1.819700858609984e-02
1802	1.736194313324491e-02	1.737800828749375e-02
1892	1.669981016148370e-02	1.698243652461744e-02
2508	1.478885662753093e-02	1.479108388168207e-02
3267	9.259721023508138e-03	9.332543007969915e-03
3369	8.585615441539352e-03	8.709635899560805e-03
3432	7.919073440247892e-03	7.943282347242814e-03
3475	7.089613584308818e-03	7.244359600749898e-03
3555	6.947419971034319e-03	7.079457843841380e-03
3632	6.917317083232843e-03	6.918309709189363e-03
5117	6.756222677994139e-03	6.760829753919818e-03
5143	6.592721906243826e-03	6.606934480075957e-03
13558	6.359544573435016e-03	6.456542290346556e-03
13594	6.001914774867001e-03	6.025595860743574e-03
18816	5.879208574820827e-03	5.888436553555890e-03
25569	5.178760054785125e-03	5.248074602497728e-03
25653	4.971813551502335e-03	5.011872336272725e-03
29625	4.631616193032095e-03	4.677351412871981e-03
34031	4.533954044895094e-03	4.570881896148752e-03
35640	4.427683252198111e-03	4.466835921509630e-03
36308	4.263657149192968e-03	4.265795188015926e-03
37752	3.872995612873908e-03	3.890451449942805e-03
38727	3.763896479519468e-03	3.801893963205613e-03
41632	3.688433216749498e-03	3.715352290971724e-03
42230	3.621560283133984e-03	3.630780547701014e-03
94026	3.517667987533390e-03	3.548133892335753e-03
120000	3.517483911738339e-03	3.548133892335753e-03
%
% index = 575, name = bbob_f013_i13_d02__bbob_f020_i14_d02
% instance = 6, reference value = 9.969527301311100e-01
% function evaluation | indicator value | target hit
1	6.480612418889728e-01	6.606934480075960e-01
5	5.328448263762999e-01	5.370317963702527e-01
10	4.663237769725862e-01	4.677351412871982e-01
16	3.350699158545356e-01	3.388441561392025e-01
21	3.121615433324830e-01	3.162277660168379e-01
24	1.538933495803623e-01	1.548816618912481e-01
88	1.081848862016439e-01	1.096478196143185e-01
113	8.962940164720834e-02	9.120108393559097e-02
116	8.867488874689600e-02	8.912509381337455e-02
143	8.227683000353136e-02	8.317637711026708e-02
198	7.277526462345107e-02	7.413102413009177e-02
205	7.177770172715514e-02	7.244359600749903e-02
230	6.330993197800339e-02	6.456542290346556e-02
233	6.254711523416912e-02	6.309573444801933e-02
257	3.344933038764031e-02	3.388441561392026e-02
328	2.957916338408972e-02	3.019951720402016e-02
458	2.516661913533980e-02	2.570395782768863e-02
459	2.379899426653609e-02	2.398832919019490e-02
491	2.203220845373266e-02	2.238721138568340e-02
506	1.806345814259513e-02	1.819700858609984e-02
591	1.741584639007943e-02	1.778279410038923e-02
604	1.683397604665693e-02	1.698243652461744e-02
620	1.362330050980620e-02	1.380384264602885e-02
621	1.004370081585548e-02	1.023292992280754e-02
622	8.994158350233761e-03	9.120108393559097e-03
623	4.998421224665095e-03	5.011872336272725e-03
628	4.852965426318190e-03	4.897788193684461e-03
654	4.406785266977797e-03	4.466835921509630e-03
655	4.265855989797784e-03	4.365158322401661e-03
698	4.252284149796171e-03	4.265795188015926e-03
728	4.119911396464393e-03	4.168693834703355e-03
821	4.072740013179255e-03	4.073802778041126e-03
913	3.971900431055331e-03	3.981071705534973e-03
924	3.354599256589319e-03	3.388441561392024e-03
972	3.311036983139948e-03	3.311311214825911e-03
1001	3.025409676523427e-03	3.090295432513592e-03
1007	2.892172988863462e-03	2.951209226666387e-03
1083	2.873487178721823e-03	2.884031503126605e-03
1684	2.817341296021070e-03	2.818382931264455e-03
1692	2.753131959554955e-03	2.754228703338166e-03
1746	1.979462253197117e-03	1.995262314968879e-03
1773	1.928873085934701e-03	1.949844599758046e-03
1775	1.900408243509566e-03	1.905460717963246e-03
2200	1.861890916555753e-03	1.862087136662868e-03
2358	1.818208977880542e-03	1.819700858609983e-03
2868	1.641014040609456e-03	1.659586907437561e-03
3572	1.601425738900097e-03	1.621810097358930e-03
3644	1.393777266233465e-03	1.412537544622754e-03
3718	1.316601622149416e-03	1.318256738556408e-03
3733	1.203399840493335e-03	1.230268770812381e-03
3752	1.202211599264258e-03	1.202264434617413e-03
4620	1.003058743648033e-03	1.023292992280754e-03
4666	9.985339642192281e-04	1.000000000000000e-03
6205	9.193907068443252e-04	9.332543007969915e-04
6223	8.564109168974765e-04	8.709635899560805e-04
6323	8.335631454347014e-04	8.511380382023768e-04
6395	8.317166186340152e-04	8.317637711026709e-04
6491	5.687366357041146e-04	5.754399373371566e-04
6572	5.583844900464152e-04	5.623413251903491e-04
8664	5.495078675851195e-04	5.495408738576248e-04
8860	4.790149842640590e-04	4.897788193684461e-04
8862	4.786219342376441e-04	4.786300923226385e-04
9243	4.676146947407700e-04	4.677351412871981e-04
12071	4.570536576500306e-04	4.570881896148752e-04
12432	4.465186850265424e-04	4.466835921509630e-04
15953	3.723829302856307e-04	3.801893963205612e-04
15980	3.715190803018631e-04	3.715352290971724e-04
16372	1.947011407699151e-04	1.949844599758046e-04
16564	1.835899434818877e-04	1.862087136662868e-04
16673	1.753163362980814e-04	1.778279410038923e-04
16791	1.736065110495844e-04	1.737800828749376e-04
16817	1.607188722440034e-04	1.621810097358930e-04
21675	1.363016055404564e-04	1.380384264602885e-04
21773	1.154443283883921e-04	1.174897554939529e-04
21866	1.141106675012216e-04	1.148153621496883e-04
22113	1.118721395533262e-04	1.122018454301963e-04
22478	1.096395710922238e-04	1.096478196143185e-04
22829	1.071349057190085e-04	1.071519305237606e-04
29584	1.047127952809035e-04	1.047128548050900e-04
30355	1.023291307205021e-04	1.023292992280754e-04
31372	9.999779604830117e-05	1.000000000000000e-04
32600	9.769775781331980e-05	9.772372209558111e-05
32771	6.375283072246329e-05	6.456542290346549e-05
32948	6.295807474754334e-05	6.309573444801929e-05
33383	4.885207583460449e-05	4.897788193684466e-05
33685	4.620021559909038e-05	4.677351412871981e-05
33958	3.783658938838474e-05	3.801893963205612e-05
34392	3.225470207834924e-05	3.235936569296281e-05
34847	3.162231729103571e-05	3.162277660168380e-05
35028	2.977557557015675e-05	3.019951720402019e-05
35535	2.932267788047227e-05	2.951209226666384e-05
35837	2.855157320247326e-05	2.884031503126606e-05
36431	2.795139105726818e-05	2.818382931264455e-05
37011	2.752251160365038e-05	2.754228703338169e-05
37345	2.570257574185941e-05	2.570395782768864e-05
38063	2.511550479133984e-05	2.511886431509582e-05
39218	2.450894912964241e-05	2.454708915685029e-05
39697	2.398690315652541e-05	2.398832919019490e-05
40123	2.309411982515108e-05	2.344228815319923e-05
40543	2.289814129885492e-05	2.290867652767775e-05
42121	2.204758316481925e-05	2.238721138568338e-05
42330	2.184524731463355e-05	2.187761623949552e-05
42969	2.137651689693154e-05	2.137962089502232e-05
44722	2.042344914354732e-05	2.089296130854041e-05
44729	2.041396894225667e-05	2.041737944669527e-05
45749	1.994116549119962e-05	1.995262314968879e-05
46359	1.920379308995024e-05	1.949844599758046e-05
46504	1.899542248084973e-05	1.905460717963248e-05
47207	1.860705677880770e-05	1.862087136662866e-05
48121	1.818080459492499e-05	1.819700858609983e-05
48149	1.749092956127019e-05	1.778279410038923e-05
48478	1.736422566323004e-05	1.737800828749376e-05
49168	1.698010047024301e-05	1.698243652461746e-05
52610	1.658901547285652e-05	1.659586907437560e-05
52714	1.578107992106226e-05	1.584893192461114e-05
53194	1.548428041708849e-05	1.548816618912483e-05
53877	1.511818732069514e-05	1.513561248436207e-05
54155	1.463406705093373e-05	1.479108388168207e-05
54444	1.445417176315633e-05	1.445439770745928e-05
55119	1.318423807428193e-05	1.348962882591653e-05
55126	1.317299288794427e-05	1.318256738556407e-05
56254	1.287109548486765e-05	1.288249551693135e-05
57673	1.254634364067364e-05	1.258925411794166e-05
58573	1.230254995143731e-05	1.230268770812381e-05
58953	1.202097931585211e-05	1.202264434617413e-05
60198	1.174897281785992e-05	1.174897554939530e-05
61463	1.148149705965107e-05	1.148153621496882e-05
62506	1.119365774371328e-05	1.122018454301963e-05
63698	1.096407282452638e-05	1.096478196143185e-05
65289	1.070687691673289e-05	1.071519305237607e-05
66780	1.046283078209864e-05	1.047128548050899e-05
67968	1.021427305747391e-05	1.023292992280754e-05
68894	9.987604665528949e-06	1.000000000000000e-05
70446	9.770292154875904e-06	9.772372209558111e-06
71288	9.527075684023778e-06	9.549925860214369e-06
72915	9.332542715068115e-06	9.332543007969906e-06
73531	9.119476139130001e-06	9.120108393559096e-06
74688	8.908419641295851e-06	8.912509381337459e-06
75919	8.681782474595501e-06	8.709635899560814e-06
77247	8.506945691322265e-06	8.511380382023760e-06
78418	8.288285924806793e-06	8.317637711026709e-06
80051	8.068402425731591e-06	8.128305161640995e-06
81393	7.942555664941509e-06	7.943282347242822e-06
83481	7.762417322476622e-06	7.762471166286911e-06
86282	7.582357444357868e-06	7.585775750291836e-06
87797	7.411546257718449e-06	7.413102413009177e-06
89734	7.242268420748488e-06	7.244359600749906e-06
91520	7.066586871551372e-06	7.079457843841373e-06
93196	6.912088696853225e-06	6.918309709189363e-06
94944	6.743845005874327e-06	6.760829753919819e-06
96012	6.606473183956574e-06	6.606934480075964e-06
97988	6.455280691430865e-06	6.456542290346549e-06
100097	6.307121864668197e-06	6.309573444801930e-06
101895	6.161656581182839e-06	6.165950018614822e-06
104395	6.025144523746917e-06	6.025595860743581e-06
105921	5.886152147138723e-06	5.888436553555884e-06
107508	5.750947249416605e-06	5.754399373371567e-06
110252	5.612919736663891e-06	5.623413251903491e-06
112292	5.494889447343887e-06	5.495408738576248e-06
114505	5.369031988444739e-06	5.370317963702533e-06
115677	5.237866804730373e-06	5.248074602497723e-06
117622	5.128344955029895e-06	5.128613839913648e-06
119747	5.006102516746935e-06	5.011872336272725e-06
120001	4.994991436024776e-06	5.011872336272725e-06
%
% index = 576, name = bbob_f013_i15_d02__bbob_f020_i16_d02
% instance = 7, reference value = 9.455489669857670e-01
% function evaluation | indicator value | target hit
1	1.129683853568267e+00	1.148153621496883e+00
6	6.313208375919175e-01	6.456542290346555e-01
11	5.403763951253158e-01	5.495408738576245e-01
21	4.452518313032858e-01	4.466835921509631e-01
23	3.673829605515504e-01	3.715352290971726e-01
32	3.622399121831016e-01	3.630780547701014e-01
51	3.515221277280963e-01	3.548133892335755e-01
68	3.175484996403966e-01	3.235936569296283e-01
71	1.355261702887819e-01	1.380384264602885e-01
75	1.348001413315589e-01	1.348962882591654e-01
76	1.294105500021655e-01	1.318256738556407e-01
127	8.930877792371084e-02	9.120108393559097e-02
135	8.811803262546414e-02	8.912509381337455e-02
136	6.013545148885235e-02	6.025595860743578e-02
141	5.737077105409272e-02	5.754399373371569e-02
169	4.866269818011348e-02	4.897788193684462e-02
190	4.205232275828352e-02	4.265795188015926e-02
246	3.834951844915213e-02	3.890451449942807e-02
248	3.661956067198791e-02	3.715352290971726e-02
253	3.620874547145514e-02	3.630780547701014e-02
328	3.515656468121431e-02	3.548133892335755e-02
342	3.287606584887159e-02	3.311311214825911e-02
350	3.132723484161981e-02	3.162277660168379e-02
358	2.530128968663692e-02	2.570395782768863e-02
363	2.466683366890432e-02	2.511886431509579e-02
366	2.436451244981674e-02	2.454708915685030e-02
386	2.361054707675903e-02	2.398832919019490e-02
408	2.252984034504857e-02	2.290867652767773e-02
415	1.784173397199729e-02	1.819700858609984e-02
423	1.736989824286450e-02	1.737800828749375e-02
439	1.639280975803803e-02	1.659586907437561e-02
470	1.612201100108901e-02	1.621810097358930e-02
500	1.581021498529012e-02	1.584893192461113e-02
521	1.308259054442995e-02	1.318256738556407e-02
552	1.287655589431347e-02	1.288249551693134e-02
582	1.234657659382810e-02	1.258925411794167e-02
592	1.164511774790145e-02	1.174897554939530e-02
720	1.146177266747139e-02	1.148153621496883e-02
738	1.121205993081453e-02	1.122018454301964e-02
748	1.057402334307433e-02	1.071519305237606e-02
750	1.040706677962977e-02	1.047128548050900e-02
756	9.822060467037486e-03	1.000000000000000e-02
757	9.442738386055693e-03	9.549925860214359e-03
768	9.174077767023947e-03	9.332543007969915e-03
775	8.459113092491144e-03	8.511380382023767e-03
776	8.052193491671633e-03	8.128305161640995e-03
788	7.513056039763932e-03	7.585775750291836e-03
812	7.364886582319041e-03	7.413102413009177e-03
815	6.963972234759752e-03	7.079457843841380e-03
823	6.913503245049912e-03	6.918309709189363e-03
864	6.656690155265821e-03	6.760829753919818e-03
874	6.605780310821818e-03	6.606934480075957e-03
888	5.481522319704224e-03	5.495408738576248e-03
1103	5.362669636286510e-03	5.370317963702527e-03
1126	5.226853007928911e-03	5.248074602497728e-03
1138	5.054590253352087e-03	5.128613839913648e-03
1149	4.786195912040880e-03	4.786300923226385e-03
1154	4.576292128053550e-03	4.677351412871981e-03
1155	4.566790189472814e-03	4.570881896148752e-03
1164	4.441474176017368e-03	4.466835921509630e-03
1181	4.353862309097289e-03	4.365158322401661e-03
1198	4.244588991390574e-03	4.265795188015926e-03
1204	3.894025121439326e-03	3.981071705534973e-03
1207	3.878337211081884e-03	3.890451449942805e-03
1214	3.637910834599634e-03	3.715352290971724e-03
1222	3.623414051004747e-03	3.630780547701014e-03
1225	3.511997244604936e-03	3.548133892335753e-03
1229	3.467004647130456e-03	3.467368504525317e-03
1264	3.280505232066910e-03	3.311311214825911e-03
1273	3.199970311682399e-03	3.235936569296281e-03
1280	3.130752926081559e-03	3.162277660168379e-03
1283	3.077304643355316e-03	3.090295432513592e-03
1300	2.996554679170926e-03	3.019951720402016e-03
1703	2.950054782434708e-03	2.951209226666387e-03
1722	2.874525422804752e-03	2.884031503126605e-03
1754	2.816670165813218e-03	2.818382931264455e-03
1770	2.746642911221397e-03	2.754228703338166e-03
1808	2.627594375441134e-03	2.630267991895381e-03
1849	2.569672486096852e-03	2.570395782768865e-03
1855	2.484938841729845e-03	2.511886431509579e-03
1866	2.449526397642621e-03	2.454708915685031e-03
2485	2.364200856154408e-03	2.398832919019490e-03
2496	2.337726305063903e-03	2.344228815319923e-03
2512	2.268960427271982e-03	2.290867652767772e-03
2514	2.223700540348039e-03	2.238721138568340e-03
2541	2.183201271182433e-03	2.187761623949552e-03
2599	2.125751546826704e-03	2.137962089502233e-03
2620	2.075177834758191e-03	2.089296130854039e-03
2646	2.041072154300272e-03	2.041737944669530e-03
3582	1.992367219892155e-03	1.995262314968879e-03
3625	1.921511617856586e-03	1.949844599758046e-03
3652	1.905007313075746e-03	1.905460717963246e-03
3704	1.859441732277145e-03	1.862087136662868e-03
3752	1.817514178292234e-03	1.819700858609983e-03
3760	1.770938433882208e-03	1.778279410038923e-03
3793	1.737189026234986e-03	1.737800828749376e-03
3863	1.697975427285892e-03	1.698243652461744e-03
3935	1.657414936954260e-03	1.659586907437561e-03
5384	1.619902829718356e-03	1.621810097358930e-03
5404	1.547721586464657e-03	1.548816618912481e-03
5436	1.505049028002747e-03	1.513561248436209e-03
5535	1.478552834497715e-03	1.479108388168207e-03
5690	1.441316679197779e-03	1.445439770745928e-03
5712	1.411293362677091e-03	1.412537544622754e-03
6204	1.375065573852585e-03	1.380384264602885e-03
7118	1.338332486934268e-03	1.348962882591653e-03
7968	1.304860937191288e-03	1.318256738556408e-03
8049	1.275061539055322e-03	1.288249551693134e-03
8121	1.257841978208107e-03	1.258925411794167e-03
8246	1.210984065991516e-03	1.230268770812381e-03
8327	1.201286180283478e-03	1.202264434617413e-03
8354	1.174738283967081e-03	1.174897554939529e-03
8452	1.140380638035121e-03	1.148153621496883e-03
11652	1.119889685690101e-03	1.122018454301963e-03
11838	1.096058669679656e-03	1.096478196143185e-03
12010	1.071507672155025e-03	1.071519305237606e-03
12353	1.043615385401320e-03	1.047128548050900e-03
17002	1.018635686986902e-03	1.023292992280754e-03
17171	9.997972482277406e-04	1.000000000000000e-03
17706	9.766139159206322e-04	9.772372209558111e-04
24328	9.399736791012581e-04	9.549925860214359e-04
24669	9.332359408117386e-04	9.332543007969915e-04
24899	9.103434636842378e-04	9.120108393559096e-04
25397	8.912105053330288e-04	8.912509381337459e-04
25823	8.457094330608372e-04	8.511380382023768e-04
26304	8.316114745252623e-04	8.317637711026709e-04
27700	8.127420602704882e-04	8.128305161640995e-04
30905	7.940902577504572e-04	7.943282347242813e-04
38189	7.762382434658432e-04	7.762471166286919e-04
79942	7.585775540809303e-04	7.585775750291835e-04
120000	7.558849631931208e-04	7.585775750291835e-04
%
% index = 577, name = bbob_f013_i17_d02__bbob_f020_i18_d02
% instance = 8, reference value = 7.845354952006570e-01
% function evaluation | indicator value | target hit
1	1.040841490467052e+03	1.047128548050900e+03
8	7.637632221091275e-01	7.762471166286917e-01
24	7.315106176492815e-01	7.413102413009175e-01
57	6.796059128151796e-01	6.918309709189365e-01
87	6.534442901319626e-01	6.606934480075960e-01
103	6.407391276804023e-01	6.456542290346555e-01
137	6.295628010120873e-01	6.309573444801932e-01
171	6.138697837473652e-01	6.165950018614822e-01
221	5.541588329151690e-01	5.623413251903491e-01
228	5.425421145226222e-01	5.495408738576245e-01
234	5.287564621813238e-01	5.370317963702527e-01
255	5.233069090401939e-01	5.248074602497725e-01
305	4.698613823482385e-01	4.786300923226383e-01
330	4.601934517622220e-01	4.677351412871982e-01
331	3.991931595223716e-01	4.073802778041127e-01
332	3.058574641547240e-01	3.090295432513591e-01
343	2.617191437153253e-01	2.630267991895382e-01
346	1.923584729305344e-01	1.949844599758045e-01
366	1.828310618778940e-01	1.862087136662867e-01
389	1.818159695672744e-01	1.819700858609984e-01
402	1.770881877586126e-01	1.778279410038923e-01
406	1.688260949325434e-01	1.698243652461744e-01
413	1.634070327850390e-01	1.659586907437560e-01
485	1.619593943202494e-01	1.621810097358930e-01
535	1.227285988128073e-01	1.230268770812381e-01
554	1.194126413417624e-01	1.202264434617413e-01
568	1.151355779126492e-01	1.174897554939529e-01
587	1.127800617983730e-01	1.148153621496883e-01
596	1.116571776075596e-01	1.122018454301964e-01
614	1.071118934246911e-01	1.071519305237607e-01
615	1.045644094239839e-01	1.047128548050900e-01
618	1.009306372554987e-01	1.023292992280754e-01
646	9.991784566859230e-02	1.000000000000000e-01
668	9.487926430278004e-02	9.549925860214359e-02
697	9.295974970123211e-02	9.332543007969910e-02
719	8.548792687548545e-02	8.709635899560805e-02
725	8.484850232468089e-02	8.511380382023763e-02
731	7.560533453113394e-02	7.585775750291836e-02
757	6.647465936471464e-02	6.760829753919818e-02
763	6.225953735335554e-02	6.309573444801933e-02
769	6.150035966228551e-02	6.165950018614822e-02
771	5.961585939736513e-02	6.025595860743578e-02
774	5.853497025265741e-02	5.888436553555890e-02
800	5.751620587794271e-02	5.754399373371569e-02
801	5.603241919753876e-02	5.623413251903491e-02
812	5.151176013473968e-02	5.248074602497726e-02
813	5.004460859269577e-02	5.011872336272722e-02
835	4.825086925271727e-02	4.897788193684462e-02
855	4.760283762245043e-02	4.786300923226382e-02
880	4.530767724068074e-02	4.570881896148749e-02
929	4.245129763848465e-02	4.265795188015926e-02
942	4.074271762901061e-02	4.168693834703355e-02
951	4.067400897066309e-02	4.073802778041128e-02
960	3.867819160516306e-02	3.890451449942807e-02
993	3.785845014423395e-02	3.801893963205612e-02
995	3.453700715500185e-02	3.467368504525317e-02
1029	3.350205653716787e-02	3.388441561392026e-02
1035	3.187190640498760e-02	3.235936569296283e-02
1075	3.141631144862467e-02	3.162277660168379e-02
1082	3.011661716617997e-02	3.019951720402016e-02
1096	2.939147566393185e-02	2.951209226666385e-02
1115	2.173856665741691e-02	2.187761623949553e-02
1124	2.107178707884583e-02	2.137962089502233e-02
1138	2.080931694056443e-02	2.089296130854040e-02
1163	2.003788972664744e-02	2.041737944669529e-02
1174	1.954171182534070e-02	1.995262314968880e-02
1177	1.879621570083800e-02	1.905460717963247e-02
1185	1.746075906698896e-02	1.778279410038923e-02
1202	1.692278137442238e-02	1.698243652461744e-02
1227	1.654247560653355e-02	1.659586907437561e-02
1265	1.515794109784441e-02	1.548816618912481e-02
1268	1.475273501741414e-02	1.479108388168207e-02
1278	1.436190635414469e-02	1.445439770745927e-02
1279	1.378557884484155e-02	1.380384264602885e-02
1292	1.345708537788382e-02	1.348962882591653e-02
1316	1.316337740986540e-02	1.318256738556407e-02
1369	1.284591071210572e-02	1.288249551693134e-02
1631	1.256115975786276e-02	1.258925411794167e-02
1654	1.219174830150782e-02	1.230268770812382e-02
1658	1.201849602929272e-02	1.202264434617413e-02
1693	1.167484975599431e-02	1.174897554939530e-02
1723	1.140448022569029e-02	1.148153621496883e-02
1749	1.103380739997606e-02	1.122018454301964e-02
1752	1.095294539843816e-02	1.096478196143185e-02
1782	1.029459650236453e-02	1.047128548050900e-02
1786	1.013454228002153e-02	1.023292992280754e-02
1788	9.981227910742296e-03	1.000000000000000e-02
1797	9.698577431991207e-03	9.772372209558112e-03
2122	9.512845407824932e-03	9.549925860214359e-03
2181	9.329116730892539e-03	9.332543007969915e-03
2241	9.088596292093243e-03	9.120108393559097e-03
2257	8.808809278045060e-03	8.912509381337459e-03
2302	8.676426319917496e-03	8.709635899560805e-03
2371	8.469109946478648e-03	8.511380382023767e-03
2402	8.303689839842976e-03	8.317637711026709e-03
2412	8.128288185998978e-03	8.128305161640995e-03
2425	7.897067160511306e-03	7.943282347242814e-03
2493	7.756865422939407e-03	7.762471166286920e-03
3045	7.302414397328705e-03	7.413102413009177e-03
3056	7.183617329704184e-03	7.244359600749898e-03
3072	7.064458429258069e-03	7.079457843841380e-03
3103	6.865555081476460e-03	6.918309709189363e-03
3124	6.051065051873805e-03	6.165950018614822e-03
3137	6.022072851598614e-03	6.025595860743574e-03
3167	5.081969796170482e-03	5.128613839913648e-03
3176	4.941676856202393e-03	5.011872336272725e-03
3196	4.893589367280016e-03	4.897788193684461e-03
3221	4.767751808415155e-03	4.786300923226385e-03
3293	4.676669717676329e-03	4.677351412871981e-03
3379	4.537439104533747e-03	4.570881896148752e-03
4174	4.453495540225116e-03	4.466835921509630e-03
4230	4.201973019785865e-03	4.265795188015926e-03
4265	4.167934938960949e-03	4.168693834703355e-03
4392	4.070696568357568e-03	4.073802778041126e-03
4418	3.951097058008779e-03	3.981071705534973e-03
4435	3.865521950598971e-03	3.890451449942805e-03
4537	3.801319923511959e-03	3.801893963205613e-03
4708	3.681628154614258e-03	3.715352290971724e-03
5804	3.618487676466997e-03	3.630780547701014e-03
5857	3.543350467112627e-03	3.548133892335753e-03
5925	3.420411760870490e-03	3.467368504525317e-03
5968	3.384662303173691e-03	3.388441561392024e-03
6071	3.264364594393387e-03	3.311311214825911e-03
6250	3.233116226313060e-03	3.235936569296281e-03
6475	3.160307523709327e-03	3.162277660168379e-03
6716	3.085618351037489e-03	3.090295432513592e-03
8422	3.018367537223399e-03	3.019951720402016e-03
9251	2.930998690847342e-03	2.951209226666387e-03
9501	2.873392054485335e-03	2.884031503126605e-03
9989	2.817707576669215e-03	2.818382931264455e-03
12431	2.750688269474555e-03	2.754228703338166e-03
13006	2.677820658452790e-03	2.691534803926917e-03
13826	2.630163182358203e-03	2.630267991895381e-03
14329	2.556179281769766e-03	2.570395782768865e-03
14776	2.511474678648984e-03	2.511886431509579e-03
18362	2.453344324278461e-03	2.454708915685031e-03
19028	2.395973234411874e-03	2.398832919019490e-03
20045	2.340075656687701e-03	2.344228815319923e-03
20743	2.273241182519148e-03	2.290867652767772e-03
21046	2.237365399891944e-03	2.238721138568340e-03
21870	2.167088133712913e-03	2.187761623949552e-03
22852	2.137776212474796e-03	2.137962089502233e-03
23870	2.089231675936998e-03	2.089296130854039e-03
30643	2.033132581943042e-03	2.041737944669530e-03
32145	1.995071381999058e-03	1.995262314968879e-03
34276	1.939171541515683e-03	1.949844599758046e-03
36439	1.904434754309681e-03	1.905460717963246e-03
41364	1.861989959127452e-03	1.862087136662868e-03
47080	1.819294051941922e-03	1.819700858609983e-03
67369	1.762575192475357e-03	1.778279410038923e-03
72400	1.737742504628326e-03	1.737800828749376e-03
78051	1.469602566664174e-03	1.479108388168207e-03
89179	1.445099691130491e-03	1.445439770745928e-03
107300	1.411120645273489e-03	1.412537544622754e-03
113917	1.378404273259637e-03	1.380384264602885e-03
120000	1.359851638293774e-03	1.380384264602885e-03
%
% index = 578, name = bbob_f013_i19_d02__bbob_f020_i21_d02
% instance = 9, reference value = 9.956384335621370e-01
% function evaluation | indicator value | target hit
1	3.426266909637744e-01	3.467368504525316e-01
17	3.272181347754002e-01	3.311311214825911e-01
30	2.963156717736992e-01	3.019951720402016e-01
46	2.103564659208322e-01	2.137962089502232e-01
62	2.088147752574071e-01	2.089296130854039e-01
70	2.005727778873915e-01	2.041737944669530e-01
97	1.973809412439513e-01	1.995262314968880e-01
107	1.845759011493709e-01	1.862087136662867e-01
141	1.011389925311319e-01	1.023292992280754e-01
146	8.816579574823002e-02	8.912509381337455e-02
150	6.405725714264554e-02	6.456542290346556e-02
194	6.294487285067574e-02	6.309573444801933e-02
202	5.803128758326337e-02	5.888436553555890e-02
205	5.418812924343930e-02	5.495408738576246e-02
230	4.593722159806912e-02	4.677351412871981e-02
248	4.484216248766049e-02	4.570881896148749e-02
262	2.735001666083126e-02	2.754228703338166e-02
329	1.828912782698811e-02	1.862087136662868e-02
353	1.551327533099844e-02	1.584893192461113e-02
390	1.525399469305333e-02	1.548816618912481e-02
397	1.320513488144159e-02	1.348962882591653e-02
403	1.297323103333703e-02	1.318256738556407e-02
435	1.232342239326523e-02	1.258925411794167e-02
444	1.199287378693359e-02	1.202264434617413e-02
465	1.165403577012980e-02	1.174897554939530e-02
503	1.140290158232382e-02	1.148153621496883e-02
557	1.116674606820911e-02	1.122018454301964e-02
567	6.881692515471660e-03	6.918309709189363e-03
661	6.674619331779486e-03	6.760829753919818e-03
751	6.546729039795141e-03	6.606934480075957e-03
792	6.389525652730876e-03	6.456542290346556e-03
807	6.142483222375206e-03	6.165950018614822e-03
892	5.661766137996405e-03	5.754399373371567e-03
896	5.612446166313290e-03	5.623413251903491e-03
947	5.493281905453840e-03	5.495408738576248e-03
986	5.224379900781062e-03	5.248074602497728e-03
1056	4.248248496989793e-03	4.265795188015926e-03
1189	4.167167220732848e-03	4.168693834703355e-03
1207	3.882243839092525e-03	3.890451449942805e-03
1267	3.797649713352391e-03	3.801893963205613e-03
1293	3.687504567879141e-03	3.715352290971724e-03
1596	3.549856044143596e-03	3.630780547701014e-03
1601	3.474647114529494e-03	3.548133892335753e-03
1604	3.433356421792433e-03	3.467368504525317e-03
1669	3.234522921201965e-03	3.235936569296281e-03
1722	3.154675926623551e-03	3.162277660168379e-03
1744	2.358237165465682e-03	2.398832919019490e-03
1765	2.324908776648926e-03	2.344228815319923e-03
1781	2.184046712092047e-03	2.187761623949552e-03
1782	2.132359190535671e-03	2.137962089502233e-03
1843	2.083317449810385e-03	2.089296130854039e-03
1857	1.581766037931809e-03	1.584893192461114e-03
1861	1.522413451999771e-03	1.548816618912481e-03
1882	1.494401382466037e-03	1.513561248436209e-03
1913	1.479059971253638e-03	1.479108388168207e-03
1928	1.445093715980672e-03	1.445439770745928e-03
1958	1.411774484971207e-03	1.412537544622754e-03
2323	1.332264831751084e-03	1.348962882591653e-03
2372	1.317922417937600e-03	1.318256738556408e-03
2876	1.287565976312521e-03	1.288249551693134e-03
2903	1.258798198874311e-03	1.258925411794167e-03
2981	1.109687347833788e-03	1.122018454301963e-03
3061	1.096053046954815e-03	1.096478196143185e-03
3699	1.054806275660458e-03	1.071519305237606e-03
3785	1.047032077158838e-03	1.047128548050900e-03
3876	1.023259447421210e-03	1.023292992280754e-03
4944	9.981954852842367e-04	1.000000000000000e-03
4961	8.782471015984505e-04	8.912509381337459e-04
5020	8.708456537979137e-04	8.709635899560805e-04
5158	8.421642062617085e-04	8.511380382023768e-04
5206	7.869576890849883e-04	7.943282347242813e-04
5207	7.645734280792293e-04	7.762471166286919e-04
5286	7.582910446138902e-04	7.585775750291835e-04
6550	7.390628949304201e-04	7.413102413009177e-04
6609	7.194893866205865e-04	7.244359600749898e-04
6700	6.931201148223654e-04	7.079457843841380e-04
6726	6.787511552894809e-04	6.918309709189362e-04
6739	6.599408906134974e-04	6.606934480075957e-04
6863	6.343974046347789e-04	6.456542290346556e-04
6933	6.306156182775968e-04	6.309573444801930e-04
7123	6.091957189388042e-04	6.165950018614823e-04
8791	5.655769303096747e-04	5.754399373371566e-04
8797	5.527526231376978e-04	5.623413251903491e-04
8836	5.489230900099784e-04	5.495408738576248e-04
8906	5.366623280398386e-04	5.370317963702527e-04
8993	5.144188775280112e-04	5.248074602497728e-04
9032	5.128414759759670e-04	5.128613839913648e-04
9074	5.007361557798351e-04	5.011872336272725e-04
9330	4.891289629970208e-04	4.897788193684461e-04
11733	4.785502594603086e-04	4.786300923226385e-04
11876	4.300121814715396e-04	4.365158322401661e-04
11907	4.209859785008208e-04	4.265795188015926e-04
11954	4.127426245275068e-04	4.168693834703355e-04
12209	3.996380214660311e-04	4.073802778041126e-04
12233	3.909953073986117e-04	3.981071705534974e-04
12252	3.886218852299228e-04	3.890451449942805e-04
15779	3.701007114658150e-04	3.715352290971724e-04
16008	3.569831200476159e-04	3.630780547701014e-04
16081	3.540770796365278e-04	3.548133892335753e-04
16213	3.416805660443334e-04	3.467368504525317e-04
16350	3.273211664427400e-04	3.311311214825911e-04
16403	3.233455181332889e-04	3.235936569296281e-04
21082	3.161496985957246e-04	3.162277660168379e-04
21534	2.994847316334370e-04	3.019951720402016e-04
21704	2.925243605346184e-04	2.951209226666387e-04
21911	2.883765324660503e-04	2.884031503126605e-04
22375	2.818215215689701e-04	2.818382931264455e-04
28241	2.724196368998344e-04	2.754228703338166e-04
28387	2.684177822079858e-04	2.691534803926917e-04
28667	2.612988352479473e-04	2.630267991895381e-04
29073	2.564895067329598e-04	2.570395782768865e-04
29362	2.486987321678180e-04	2.511886431509580e-04
29518	2.441423203326520e-04	2.454708915685031e-04
30408	2.398545181361289e-04	2.398832919019490e-04
30837	2.101534885921019e-04	2.137962089502232e-04
31016	2.088845406060802e-04	2.089296130854039e-04
32789	2.041655432746259e-04	2.041737944669530e-04
33267	1.882548589490218e-04	1.905460717963246e-04
33649	1.814215751176906e-04	1.819700858609983e-04
34349	1.729615187839872e-04	1.737800828749376e-04
36462	1.694967129829417e-04	1.698243652461744e-04
38120	1.581540787770619e-04	1.584893192461114e-04
38201	1.531605216592569e-04	1.548816618912481e-04
39609	1.506816350931306e-04	1.513561248436209e-04
40049	1.478038340323451e-04	1.479108388168207e-04
41200	1.444912034157531e-04	1.445439770745928e-04
41621	1.401067730315564e-04	1.412537544622754e-04
43742	1.376302970849119e-04	1.380384264602885e-04
46427	1.346648774096515e-04	1.348962882591653e-04
46646	1.247894045049991e-04	1.258925411794167e-04
47086	1.063566879225819e-04	1.071519305237606e-04
47866	1.041462970781115e-04	1.047128548050900e-04
51152	1.021159004572780e-04	1.023292992280754e-04
51658	8.888723762934259e-05	8.912509381337459e-05
53300	8.568519812801600e-05	8.709635899560814e-05
53562	8.505189685859005e-05	8.511380382023759e-05
54248	7.935506003342585e-05	7.943282347242822e-05
56097	7.743608382615452e-05	7.762471166286911e-05
56666	7.572752649476211e-05	7.585775750291836e-05
58021	7.393406684530479e-05	7.413102413009176e-05
59284	7.225633000107479e-05	7.244359600749906e-05
61943	7.047210415567218e-05	7.079457843841373e-05
63592	6.908794290949594e-05	6.918309709189363e-05
65068	6.755123894786053e-05	6.760829753919819e-05
65323	6.562395788245468e-05	6.606934480075965e-05
67675	6.446606208676542e-05	6.456542290346549e-05
69576	6.309508746094039e-05	6.309573444801929e-05
72424	6.142515396501125e-05	6.165950018614822e-05
74443	5.983110561946781e-05	6.025595860743581e-05
76517	5.870046645661819e-05	5.888436553555884e-05
77956	5.735246272531302e-05	5.754399373371566e-05
81981	5.621815400036478e-05	5.623413251903491e-05
84308	5.487643206136816e-05	5.495408738576248e-05
87353	5.365412872726516e-05	5.370317963702532e-05
90990	5.238138387242408e-05	5.248074602497723e-05
92008	5.092481633894863e-05	5.128613839913648e-05
94598	5.005405865088353e-05	5.011872336272725e-05
98140	4.870199216955307e-05	4.897788193684466e-05
101168	4.786208238405365e-05	4.786300923226380e-05
106060	4.676465052988465e-05	4.677351412871981e-05
109811	4.567442695546653e-05	4.570881896148752e-05
110773	4.389296602713699e-05	4.466835921509635e-05
111727	4.365144646478747e-05	4.365158322401657e-05
115159	4.228672066253214e-05	4.265795188015926e-05
117848	4.168570761142742e-05	4.168693834703355e-05
118775	4.072879062344548e-05	4.073802778041130e-05
119508	3.974540331397325e-05	3.981071705534969e-05
120001	3.973209935503874e-05	3.981071705534969e-05
%
% index = 579, name = bbob_f013_i21_d02__bbob_f020_i22_d02
% instance = 10, reference value = 7.334726682137080e-01
% function evaluation | indicator value | target hit
1	1.229372789568349e+03	1.230268770812381e+03
2	8.501202118190821e+01	8.511380382023764e+01
6	7.572527385543320e+01	7.585775750291836e+01
15	1.304254236590521e+01	1.318256738556407e+01
21	6.404796900476187e-01	6.456542290346555e-01
44	5.211951959080433e-01	5.248074602497725e-01
65	5.048639811542193e-01	5.128613839913648e-01
147	4.373578688310958e-01	4.466835921509631e-01
320	3.509987144612988e-01	3.548133892335755e-01
384	3.376221441650700e-01	3.388441561392025e-01
401	2.954376102564001e-01	3.019951720402016e-01
430	2.944681539752354e-01	2.951209226666385e-01
573	2.819241992502023e-01	2.884031503126606e-01
639	2.810505096512185e-01	2.818382931264454e-01
767	2.565365891862219e-01	2.570395782768864e-01
797	2.298096517941186e-01	2.344228815319922e-01
825	2.287908177604993e-01	2.290867652767773e-01
844	2.206577019089145e-01	2.238721138568339e-01
881	2.186160201391484e-01	2.187761623949552e-01
902	2.125294591829124e-01	2.137962089502232e-01
951	2.088034117645611e-01	2.089296130854039e-01
1038	2.041271925874537e-01	2.041737944669530e-01
1053	1.913660933168841e-01	1.949844599758045e-01
1128	1.903685001971072e-01	1.905460717963247e-01
1315	1.852417839231894e-01	1.862087136662867e-01
1758	1.819024691945971e-01	1.819700858609984e-01
1890	1.777467804709267e-01	1.778279410038923e-01
2651	1.737750142400756e-01	1.737800828749375e-01
6762	1.213930745987024e-01	1.230268770812381e-01
7332	9.110168382614559e-02	9.120108393559097e-02
7390	7.557155709386743e-02	7.585775750291836e-02
7461	7.404502657934575e-02	7.413102413009177e-02
9029	7.198922095065430e-02	7.244359600749903e-02
9551	7.067617769052803e-02	7.079457843841380e-02
10091	4.646232724362265e-02	4.677351412871981e-02
11049	4.547968499512878e-02	4.570881896148749e-02
11083	4.139788852765780e-02	4.168693834703355e-02
11196	3.250729175979061e-02	3.311311214825911e-02
11215	3.018394235376320e-02	3.019951720402016e-02
12126	2.940542430176141e-02	2.951209226666385e-02
12280	2.882493132318897e-02	2.884031503126606e-02
12386	2.757635280143289e-02	2.818382931264454e-02
12484	2.746413343436871e-02	2.754228703338166e-02
12582	2.630182421694316e-02	2.630267991895381e-02
12821	2.537594468241622e-02	2.570395782768863e-02
12981	2.511657824267299e-02	2.511886431509579e-02
13397	2.453188756330271e-02	2.454708915685030e-02
13471	2.268890948250002e-02	2.290867652767773e-02
14197	2.221644813875212e-02	2.238721138568340e-02
14213	2.102254146052396e-02	2.137962089502233e-02
14217	2.085275035472345e-02	2.089296130854040e-02
14362	1.837548971410141e-02	1.862087136662868e-02
14512	1.817451528039604e-02	1.819700858609984e-02
14604	1.777640616183174e-02	1.778279410038923e-02
14977	1.325795596808521e-02	1.348962882591653e-02
14996	1.289517311646393e-02	1.318256738556407e-02
15258	1.258660068117901e-02	1.258925411794167e-02
15477	1.230136566322826e-02	1.230268770812382e-02
15810	8.343400811616997e-03	8.511380382023767e-03
16001	8.312840469846261e-03	8.317637711026709e-03
16205	8.093448205953702e-03	8.128305161640995e-03
16236	6.843031068525240e-03	6.918309709189363e-03
16289	6.760719746938815e-03	6.760829753919818e-03
16574	6.199530664012576e-03	6.309573444801930e-03
16652	5.684991395043193e-03	5.754399373371567e-03
16668	5.354260883295936e-03	5.370317963702527e-03
17011	5.234279462492553e-03	5.248074602497728e-03
17046	5.127729150235627e-03	5.128613839913648e-03
17118	4.908115926571366e-03	5.011872336272725e-03
17119	4.809756952883770e-03	4.897788193684461e-03
17128	4.328385522310962e-03	4.365158322401661e-03
17151	4.229693415476188e-03	4.265795188015926e-03
17167	4.111391358033289e-03	4.168693834703355e-03
17173	4.071100434937747e-03	4.073802778041126e-03
17208	3.922112318590631e-03	3.981071705534973e-03
17210	3.657383019460170e-03	3.715352290971724e-03
17221	3.543813667901685e-03	3.548133892335753e-03
17328	3.414197037516997e-03	3.467368504525317e-03
17342	3.357136158535279e-03	3.388441561392024e-03
17355	3.192198492597886e-03	3.235936569296281e-03
17359	3.026854405023705e-03	3.090295432513592e-03
17362	3.005286420494913e-03	3.019951720402016e-03
17367	2.714309840259221e-03	2.754228703338166e-03
17375	2.686873506318688e-03	2.691534803926917e-03
17411	2.528677526278389e-03	2.570395782768865e-03
17412	2.499897371363802e-03	2.511886431509579e-03
17428	2.431706013692359e-03	2.454708915685031e-03
17560	2.396324878502387e-03	2.398832919019490e-03
17612	2.330643001305033e-03	2.344228815319923e-03
17637	2.284769553892674e-03	2.290867652767772e-03
17693	2.236464146539885e-03	2.238721138568340e-03
17721	2.146856990831614e-03	2.187761623949552e-03
17744	2.132393572645386e-03	2.137962089502233e-03
17792	2.084653148202942e-03	2.089296130854039e-03
17863	2.033121522516113e-03	2.041737944669530e-03
17920	1.983916538449426e-03	1.995262314968879e-03
17933	1.852493077287409e-03	1.862087136662868e-03
18037	1.807169878952242e-03	1.819700858609983e-03
18814	1.778279000530403e-03	1.778279410038923e-03
18825	1.704417669842972e-03	1.737800828749376e-03
18831	1.698153251826318e-03	1.698243652461744e-03
18855	1.453941791216939e-03	1.479108388168207e-03
18866	1.444860679465143e-03	1.445439770745928e-03
18892	1.412375399712396e-03	1.412537544622754e-03
18922	1.380078942570973e-03	1.380384264602885e-03
18959	1.346400689187899e-03	1.348962882591653e-03
18972	1.087335514167065e-03	1.096478196143185e-03
18987	1.068582674121132e-03	1.071519305237606e-03
19019	1.033424394205507e-03	1.047128548050900e-03
19027	1.020529591672537e-03	1.023292992280754e-03
19041	9.685579463256655e-04	9.772372209558111e-04
19059	9.462596594757011e-04	9.549925860214359e-04
19075	8.969508280129990e-04	9.120108393559096e-04
19090	8.910654804845652e-04	8.912509381337459e-04
19097	8.264750389429532e-04	8.317637711026709e-04
19114	7.953093968687819e-04	8.128305161640995e-04
19122	7.922427142531552e-04	7.943282347242813e-04
20338	7.762315539447950e-04	7.762471166286919e-04
20373	7.344521874509402e-04	7.413102413009177e-04
20407	7.240380209061481e-04	7.244359600749898e-04
20464	7.058570771707462e-04	7.079457843841380e-04
20536	6.905774977653545e-04	6.918309709189362e-04
20545	6.683157428536424e-04	6.760829753919819e-04
20571	6.605446754247568e-04	6.606934480075957e-04
20631	6.448252450094172e-04	6.456542290346556e-04
20670	6.309415713759980e-04	6.309573444801930e-04
22322	6.153911516553201e-04	6.165950018614823e-04
22376	6.004696349695138e-04	6.025595860743575e-04
22436	5.837383511566596e-04	5.888436553555889e-04
22444	5.644509112605611e-04	5.754399373371566e-04
22453	5.618209602555879e-04	5.623413251903491e-04
22509	5.493506095617384e-04	5.495408738576248e-04
22561	5.338894064141897e-04	5.370317963702527e-04
22606	5.247083466520808e-04	5.248074602497728e-04
22747	5.127345934805572e-04	5.128613839913648e-04
25039	4.976309807096513e-04	5.011872336272725e-04
25142	4.897650835570255e-04	4.897788193684461e-04
25251	4.737407823495188e-04	4.786300923226385e-04
25366	4.676186532706073e-04	4.677351412871981e-04
25551	4.570695266813418e-04	4.570881896148752e-04
25745	4.463336891389336e-04	4.466835921509630e-04
25964	4.364631690874088e-04	4.365158322401661e-04
28997	4.265495957680443e-04	4.265795188015926e-04
29263	4.168384973428640e-04	4.168693834703355e-04
29524	4.063227678761105e-04	4.073802778041126e-04
29987	3.980963084406763e-04	3.981071705534974e-04
30390	3.888858918639215e-04	3.890451449942805e-04
34706	3.791893468673146e-04	3.801893963205612e-04
35454	3.715301166417051e-04	3.715352290971724e-04
36309	3.630779521661687e-04	3.630780547701014e-04
37631	3.548079474483545e-04	3.548133892335753e-04
39122	3.441500931187225e-04	3.467368504525317e-04
39412	3.385888767657441e-04	3.388441561392024e-04
46743	3.310918587666745e-04	3.311311214825911e-04
49796	3.214387437333599e-04	3.235936569296281e-04
53957	3.162266031125904e-04	3.162277660168379e-04
62344	3.090084738176513e-04	3.090295432513592e-04
86088	3.019951365262896e-04	3.019951720402016e-04
121991	2.952097710339219e-04	3.019951720402016e-04
%
% index = 580, name = bbob_f013_i23_d02__bbob_f020_i24_d02
% instance = 11, reference value = 1.000000000000000e+00
% function evaluation | indicator value | target hit
1	4.796750063101530e-01	4.897788193684462e-01
2	4.365975238718222e-01	4.466835921509631e-01
3	4.329324457774558e-01	4.365158322401660e-01
12	4.200020592662027e-01	4.265795188015927e-01
35	4.158881048201982e-01	4.168693834703354e-01
37	4.049085546951978e-01	4.073802778041127e-01
38	3.431402852286038e-01	3.467368504525316e-01
59	3.062125601158159e-01	3.090295432513591e-01
72	2.988966205687995e-01	3.019951720402016e-01
76	2.904590502970552e-01	2.951209226666385e-01
103	2.882730496333359e-01	2.884031503126606e-01
111	2.423535156741062e-01	2.454708915685030e-01
134	2.395702508327009e-01	2.398832919019490e-01
337	2.338026358658977e-01	2.344228815319922e-01
398	2.275308148991633e-01	2.290867652767773e-01
402	2.192961050251440e-01	2.238721138568339e-01
438	2.158862824065184e-01	2.187761623949552e-01
476	2.104320730209814e-01	2.137962089502232e-01
486	2.089098409521530e-01	2.089296130854039e-01
492	1.917462550667238e-01	1.949844599758045e-01
493	1.904836141702532e-01	1.905460717963247e-01
578	1.858813405317190e-01	1.862087136662867e-01
611	1.805334412936113e-01	1.819700858609984e-01
690	1.777544182690870e-01	1.778279410038923e-01
955	1.731010323181057e-01	1.737800828749375e-01
973	1.694661733088071e-01	1.698243652461744e-01
1341	1.656489392796032e-01	1.659586907437560e-01
1472	1.611185983831357e-01	1.621810097358930e-01
2090	1.584726950325652e-01	1.584893192461113e-01
11608	1.548758352829368e-01	1.548816618912481e-01
120000	1.527654525047717e-01	1.548816618912481e-01
%
% index = 581, name = bbob_f013_i25_d02__bbob_f020_i26_d02
% instance = 12, reference value = 1.000000000000000e+00
% function evaluation | indicator value | target hit
1	3.510967919778902e-01	3.548133892335755e-01
3	1.969475860517148e-01	1.995262314968880e-01
7	1.741793758316321e-01	1.778279410038923e-01
17	1.695552507377422e-01	1.698243652461744e-01
21	1.647384107143641e-01	1.659586907437560e-01
32	1.428577909838020e-01	1.445439770745928e-01
43	1.392615010970556e-01	1.412537544622754e-01
44	1.147014722532396e-01	1.148153621496883e-01
64	1.071395201874892e-01	1.071519305237607e-01
70	9.094997458904142e-02	9.120108393559097e-02
73	8.360616279772715e-02	8.511380382023763e-02
139	8.124325378432506e-02	8.128305161640990e-02
188	7.292194940095786e-02	7.413102413009177e-02
252	7.224241698109601e-02	7.244359600749903e-02
263	6.872896444647902e-02	6.918309709189366e-02
278	6.689794891847711e-02	6.760829753919818e-02
303	6.304647028390675e-02	6.309573444801933e-02
353	6.134577213641068e-02	6.165950018614822e-02
390	5.742376199477728e-02	5.754399373371569e-02
436	5.462105334592560e-02	5.495408738576246e-02
513	5.360551763970467e-02	5.370317963702527e-02
514	5.227923863886574e-02	5.248074602497726e-02
581	4.948082634221740e-02	5.011872336272722e-02
615	4.668164990903001e-02	4.677351412871981e-02
660	4.568998970483662e-02	4.570881896148749e-02
772	4.412093648642346e-02	4.466835921509630e-02
934	3.893689420972990e-02	3.981071705534973e-02
958	3.889833025307876e-02	3.890451449942807e-02
1131	3.773903351063179e-02	3.801893963205612e-02
1209	3.690154824579261e-02	3.715352290971726e-02
1298	3.582502225464479e-02	3.630780547701014e-02
1530	3.546274989780351e-02	3.548133892335755e-02
1584	3.402598485990294e-02	3.467368504525317e-02
1626	3.388438418699735e-02	3.388441561392026e-02
2104	3.311270947460432e-02	3.311311214825911e-02
2139	3.235923498061855e-02	3.235936569296283e-02
2248	3.121970090522685e-02	3.162277660168379e-02
2804	3.089960012313808e-02	3.090295432513590e-02
3674	3.012495903101997e-02	3.019951720402016e-02
3835	2.951080788384952e-02	2.951209226666385e-02
6704	2.883570434135674e-02	2.884031503126606e-02
18141	2.818314753061879e-02	2.818382931264454e-02
120000	2.781566256902857e-02	2.818382931264454e-02
%
% index = 582, name = bbob_f013_i27_d02__bbob_f020_i28_d02
% instance = 13, reference value = 1.000000000000000e+00
% function evaluation | indicator value | target hit
1	2.229793840108500e+00	2.238721138568339e+00
5	1.088651400390500e+00	1.096478196143185e+00
18	7.583005489587005e-01	7.585775750291838e-01
52	6.369028960619206e-01	6.456542290346555e-01
58	4.905301253700785e-01	5.011872336272722e-01
103	4.851748314184028e-01	4.897788193684462e-01
116	4.761451067984144e-01	4.786300923226383e-01
180	2.176059150139509e-01	2.187761623949552e-01
181	1.973297012852053e-01	1.995262314968880e-01
221	1.616033517792734e-01	1.621810097358930e-01
245	1.529378153957488e-01	1.548816618912481e-01
333	1.510674599908352e-01	1.513561248436208e-01
386	1.116716430901974e-01	1.122018454301964e-01
398	1.088122615601107e-01	1.096478196143185e-01
428	1.063581660746360e-01	1.071519305237607e-01
436	9.970221420944592e-02	1.000000000000000e-01
437	9.610331452387944e-02	9.772372209558107e-02
457	9.546619896475272e-02	9.549925860214359e-02
472	9.195962439193428e-02	9.332543007969910e-02
499	7.755794979894504e-02	7.762471166286916e-02
542	6.175296685668563e-02	6.309573444801933e-02
543	6.080187701803119e-02	6.165950018614822e-02
556	6.002856881151908e-02	6.025595860743578e-02
564	5.872884846215176e-02	5.888436553555890e-02
668	5.747574076594553e-02	5.754399373371569e-02
733	5.545877814821865e-02	5.623413251903491e-02
743	5.494390028412210e-02	5.495408738576246e-02
802	5.367934356562865e-02	5.370317963702527e-02
1053	5.247616961494184e-02	5.248074602497726e-02
1376	5.128203337227577e-02	5.128613839913648e-02
1435	4.995708436167523e-02	5.011872336272722e-02
1851	4.869875534662593e-02	4.897788193684462e-02
2067	4.785570307937659e-02	4.786300923226382e-02
2759	4.214187559205251e-02	4.265795188015926e-02
3638	4.150835274951337e-02	4.168693834703355e-02
7498	4.040701776317734e-02	4.073802778041128e-02
10847	3.980755275237913e-02	3.981071705534973e-02
28691	3.857698668631582e-02	3.890451449942807e-02
36508	3.794581711553413e-02	3.801893963205612e-02
120000	3.749744148048073e-02	3.801893963205612e-02
%
% index = 583, name = bbob_f013_i29_d02__bbob_f020_i30_d02
% instance = 14, reference value = 1.000000000000000e+00
% function evaluation | indicator value | target hit
1	7.755343216858755e-01	7.762471166286917e-01
15	4.812033513440928e-01	4.897788193684462e-01
18	4.740742870419670e-01	4.786300923226383e-01
21	4.223313444544132e-01	4.265795188015927e-01
39	4.109934499261588e-01	4.168693834703354e-01
42	3.070079407049562e-01	3.090295432513591e-01
63	2.958640013730152e-01	3.019951720402016e-01
71	2.525617913427221e-01	2.570395782768864e-01
89	2.504175404892804e-01	2.511886431509580e-01
90	2.283694344114635e-01	2.290867652767773e-01
102	2.232958776587933e-01	2.238721138568339e-01
118	2.183874305915773e-01	2.187761623949552e-01
147	2.059311681031590e-01	2.089296130854039e-01
163	2.015452020000857e-01	2.041737944669530e-01
199	1.932241270569930e-01	1.949844599758045e-01
201	1.893446313449991e-01	1.905460717963247e-01
217	1.817511846736195e-01	1.819700858609984e-01
240	1.317617084566064e-01	1.318256738556407e-01
262	1.259411242326177e-01	1.288249551693134e-01
272	1.258799854163818e-01	1.258925411794167e-01
283	1.226099624739946e-01	1.230268770812381e-01
310	1.196006245843104e-01	1.202264434617413e-01
340	1.167858124873148e-01	1.174897554939529e-01
377	1.140669765455185e-01	1.148153621496883e-01
384	1.113514255718414e-01	1.122018454301964e-01
387	1.000539921636310e-01	1.023292992280754e-01
388	9.957529561895540e-02	1.000000000000000e-01
438	9.578490711536181e-02	9.772372209558107e-02
455	9.535189455724180e-02	9.549925860214359e-02
470	8.709783899613077e-02	8.912509381337455e-02
472	8.688839010459759e-02	8.709635899560805e-02
497	8.170722628653915e-02	8.317637711026708e-02
512	8.099848224444584e-02	8.128305161640990e-02
573	7.850366797882491e-02	7.943282347242814e-02
591	7.732396369542682e-02	7.762471166286916e-02
601	7.357733346297235e-02	7.413102413009177e-02
758	7.216686277513140e-02	7.244359600749903e-02
882	7.060641723802963e-02	7.079457843841380e-02
1485	6.915656418290284e-02	6.918309709189366e-02
5148	6.760297986764818e-02	6.760829753919818e-02
15497	6.606929890350421e-02	6.606934480075961e-02
120000	6.521071244110010e-02	6.606934480075961e-02
%
% index = 584, name = bbob_f013_i31_d02__bbob_f020_i34_d02
% instance = 15, reference value = 1.000000000000000e+00
% function evaluation | indicator value | target hit
1	3.815256057963000e+00	3.890451449942806e+00
18	3.664731601401500e+00	3.715352290971725e+00
19	2.661335506199347e+00	2.691534803926916e+00
23	1.395417805340000e+00	1.412537544622754e+00
26	1.296316087869000e+00	1.318256738556407e+00
29	6.308375958635946e-01	6.309573444801932e-01
57	3.068967436936781e-01	3.090295432513591e-01
67	2.999919065424218e-01	3.019951720402016e-01
161	2.855960307424901e-01	2.884031503126606e-01
213	2.660051483281538e-01	2.691534803926916e-01
238	2.163544124743186e-01	2.187761623949552e-01
258	1.963668987120510e-01	1.995262314968880e-01
276	1.897592694164388e-01	1.905460717963247e-01
281	1.769499576192332e-01	1.778279410038923e-01
295	1.710758537439399e-01	1.737800828749375e-01
314	1.686486590406739e-01	1.698243652461744e-01
325	1.646122321460266e-01	1.659586907437560e-01
364	1.607251607552418e-01	1.621810097358930e-01
411	1.577526272698349e-01	1.584893192461113e-01
444	1.545620598688431e-01	1.548816618912481e-01
445	1.398893051726828e-01	1.412537544622754e-01
472	1.378071263241790e-01	1.380384264602885e-01
522	1.313382563838708e-01	1.318256738556407e-01
554	1.287802039133885e-01	1.288249551693134e-01
863	1.257308119021224e-01	1.258925411794167e-01
971	1.230217165058735e-01	1.230268770812381e-01
1407	1.202261983759886e-01	1.202264434617413e-01
3584	1.174709362037859e-01	1.174897554939529e-01
120000	1.156030133324861e-01	1.174897554939529e-01
