%
% index = 1395, name = bbob_f013_i02_d03__bbob_f020_i04_d03
% instance = 1, reference value = 8.535737466993720e-01
% function evaluation | indicator value | target hit
1	5.422187637213782e-01	5.495408738576245e-01
16	4.845438270734388e-01	4.897788193684462e-01
28	3.970773161426955e-01	3.981071705534972e-01
34	3.466272319644380e-01	3.467368504525316e-01
40	3.385719554442517e-01	3.388441561392025e-01
53	3.003297887213973e-01	3.019951720402016e-01
57	2.073166556482883e-01	2.089296130854039e-01
67	1.953201056828765e-01	1.995262314968880e-01
78	1.949519847815776e-01	1.949844599758045e-01
105	1.894218368549794e-01	1.905460717963247e-01
114	1.824567914737335e-01	1.862087136662867e-01
129	1.813945859291561e-01	1.819700858609984e-01
162	1.448783069722428e-01	1.479108388168208e-01
165	1.435212325630952e-01	1.445439770745928e-01
177	1.319775132269302e-01	1.348962882591654e-01
179	1.308615044733195e-01	1.318256738556407e-01
192	1.213042754846749e-01	1.230268770812381e-01
219	1.192508023175619e-01	1.202264434617413e-01
259	1.168088131526250e-01	1.174897554939529e-01
286	1.135815349398457e-01	1.148153621496883e-01
301	9.698519193925803e-02	9.772372209558107e-02
305	9.486541858221731e-02	9.549925860214359e-02
314	9.303413997405108e-02	9.332543007969910e-02
330	8.959293417443526e-02	9.120108393559097e-02
345	8.216638161861711e-02	8.317637711026708e-02
375	7.824419129483717e-02	7.943282347242814e-02
404	7.759263642238046e-02	7.762471166286916e-02
456	7.580825579981088e-02	7.585775750291836e-02
461	7.407879581258248e-02	7.413102413009177e-02
466	5.413490886173034e-02	5.495408738576246e-02
473	5.364918341998637e-02	5.370317963702527e-02
481	5.108153154695161e-02	5.128613839913648e-02
496	4.531445801254075e-02	4.570881896148749e-02
504	4.406952342056181e-02	4.466835921509630e-02
530	4.349509510495431e-02	4.365158322401658e-02
537	4.253538395641476e-02	4.265795188015926e-02
578	4.127371274231184e-02	4.168693834703355e-02
592	3.943473532185804e-02	3.981071705534973e-02
723	3.874435371579499e-02	3.890451449942807e-02
733	3.801425884612675e-02	3.801893963205612e-02
776	3.698337936323581e-02	3.715352290971726e-02
854	3.629262589117865e-02	3.630780547701014e-02
869	3.529172761066146e-02	3.548133892335755e-02
879	3.447724809370523e-02	3.467368504525317e-02
1104	3.370089593139824e-02	3.388441561392026e-02
1129	3.311092684863626e-02	3.311311214825911e-02
1158	3.196063373294300e-02	3.235936569296283e-02
1160	3.140670402377022e-02	3.162277660168379e-02
1191	3.086745183401285e-02	3.090295432513590e-02
1223	2.982607710037344e-02	3.019951720402016e-02
1284	2.551504353265277e-02	2.570395782768863e-02
1663	2.384336832438483e-02	2.398832919019490e-02
1728	2.289700120839022e-02	2.290867652767773e-02
2429	2.175507257041864e-02	2.187761623949553e-02
2599	2.137929441746655e-02	2.137962089502233e-02
3635	2.089240899630440e-02	2.089296130854040e-02
3771	2.012671397913535e-02	2.041737944669529e-02
4997	1.957317717355622e-02	1.995262314968880e-02
5017	1.942180388635362e-02	1.949844599758046e-02
5176	1.894216670868554e-02	1.905460717963247e-02
5429	1.841107417222154e-02	1.862087136662868e-02
7429	1.767366441797535e-02	1.778279410038923e-02
7591	1.626364757399767e-02	1.659586907437561e-02
7643	1.621265409708228e-02	1.621810097358930e-02
10738	1.501192555653241e-02	1.513561248436208e-02
11024	1.472926109952044e-02	1.479108388168207e-02
14764	1.270067921177276e-02	1.288249551693134e-02
15076	1.239190577099469e-02	1.258925411794167e-02
15224	1.230201926074259e-02	1.230268770812382e-02
20664	1.202262420032041e-02	1.202264434617413e-02
21044	1.171045639815893e-02	1.174897554939530e-02
21543	1.134356819654903e-02	1.148153621496883e-02
28384	1.113041949136973e-02	1.122018454301964e-02
28440	8.735888680492132e-03	8.912509381337459e-03
28609	8.696992460313968e-03	8.709635899560805e-03
28638	8.082822662100808e-03	8.128305161640995e-03
28871	7.905269603724507e-03	7.943282347242814e-03
29579	7.762467384653138e-03	7.762471166286920e-03
30459	6.177521062097235e-03	6.309573444801930e-03
30672	6.165922432808890e-03	6.165950018614822e-03
32110	6.000876189532378e-03	6.025595860743574e-03
33802	5.168733815216209e-03	5.248074602497728e-03
35903	5.125584351607704e-03	5.128613839913648e-03
36519	4.976043937564789e-03	5.011872336272725e-03
38181	4.895196378788658e-03	4.897788193684461e-03
39567	4.763436595722093e-03	4.786300923226385e-03
42906	4.674094782245564e-03	4.677351412871981e-03
44392	4.548781050283779e-03	4.570881896148752e-03
46862	4.431565152994699e-03	4.466835921509630e-03
49263	4.336915798011209e-03	4.365158322401661e-03
52346	4.263198864976281e-03	4.265795188015926e-03
56673	4.154579989305462e-03	4.168693834703355e-03
59238	4.056252865568433e-03	4.073802778041126e-03
59293	3.445632058032277e-03	3.467368504525317e-03
65035	3.343674165294019e-03	3.388441561392024e-03
65427	3.293897091076636e-03	3.311311214825911e-03
70426	3.208592792145137e-03	3.235936569296281e-03
71428	3.150903383939085e-03	3.162277660168379e-03
71853	3.074402268792520e-03	3.090295432513592e-03
77503	3.018632763422402e-03	3.019951720402016e-03
80163	2.938658999784405e-03	2.951209226666387e-03
82890	2.870556956252379e-03	2.884031503126605e-03
86946	2.710459888962902e-03	2.754228703338166e-03
90377	2.685410030051072e-03	2.691534803926917e-03
95813	2.630198099272785e-03	2.630267991895381e-03
108643	1.916643566328258e-03	1.949844599758046e-03
109396	1.903693556552177e-03	1.905460717963246e-03
116133	1.859374725078133e-03	1.862087136662868e-03
120516	1.819691095754972e-03	1.819700858609983e-03
132738	1.693240737207891e-03	1.698243652461744e-03
132823	1.655995601319793e-03	1.659586907437561e-03
148151	1.602660070945228e-03	1.621810097358930e-03
149180	1.520739046442565e-03	1.548816618912481e-03
151998	1.511616270386207e-03	1.513561248436209e-03
156386	1.479102164817836e-03	1.479108388168207e-03
159308	1.437731682433441e-03	1.445439770745928e-03
172597	1.411301351070260e-03	1.412537544622754e-03
180001	1.397009784763759e-03	1.412537544622754e-03
%
% index = 1396, name = bbob_f013_i03_d03__bbob_f020_i05_d03
% instance = 2, reference value = 9.633245885336840e-01
% function evaluation | indicator value | target hit
1	9.910388880076840e-01	1.000000000000000e+00
4	6.206852268589316e-01	6.309573444801932e-01
8	6.007859078892611e-01	6.025595860743578e-01
13	5.858461567450808e-01	5.888436553555889e-01
27	2.698369769318661e-01	2.754228703338166e-01
28	2.687870681842293e-01	2.691534803926916e-01
36	2.536296160040644e-01	2.570395782768864e-01
49	2.415001282505305e-01	2.454708915685030e-01
53	1.987452248995595e-01	1.995262314968880e-01
54	1.879294721048650e-01	1.905460717963247e-01
75	1.813011162669868e-01	1.819700858609984e-01
104	1.759486190793750e-01	1.778279410038923e-01
115	1.735851628511194e-01	1.737800828749375e-01
120	1.395908217361970e-01	1.412537544622754e-01
136	1.155080436140481e-01	1.174897554939529e-01
147	1.143125041821094e-01	1.148153621496883e-01
148	1.071988672815091e-01	1.096478196143185e-01
169	1.017524851052366e-01	1.023292992280754e-01
229	9.916746270177546e-02	1.000000000000000e-01
244	9.705796421257562e-02	9.772372209558107e-02
280	9.509322375486029e-02	9.549925860214359e-02
322	9.162605189386663e-02	9.332543007969910e-02
327	9.036102724535933e-02	9.120108393559097e-02
339	8.452647528423984e-02	8.511380382023763e-02
354	8.185936672673255e-02	8.317637711026708e-02
376	4.335824038340108e-02	4.365158322401658e-02
394	4.256746356458918e-02	4.265795188015926e-02
415	4.167344775446913e-02	4.168693834703355e-02
423	4.049625809312707e-02	4.073802778041128e-02
468	3.978641903715030e-02	3.981071705534973e-02
470	3.743404860594191e-02	3.801893963205612e-02
493	3.686084605475271e-02	3.715352290971726e-02
512	3.598320664431720e-02	3.630780547701014e-02
518	3.522330927409389e-02	3.548133892335755e-02
565	3.416109708423332e-02	3.467368504525317e-02
566	3.358273195258799e-02	3.388441561392026e-02
573	3.310882631926981e-02	3.311311214825911e-02
724	3.226537143478858e-02	3.235936569296283e-02
753	3.162149240324297e-02	3.162277660168379e-02
774	3.073621212838895e-02	3.090295432513590e-02
807	3.012712441233523e-02	3.019951720402016e-02
832	2.936616772216494e-02	2.951209226666385e-02
899	2.883074564448174e-02	2.884031503126606e-02
1135	2.139855394707235e-02	2.187761623949553e-02
1148	2.136997761060866e-02	2.137962089502233e-02
1226	2.089247217594548e-02	2.089296130854040e-02
1274	2.039552516820886e-02	2.041737944669529e-02
1328	1.975954375718569e-02	1.995262314968880e-02
1799	1.948775983041084e-02	1.949844599758046e-02
1901	1.900980047588618e-02	1.905460717963247e-02
2546	1.860341007348421e-02	1.862087136662868e-02
2645	1.813110744601987e-02	1.819700858609984e-02
3814	1.776705910064524e-02	1.778279410038923e-02
5718	1.737788773300020e-02	1.737800828749375e-02
5889	1.195055130922296e-02	1.202264434617413e-02
8224	1.174890490115088e-02	1.174897554939530e-02
8468	1.146780456591567e-02	1.148153621496883e-02
11940	1.091166043732283e-02	1.096478196143185e-02
14429	1.069094482922905e-02	1.071519305237606e-02
22128	1.030247474718149e-02	1.047128548050900e-02
22711	1.009350101351392e-02	1.023292992280754e-02
30844	9.681158868179884e-03	9.772372209558112e-03
31534	8.775103077465429e-03	8.912509381337459e-03
34240	8.664048873196162e-03	8.709635899560805e-03
48310	8.510700353126177e-03	8.511380382023767e-03
61841	8.215870849126450e-03	8.317637711026709e-03
78293	8.126690806584902e-03	8.128305161640995e-03
180000	7.971764745986709e-03	8.128305161640995e-03
%
% index = 1397, name = bbob_f013_i07_d03__bbob_f020_i08_d03
% instance = 3, reference value = 8.422771080514920e-01
% function evaluation | indicator value | target hit
1	3.909507785052933e-01	3.981071705534972e-01
3	2.984408425211339e-01	3.019951720402016e-01
6	2.922177423184511e-01	2.951209226666385e-01
8	2.286242612234085e-01	2.290867652767773e-01
10	1.747361319661989e-01	1.778279410038923e-01
19	1.723803947900251e-01	1.737800828749375e-01
29	1.336062579652636e-01	1.348962882591654e-01
40	9.918050591493566e-02	1.000000000000000e-01
74	9.325475857577892e-02	9.332543007969910e-02
81	8.956380234022654e-02	9.120108393559097e-02
99	8.780411398909616e-02	8.912509381337455e-02
137	8.609543089488425e-02	8.709635899560805e-02
167	8.499456613542800e-02	8.511380382023763e-02
190	8.173356079835781e-02	8.317637711026708e-02
195	7.985772919412948e-02	8.128305161640990e-02
199	7.931342624100390e-02	7.943282347242814e-02
213	5.864370737852953e-02	5.888436553555890e-02
241	5.673216820821625e-02	5.754399373371569e-02
264	5.591728421985886e-02	5.623413251903491e-02
268	5.352817225877926e-02	5.370317963702527e-02
270	5.122483842894965e-02	5.128613839913648e-02
277	4.612452943671130e-02	4.677351412871981e-02
285	4.493258267638200e-02	4.570881896148749e-02
317	4.393436682792740e-02	4.466835921509630e-02
352	4.362227214477121e-02	4.365158322401658e-02
379	4.239424192987085e-02	4.265795188015926e-02
400	4.127266858323742e-02	4.168693834703355e-02
546	4.053619663166208e-02	4.073802778041128e-02
594	3.961371939364400e-02	3.981071705534973e-02
596	3.880051121833072e-02	3.890451449942807e-02
611	3.733699976598714e-02	3.801893963205612e-02
622	3.715071527441072e-02	3.715352290971726e-02
644	2.898493217032916e-02	2.951209226666385e-02
655	2.882660976221796e-02	2.884031503126606e-02
725	2.804768040009709e-02	2.818382931264454e-02
944	2.746919057803654e-02	2.754228703338166e-02
967	2.672316925542384e-02	2.691534803926915e-02
1010	2.595643545292470e-02	2.630267991895381e-02
1025	2.567537654675445e-02	2.570395782768863e-02
1053	2.469810469399081e-02	2.511886431509579e-02
1055	2.451966760990831e-02	2.454708915685030e-02
1081	2.390845914579043e-02	2.398832919019490e-02
1128	2.306285069636560e-02	2.344228815319923e-02
1152	2.281726303506715e-02	2.290867652767773e-02
1163	2.233806502287594e-02	2.238721138568340e-02
1168	2.178625358007980e-02	2.187761623949553e-02
1200	2.086129194000086e-02	2.089296130854040e-02
1230	2.038637034218760e-02	2.041737944669529e-02
1265	1.990011182281592e-02	1.995262314968880e-02
1298	1.948731437611839e-02	1.949844599758046e-02
1425	1.884157975773615e-02	1.905460717963247e-02
1634	1.861722301679758e-02	1.862087136662868e-02
1696	1.817475116729739e-02	1.819700858609984e-02
1708	1.770582831248257e-02	1.778279410038923e-02
1772	1.737203444487301e-02	1.737800828749375e-02
1830	1.696845402868952e-02	1.698243652461744e-02
1866	1.658799025538182e-02	1.659586907437561e-02
1901	1.590811942293402e-02	1.621810097358930e-02
1902	1.581207016396813e-02	1.584893192461113e-02
1922	1.538581282390139e-02	1.548816618912481e-02
1933	1.484436732527616e-02	1.513561248436208e-02
1938	1.475742357057530e-02	1.479108388168207e-02
2471	1.443558919157206e-02	1.445439770745927e-02
2527	1.370239882368840e-02	1.380384264602885e-02
2557	1.348322393284151e-02	1.348962882591653e-02
2648	1.309825428087630e-02	1.318256738556407e-02
2710	1.287698833486228e-02	1.288249551693134e-02
2766	1.251446928798161e-02	1.258925411794167e-02
2789	9.107917148399980e-03	9.120108393559097e-03
3553	8.896571587334146e-03	8.912509381337459e-03
3616	8.705119699855768e-03	8.709635899560805e-03
3667	8.505423151567659e-03	8.511380382023767e-03
3740	8.265932607232185e-03	8.317637711026709e-03
3778	8.127257037102709e-03	8.128305161640995e-03
3843	7.914782809516185e-03	7.943282347242814e-03
3922	7.733175063937114e-03	7.762471166286920e-03
4840	7.272293913380024e-03	7.413102413009177e-03
4868	7.242937465929078e-03	7.244359600749898e-03
4961	6.987679267742020e-03	7.079457843841380e-03
5010	6.914162935339752e-03	6.918309709189363e-03
5147	6.755036590699426e-03	6.760829753919818e-03
5209	6.564978993480408e-03	6.606934480075957e-03
5274	6.453857831922538e-03	6.456542290346556e-03
5355	6.294183168745304e-03	6.309573444801930e-03
6815	6.149869291474097e-03	6.165950018614822e-03
6959	6.025162567698805e-03	6.025595860743574e-03
7248	5.888100722232781e-03	5.888436553555890e-03
9362	5.745227177728185e-03	5.754399373371567e-03
9482	5.622621491942703e-03	5.623413251903491e-03
9755	5.494790964891694e-03	5.495408738576248e-03
9779	5.281852618407412e-03	5.370317963702527e-03
9848	5.247665940623869e-03	5.248074602497728e-03
9918	4.932688800921792e-03	5.011872336272725e-03
10044	4.882241020397138e-03	4.897788193684461e-03
12947	4.757001030533892e-03	4.786300923226385e-03
13216	4.677242164655704e-03	4.677351412871981e-03
13667	4.568917681170293e-03	4.570881896148752e-03
17729	4.464413379313803e-03	4.466835921509630e-03
18183	4.359547554091403e-03	4.365158322401661e-03
23857	4.265774138022982e-03	4.265795188015926e-03
24710	4.166653598690950e-03	4.168693834703355e-03
32361	4.046217261830742e-03	4.073802778041126e-03
33062	3.800538482146565e-03	3.801893963205613e-03
33780	3.710373375309217e-03	3.715352290971724e-03
35456	3.616250865950188e-03	3.630780547701014e-03
37585	3.546279555770582e-03	3.548133892335753e-03
41139	3.467324960984453e-03	3.467368504525317e-03
45449	3.386016065052844e-03	3.388441561392024e-03
56734	3.310937855872886e-03	3.311311214825911e-03
64658	3.234168665493864e-03	3.235936569296281e-03
66307	2.877042100583371e-03	2.884031503126605e-03
78717	2.818344527965033e-03	2.818382931264455e-03
108942	2.754074341644763e-03	2.754228703338166e-03
180001	2.707722492400255e-03	2.754228703338166e-03
%
% index = 1398, name = bbob_f013_i09_d03__bbob_f020_i10_d03
% instance = 4, reference value = 9.566633189168841e-01
% function evaluation | indicator value | target hit
1	8.904153484562519e+00	8.912509381337454e+00
24	1.744251034343384e+00	1.778279410038923e+00
29	1.516673875346884e+00	1.548816618912481e+00
61	1.130259441028884e+00	1.148153621496883e+00
73	1.114053188566384e+00	1.122018454301963e+00
79	4.927007152137377e-01	5.011872336272722e-01
199	3.050896974205095e-01	3.090295432513591e-01
202	2.873447554867251e-01	2.884031503126606e-01
233	2.760277526847634e-01	2.818382931264454e-01
242	2.672150755460687e-01	2.691534803926916e-01
248	2.457375866766800e-01	2.511886431509580e-01
249	2.447778902920605e-01	2.454708915685030e-01
258	1.039982749873930e-01	1.047128548050900e-01
267	8.292248515036638e-02	8.317637711026708e-02
367	7.860119351055705e-02	7.943282347242814e-02
401	7.712486245534433e-02	7.762471166286916e-02
431	7.173323205792648e-02	7.244359600749903e-02
477	5.914269513485093e-02	6.025595860743578e-02
522	5.813125473806735e-02	5.888436553555890e-02
540	5.546544217949800e-02	5.623413251903491e-02
542	5.291880754462897e-02	5.370317963702527e-02
545	5.110584273670393e-02	5.128613839913648e-02
561	5.002635088335272e-02	5.011872336272722e-02
569	3.804371298952924e-02	3.890451449942807e-02
570	3.770903343783516e-02	3.801893963205612e-02
594	3.609897905360926e-02	3.630780547701014e-02
626	3.173115385358982e-02	3.235936569296283e-02
629	3.049910145470691e-02	3.090295432513590e-02
640	2.354950480625873e-02	2.398832919019490e-02
644	2.333398501024464e-02	2.344228815319923e-02
686	2.235900096556753e-02	2.238721138568340e-02
704	1.906124174650192e-02	1.949844599758046e-02
710	1.904528213361434e-02	1.905460717963247e-02
728	1.727881249243179e-02	1.737800828749375e-02
761	1.695302811643140e-02	1.698243652461744e-02
768	1.612366202583482e-02	1.621810097358930e-02
789	1.559077858521718e-02	1.584893192461113e-02
949	1.498395900839578e-02	1.513561248436208e-02
953	1.475728124815257e-02	1.479108388168207e-02
961	1.444624692904017e-02	1.445439770745927e-02
964	1.378894070302672e-02	1.380384264602885e-02
995	1.342570900905316e-02	1.348962882591653e-02
1004	1.313772562150950e-02	1.318256738556407e-02
1013	1.287168681617623e-02	1.288249551693134e-02
1023	1.247277126698920e-02	1.258925411794167e-02
1050	1.212813228133203e-02	1.230268770812382e-02
1052	1.060007776166894e-02	1.071519305237606e-02
1067	1.047085895036082e-02	1.047128548050900e-02
1096	1.019323852341603e-02	1.023292992280754e-02
1106	9.461021268630243e-03	9.549925860214359e-03
1317	8.552957444369125e-03	8.709635899560805e-03
1318	8.168753317166710e-03	8.317637711026709e-03
1334	8.118732863810485e-03	8.128305161640995e-03
1372	7.901290257694593e-03	7.943282347242814e-03
1375	7.730097389056834e-03	7.762471166286920e-03
1386	7.574410550679089e-03	7.585775750291836e-03
1413	7.411130234859509e-03	7.413102413009177e-03
1448	7.240104950471227e-03	7.244359600749898e-03
1492	6.988456075075034e-03	7.079457843841380e-03
1508	6.774676712237082e-03	6.918309709189363e-03
1818	6.698203943201753e-03	6.760829753919818e-03
1828	6.530612021156124e-03	6.606934480075957e-03
1841	6.338329211243776e-03	6.456542290346556e-03
1846	6.297144331784077e-03	6.309573444801930e-03
1855	5.914945450837594e-03	6.025595860743574e-03
1868	5.531162314343585e-03	5.623413251903491e-03
1869	5.420872572549862e-03	5.495408738576248e-03
1870	5.366429483054214e-03	5.370317963702527e-03
1906	5.247793588268990e-03	5.248074602497728e-03
1910	5.089999853845284e-03	5.128613839913648e-03
1911	4.942573343612255e-03	5.011872336272725e-03
1912	4.848299591286964e-03	4.897788193684461e-03
1940	4.779497525452592e-03	4.786300923226385e-03
1965	4.661387509017789e-03	4.677351412871981e-03
1988	4.563286725441151e-03	4.570881896148752e-03
2009	4.451310161530886e-03	4.466835921509630e-03
2456	4.279211327893884e-03	4.365158322401661e-03
2457	4.264570923116828e-03	4.265795188015926e-03
2475	4.127672277666083e-03	4.168693834703355e-03
2493	4.070944493010598e-03	4.073802778041126e-03
2531	3.975337235391119e-03	3.981071705534973e-03
2546	3.890206684600495e-03	3.890451449942805e-03
2625	3.792096845092963e-03	3.801893963205613e-03
3292	3.705977239006897e-03	3.715352290971724e-03
3327	3.623138370992818e-03	3.630780547701014e-03
3373	3.508777554807385e-03	3.548133892335753e-03
3431	3.466455316375794e-03	3.467368504525317e-03
4319	3.358157910543724e-03	3.388441561392024e-03
4333	3.307791660871806e-03	3.311311214825911e-03
4384	3.196582107451551e-03	3.235936569296281e-03
4443	3.161492835052071e-03	3.162277660168379e-03
4527	3.089238745416667e-03	3.090295432513592e-03
4677	3.017643868713504e-03	3.019951720402016e-03
5942	2.949094644647765e-03	2.951209226666387e-03
6100	2.883641734938047e-03	2.884031503126605e-03
6192	2.816127873742413e-03	2.818382931264455e-03
6424	2.751390566668066e-03	2.754228703338166e-03
8246	2.690539325944097e-03	2.691534803926917e-03
8374	2.624555426509634e-03	2.630267991895381e-03
8558	2.551725519851611e-03	2.570395782768865e-03
8685	2.508237825813109e-03	2.511886431509579e-03
11359	2.453406198776209e-03	2.454708915685031e-03
11690	2.396303209770800e-03	2.398832919019490e-03
11890	2.344221395223389e-03	2.344228815319923e-03
15484	2.248472143939861e-03	2.290867652767772e-03
15676	2.238677528336841e-03	2.238721138568340e-03
15890	2.185485153453626e-03	2.187761623949552e-03
20919	2.123399889665145e-03	2.137962089502233e-03
21432	2.082374215229943e-03	2.089296130854039e-03
28019	2.041646553583853e-03	2.041737944669530e-03
28492	1.990761028195509e-03	1.995262314968879e-03
29051	1.911410230430288e-03	1.949844599758046e-03
29118	1.905154848648172e-03	1.905460717963246e-03
29913	1.861610167762096e-03	1.862087136662868e-03
30683	1.818737052966979e-03	1.819700858609983e-03
33662	1.712736101983747e-03	1.737800828749376e-03
34555	1.698149480958699e-03	1.698243652461744e-03
38096	1.659405938080227e-03	1.659586907437561e-03
46119	1.621122206327930e-03	1.621810097358930e-03
59311	1.584823879817510e-03	1.584893192461114e-03
68637	1.538758873424251e-03	1.548816618912481e-03
80130	1.513561136089026e-03	1.513561248436209e-03
96968	1.444150175588188e-03	1.445439770745928e-03
133385	1.412537509946188e-03	1.412537544622754e-03
180001	1.406646313391047e-03	1.412537544622754e-03
%
% index = 1399, name = bbob_f013_i11_d03__bbob_f020_i12_d03
% instance = 5, reference value = 9.586804706995550e-01
% function evaluation | indicator value | target hit
1	2.711338580823055e+00	2.754228703338166e+00
21	8.587444429064195e-01	8.709635899560807e-01
163	8.050232691915999e-01	8.128305161640993e-01
177	7.790878517764636e-01	7.943282347242815e-01
195	7.424338011260762e-01	7.585775750291838e-01
204	7.409399896081387e-01	7.413102413009175e-01
211	7.199008210885017e-01	7.244359600749900e-01
224	6.055601395726512e-01	6.165950018614822e-01
237	2.721330117544886e-01	2.754228703338166e-01
256	2.204632220374569e-01	2.238721138568339e-01
270	2.185681917219970e-01	2.187761623949552e-01
321	1.917193114415853e-01	1.949844599758045e-01
322	1.542181626838165e-01	1.548816618912481e-01
332	1.463871117982428e-01	1.479108388168208e-01
337	1.425474319378484e-01	1.445439770745928e-01
338	1.403209846407169e-01	1.412537544622754e-01
348	1.293379862643163e-01	1.318256738556407e-01
364	1.115995822882221e-01	1.122018454301964e-01
368	1.020411898792984e-01	1.023292992280754e-01
387	9.559414186034010e-02	9.772372209558107e-02
397	9.346811199483851e-02	9.549925860214359e-02
398	9.291589122386612e-02	9.332543007969910e-02
412	8.756068761389579e-02	8.912509381337455e-02
425	6.585680159766871e-02	6.606934480075961e-02
433	6.455658085380167e-02	6.456542290346556e-02
437	6.214044112232620e-02	6.309573444801933e-02
441	6.005828403147018e-02	6.025595860743578e-02
445	5.530664512219052e-02	5.623413251903491e-02
448	4.937192832365322e-02	5.011872336272722e-02
453	4.878205390450796e-02	4.897788193684462e-02
467	4.067045764249666e-02	4.073802778041128e-02
489	3.474723373374566e-02	3.548133892335755e-02
515	3.322548605373132e-02	3.388441561392026e-02
522	3.305507317561218e-02	3.311311214825911e-02
538	3.230554172172140e-02	3.235936569296283e-02
561	2.993741689228158e-02	3.019951720402016e-02
580	2.925731706807788e-02	2.951209226666385e-02
610	2.824365058648981e-02	2.884031503126606e-02
615	2.800362748473628e-02	2.818382931264454e-02
643	2.670844518942828e-02	2.691534803926915e-02
654	2.591359706742302e-02	2.630267991895381e-02
681	2.562644040920925e-02	2.570395782768863e-02
711	2.503358299668135e-02	2.511886431509579e-02
728	2.451133648844994e-02	2.454708915685030e-02
737	2.324075451334662e-02	2.344228815319923e-02
753	2.257369147052057e-02	2.290867652767773e-02
788	2.238010923326650e-02	2.238721138568340e-02
828	2.184276339110891e-02	2.187761623949553e-02
860	2.071426610310290e-02	2.089296130854040e-02
898	2.021976598763642e-02	2.041737944669529e-02
911	1.978223146909797e-02	1.995262314968880e-02
934	1.923527987228080e-02	1.949844599758046e-02
957	1.875686833458412e-02	1.905460717963247e-02
965	1.825143332322765e-02	1.862087136662868e-02
981	1.817114558841471e-02	1.819700858609984e-02
1169	1.777330339652572e-02	1.778279410038923e-02
1191	1.698532715725887e-02	1.737800828749375e-02
1194	1.689306315655525e-02	1.698243652461744e-02
1218	1.574681591634408e-02	1.584893192461113e-02
1219	1.539936436111167e-02	1.548816618912481e-02
1251	1.511262492325638e-02	1.513561248436208e-02
1285	1.252578500205759e-02	1.258925411794167e-02
1315	1.217228424216688e-02	1.230268770812382e-02
1326	1.202084018683669e-02	1.202264434617413e-02
1356	1.171408674541696e-02	1.174897554939530e-02
1622	1.145800961876831e-02	1.148153621496883e-02
1628	1.121309077808663e-02	1.122018454301964e-02
1654	1.093017641762961e-02	1.096478196143185e-02
1709	1.071018391130696e-02	1.071519305237606e-02
1731	1.025538714872698e-02	1.047128548050900e-02
1733	1.012248555770268e-02	1.023292992280754e-02
1761	9.946791414153111e-03	1.000000000000000e-02
1777	9.473425187470519e-03	9.549925860214359e-03
1781	9.166656260483852e-03	9.332543007969915e-03
2167	9.107317245514168e-03	9.120108393559097e-03
2252	8.897635425824002e-03	8.912509381337459e-03
2322	8.622964476354245e-03	8.709635899560805e-03
2399	8.488751820147522e-03	8.511380382023767e-03
2407	8.312332437078296e-03	8.317637711026709e-03
2500	8.123891458674648e-03	8.128305161640995e-03
2540	7.838457229791707e-03	7.943282347242814e-03
2729	7.759504537685924e-03	7.762471166286920e-03
3158	7.531209632211322e-03	7.585775750291836e-03
3162	7.409257945697023e-03	7.413102413009177e-03
3202	6.883604741613980e-03	6.918309709189363e-03
3247	6.708992614718912e-03	6.760829753919818e-03
3306	6.602300835793717e-03	6.606934480075957e-03
3382	6.455064833632229e-03	6.456542290346556e-03
3427	6.205586714778111e-03	6.309573444801930e-03
3464	6.164669353296959e-03	6.165950018614822e-03
3520	5.931497846453304e-03	6.025595860743574e-03
3543	5.879035485191419e-03	5.888436553555890e-03
3570	5.601494680358865e-03	5.623413251903491e-03
3588	5.405016625160575e-03	5.495408738576248e-03
3633	5.366343733506196e-03	5.370317963702527e-03
4486	5.163028186484175e-03	5.248074602497728e-03
4487	5.093705259879733e-03	5.128613839913648e-03
4498	4.934071448222999e-03	5.011872336272725e-03
4514	4.895909125137154e-03	4.897788193684461e-03
4518	4.775801378283595e-03	4.786300923226385e-03
4636	4.650692746732910e-03	4.677351412871981e-03
4696	4.554466928565981e-03	4.570881896148752e-03
4747	4.461095079363986e-03	4.466835921509630e-03
5910	4.360669754908564e-03	4.365158322401661e-03
6065	4.262972831843959e-03	4.265795188015926e-03
6163	4.162709477032678e-03	4.168693834703355e-03
6420	4.072287690597975e-03	4.073802778041126e-03
8163	3.980328381625320e-03	3.981071705534973e-03
8547	3.888129910601390e-03	3.890451449942805e-03
11270	3.800659784803040e-03	3.801893963205613e-03
15289	3.715284222364224e-03	3.715352290971724e-03
16192	3.622897935646185e-03	3.630780547701014e-03
22169	3.548080721809233e-03	3.548133892335753e-03
30496	3.467357106320179e-03	3.467368504525317e-03
40440	3.388427561538010e-03	3.388441561392024e-03
46641	3.260604103193510e-03	3.311311214825911e-03
52932	3.235866351923744e-03	3.235936569296281e-03
84584	3.162271665523075e-03	3.162277660168379e-03
180000	3.092291683530868e-03	3.162277660168379e-03
%
% index = 1400, name = bbob_f013_i13_d03__bbob_f020_i14_d03
% instance = 6, reference value = 9.539475392932770e-01
% function evaluation | indicator value | target hit
1	8.494275370992714e-01	8.511380382023764e-01
36	5.807764611797621e-01	5.888436553555889e-01
100	5.501411342438727e-01	5.623413251903491e-01
105	2.849635213859727e-01	2.884031503126606e-01
106	1.765722996847500e-01	1.778279410038923e-01
131	1.729610128395691e-01	1.737800828749375e-01
207	1.608919898706391e-01	1.621810097358930e-01
237	1.517276330535458e-01	1.548816618912481e-01
255	1.504783742510909e-01	1.513561248436208e-01
263	1.289443104851574e-01	1.318256738556407e-01
273	1.287304396808240e-01	1.288249551693134e-01
327	1.255474308100646e-01	1.258925411794167e-01
350	1.200745717307412e-01	1.202264434617413e-01
408	1.174713930836799e-01	1.174897554939529e-01
530	1.148109645988450e-01	1.148153621496883e-01
552	1.083735931795946e-01	1.096478196143185e-01
598	1.013530567493461e-01	1.023292992280754e-01
610	9.586206672943720e-02	9.772372209558107e-02
631	9.549725602892745e-02	9.549925860214359e-02
651	7.963974249483829e-02	8.128305161640990e-02
665	7.942617049237310e-02	7.943282347242814e-02
950	6.473876874417173e-02	6.606934480075961e-02
1006	6.394347858407756e-02	6.456542290346556e-02
1155	6.305488065178055e-02	6.309573444801933e-02
1192	5.052441784604988e-02	5.128613839913648e-02
1203	4.846307397626359e-02	4.897788193684462e-02
1288	4.677923263834427e-02	4.786300923226382e-02
1293	4.633563058703460e-02	4.677351412871981e-02
1546	4.566168754591327e-02	4.570881896148749e-02
1623	4.438348551512483e-02	4.466835921509630e-02
1627	4.215243036285243e-02	4.265795188015926e-02
2084	4.149631336664261e-02	4.168693834703355e-02
2191	4.010038804465488e-02	4.073802778041128e-02
2265	3.914442976689936e-02	3.981071705534973e-02
2273	3.832507002535468e-02	3.890451449942807e-02
2390	3.717800864450727e-02	3.801893963205612e-02
2430	3.715189526788032e-02	3.715352290971726e-02
3128	3.630622812388851e-02	3.630780547701014e-02
3211	2.810215280826389e-02	2.818382931264454e-02
3392	2.665545641925893e-02	2.691534803926915e-02
4025	2.509531821925826e-02	2.511886431509579e-02
4290	2.454400165782022e-02	2.454708915685030e-02
4307	2.301447907612375e-02	2.344228815319923e-02
4382	2.288271006314258e-02	2.290867652767773e-02
4426	2.176304952563601e-02	2.187761623949553e-02
4576	2.085848140732360e-02	2.089296130854040e-02
4752	2.038707483987234e-02	2.041737944669529e-02
5892	1.994126661512730e-02	1.995262314968880e-02
6081	1.748149363851648e-02	1.778279410038923e-02
6157	1.723971242574063e-02	1.737800828749375e-02
6195	1.681312704063143e-02	1.698243652461744e-02
6381	1.657782666628882e-02	1.659586907437561e-02
8233	1.617226567930041e-02	1.621810097358930e-02
8891	1.502162308229749e-02	1.513561248436208e-02
9093	1.444401477254798e-02	1.445439770745927e-02
9110	1.403213805288472e-02	1.412537544622754e-02
11521	1.379153503260100e-02	1.380384264602885e-02
11580	1.348898943968602e-02	1.348962882591653e-02
12192	1.315416139687542e-02	1.318256738556407e-02
12830	1.234078807472627e-02	1.258925411794167e-02
13012	1.230184738553275e-02	1.230268770812382e-02
13211	1.138594629551770e-02	1.148153621496883e-02
14004	1.121627387953239e-02	1.122018454301964e-02
18114	1.095898389922556e-02	1.096478196143185e-02
19204	1.071449745277442e-02	1.071519305237606e-02
20330	1.045168182232781e-02	1.047128548050900e-02
25071	1.007394447104504e-02	1.023292992280754e-02
26031	9.978698355200710e-03	1.000000000000000e-02
31760	9.380417244899353e-03	9.549925860214359e-03
32084	9.296166673919637e-03	9.332543007969915e-03
33274	9.113007055474798e-03	9.120108393559097e-03
40176	8.889100407510786e-03	8.912509381337459e-03
41445	8.695855628257920e-03	8.709635899560805e-03
42574	8.508016112054206e-03	8.511380382023767e-03
42870	8.258672510247811e-03	8.317637711026709e-03
46015	8.049947250803324e-03	8.128305161640995e-03
52466	7.943004060485315e-03	7.943282347242814e-03
59837	7.730442053874298e-03	7.762471166286920e-03
83099	7.585775693896180e-03	7.585775750291836e-03
180000	7.532066808554005e-03	7.585775750291836e-03
%
% index = 1401, name = bbob_f013_i15_d03__bbob_f020_i16_d03
% instance = 7, reference value = 9.906853194794319e-01
% function evaluation | indicator value | target hit
1	8.646856969437027e-01	8.709635899560807e-01
3	8.270968292559937e-01	8.317637711026710e-01
11	7.125934450660441e-01	7.244359600749900e-01
25	5.969149579273196e-01	6.025595860743578e-01
43	2.965979810829664e-01	3.019951720402016e-01
45	2.386293407350658e-01	2.398832919019490e-01
84	2.312390224684506e-01	2.344228815319922e-01
106	2.246238305405678e-01	2.290867652767773e-01
107	2.179769230828914e-01	2.187761623949552e-01
115	1.783276966750211e-01	1.819700858609984e-01
131	1.482744279219700e-01	1.513561248436208e-01
137	1.301800649777507e-01	1.318256738556407e-01
146	1.259832897416954e-01	1.288249551693134e-01
154	1.257991622705357e-01	1.258925411794167e-01
160	1.138146233832692e-01	1.148153621496883e-01
212	1.117526117446503e-01	1.122018454301964e-01
260	8.962892899869690e-02	9.120108393559097e-02
264	8.821144417746540e-02	8.912509381337455e-02
286	8.311191782692362e-02	8.317637711026708e-02
321	4.627582165441169e-02	4.677351412871981e-02
400	4.550082187579241e-02	4.570881896148749e-02
546	4.466785978042309e-02	4.466835921509630e-02
583	3.958263207647084e-02	3.981071705534973e-02
590	3.866088964740688e-02	3.890451449942807e-02
620	3.387763586203896e-02	3.388441561392026e-02
624	3.204900912617714e-02	3.235936569296283e-02
651	1.896153765008313e-02	1.905460717963247e-02
775	1.844814878035317e-02	1.862087136662868e-02
837	1.756155134022419e-02	1.778279410038923e-02
933	1.737435671683618e-02	1.737800828749375e-02
1253	1.697961555389649e-02	1.698243652461744e-02
1282	1.656059776690877e-02	1.659586907437561e-02
1587	1.611471922104279e-02	1.621810097358930e-02
1605	1.558755708348980e-02	1.584893192461113e-02
1619	1.530059598568478e-02	1.548816618912481e-02
2133	1.483784730120452e-02	1.513561248436208e-02
2152	1.406295939735247e-02	1.412537544622754e-02
3106	1.378959115345346e-02	1.380384264602885e-02
10753	1.348514594702077e-02	1.348962882591653e-02
10824	1.293697925125847e-02	1.318256738556407e-02
10969	1.282946565481602e-02	1.288249551693134e-02
36497	1.258603968578131e-02	1.258925411794167e-02
180001	1.252440741403948e-02	1.258925411794167e-02
%
% index = 1402, name = bbob_f013_i17_d03__bbob_f020_i18_d03
% instance = 8, reference value = 7.871726680185900e-01
% function evaluation | indicator value | target hit
1	1.325208774255891e+03	1.348962882591653e+03
13	7.091192071402880e+02	7.244359600749899e+02
31	1.830614563589501e+02	1.862087136662867e+02
39	6.530864661157429e-01	6.606934480075960e-01
57	6.398682065943613e-01	6.456542290346555e-01
74	5.775574937124095e-01	5.888436553555889e-01
89	3.113200144504351e-01	3.162277660168379e-01
272	3.077972911945314e-01	3.090295432513591e-01
294	2.943426784682782e-01	2.951209226666385e-01
378	2.434513621799156e-01	2.454708915685030e-01
380	2.391407188869487e-01	2.398832919019490e-01
394	2.343334746118051e-01	2.344228815319922e-01
395	2.211403557331924e-01	2.238721138568339e-01
454	2.186867727093872e-01	2.187761623949552e-01
472	2.123292489643734e-01	2.137962089502232e-01
500	2.083694098703014e-01	2.089296130854039e-01
547	1.987963942063106e-01	1.995262314968880e-01
588	1.945637498673422e-01	1.949844599758045e-01
762	1.902706247608973e-01	1.905460717963247e-01
889	1.798598867954179e-01	1.819700858609984e-01
1019	1.778162484546442e-01	1.778279410038923e-01
1586	1.582094927630099e-01	1.584893192461113e-01
1598	1.546416102368063e-01	1.548816618912481e-01
1956	1.511245061106286e-01	1.513561248436208e-01
2200	1.477426873440788e-01	1.479108388168208e-01
2421	1.204400980360689e-01	1.230268770812381e-01
2459	1.201932554486241e-01	1.202264434617413e-01
3131	1.168289612513917e-01	1.174897554939529e-01
3135	9.777128760824016e-02	1.000000000000000e-01
3144	9.708891426149480e-02	9.772372209558107e-02
3321	9.537135962349397e-02	9.549925860214359e-02
4659	9.327375408102179e-02	9.332543007969910e-02
7164	9.116324679756727e-02	9.120108393559097e-02
11507	8.907417069756973e-02	8.912509381337455e-02
17913	7.710797747098530e-02	7.762471166286916e-02
19032	7.422583030895435e-02	7.585775750291836e-02
19605	3.437896319860645e-02	3.467368504525317e-02
21178	3.349564639091651e-02	3.388441561392026e-02
21407	3.301940533788195e-02	3.311311214825911e-02
22383	3.088640373728069e-02	3.090295432513590e-02
24267	2.182612796468764e-02	2.187761623949553e-02
28570	2.137936872129442e-02	2.137962089502233e-02
29667	1.914288132756126e-02	1.949844599758046e-02
29914	1.904468686055238e-02	1.905460717963247e-02
35444	1.814908813414651e-02	1.819700858609984e-02
43816	1.620673209977919e-02	1.621810097358930e-02
54610	1.582615709942681e-02	1.584893192461113e-02
74456	1.548383823064792e-02	1.548816618912481e-02
183163	1.531510043416451e-02	1.548816618912481e-02
%
% index = 1403, name = bbob_f013_i19_d03__bbob_f020_i21_d03
% instance = 9, reference value = 9.298915997012170e-01
% function evaluation | indicator value | target hit
1	4.474771390328255e-01	4.570881896148750e-01
3	4.395067124374386e-01	4.466835921509631e-01
6	4.052925324546288e-01	4.073802778041127e-01
10	3.563133408756842e-01	3.630780547701014e-01
26	2.732248693588176e-01	2.754228703338166e-01
38	2.612274332668922e-01	2.630267991895382e-01
71	2.226877023284313e-01	2.238721138568339e-01
167	2.183604389798378e-01	2.187761623949552e-01
189	2.053882136806747e-01	2.089296130854039e-01
196	1.898423675333301e-01	1.905460717963247e-01
237	1.860688854396435e-01	1.862087136662867e-01
285	1.756682824474803e-01	1.778279410038923e-01
308	1.693313573350419e-01	1.698243652461744e-01
363	1.650918246214148e-01	1.659586907437560e-01
364	1.583205083959069e-01	1.584893192461113e-01
385	1.534070564889943e-01	1.548816618912481e-01
402	1.396090632230782e-01	1.412537544622754e-01
407	1.273600140043487e-01	1.288249551693134e-01
443	1.231105207549765e-01	1.258925411794167e-01
444	1.223711212053756e-01	1.230268770812381e-01
457	1.189916283815454e-01	1.202264434617413e-01
471	1.158361330907018e-01	1.174897554939529e-01
519	1.144285830913180e-01	1.148153621496883e-01
543	1.036936668404493e-01	1.047128548050900e-01
573	1.006709168301732e-01	1.023292992280754e-01
742	9.985779927230221e-02	1.000000000000000e-01
761	7.794356318816487e-02	7.943282347242814e-02
766	7.004882415567237e-02	7.079457843841380e-02
769	6.536302313728803e-02	6.606934480075961e-02
829	6.452791799990343e-02	6.456542290346556e-02
892	6.298545195816552e-02	6.309573444801933e-02
898	6.151943414703809e-02	6.165950018614822e-02
932	5.984868363004048e-02	6.025595860743578e-02
951	5.680822798719176e-02	5.754399373371569e-02
986	4.759978279914723e-02	4.786300923226382e-02
1078	4.664067612625999e-02	4.677351412871981e-02
1097	3.979779926642624e-02	3.981071705534973e-02
1264	3.790908465855414e-02	3.801893963205612e-02
1376	3.698972969225578e-02	3.715352290971726e-02
1446	3.622432472803094e-02	3.630780547701014e-02
1656	3.317414753487613e-02	3.388441561392026e-02
1668	3.284382321602719e-02	3.311311214825911e-02
1787	3.226349821271357e-02	3.235936569296283e-02
1799	2.853028025850812e-02	2.884031503126606e-02
1815	2.818350158713456e-02	2.818382931264454e-02
1890	2.753750768547636e-02	2.754228703338166e-02
1918	2.345159380396089e-02	2.398832919019490e-02
1923	2.342010161092511e-02	2.344228815319923e-02
2037	2.290864257160363e-02	2.290867652767773e-02
2395	1.961475920169720e-02	1.995262314968880e-02
2402	1.945448582078413e-02	1.949844599758046e-02
2411	1.843978281150460e-02	1.862087136662868e-02
2442	1.816431103765137e-02	1.819700858609984e-02
2525	1.764996503408489e-02	1.778279410038923e-02
2529	1.726815976806761e-02	1.737800828749375e-02
2561	1.693155399036461e-02	1.698243652461744e-02
2744	1.605905213903425e-02	1.621810097358930e-02
3068	1.583605842517710e-02	1.584893192461113e-02
3135	1.415371325547343e-02	1.445439770745927e-02
3153	1.356055379396504e-02	1.380384264602885e-02
3173	1.325556358948776e-02	1.348962882591653e-02
3201	1.316908565138231e-02	1.318256738556407e-02
4085	1.287785637313688e-02	1.288249551693134e-02
4119	1.207776044234954e-02	1.230268770812382e-02
4137	1.200809388513502e-02	1.202264434617413e-02
4213	1.108268932605994e-02	1.122018454301964e-02
4259	1.096456922326883e-02	1.096478196143185e-02
5090	9.558085251081039e-03	9.772372209558112e-03
5269	9.549072723622376e-03	9.549925860214359e-03
5373	9.172362842087778e-03	9.332543007969915e-03
5418	9.120053962627828e-03	9.120108393559097e-03
5543	8.867284042634926e-03	8.912509381337459e-03
6767	8.362692441006514e-03	8.511380382023767e-03
7053	8.256718676154406e-03	8.317637711026709e-03
7070	7.295788292428051e-03	7.413102413009177e-03
7089	7.242851849176501e-03	7.244359600749898e-03
7350	7.078980263655277e-03	7.079457843841380e-03
7521	6.862832189659440e-03	6.918309709189363e-03
8273	4.512346062057526e-03	4.570881896148752e-03
9828	4.466817890953489e-03	4.466835921509630e-03
9869	4.264616102534036e-03	4.265795188015926e-03
10375	4.075342524935799e-03	4.168693834703355e-03
10382	4.056600046636660e-03	4.073802778041126e-03
13453	3.854478434134778e-03	3.890451449942805e-03
13624	3.704205051184184e-03	3.715352290971724e-03
13701	3.592880313556868e-03	3.630780547701014e-03
13890	3.501342884329350e-03	3.548133892335753e-03
13918	3.465533203929394e-03	3.467368504525317e-03
14250	3.388173940267025e-03	3.388441561392024e-03
18503	3.311058187082105e-03	3.311311214825911e-03
18733	3.200510959523450e-03	3.235936569296281e-03
19000	3.162025470109797e-03	3.162277660168379e-03
19375	3.089931244772304e-03	3.090295432513592e-03
21340	2.988199595691299e-03	3.019951720402016e-03
25425	2.951206152423391e-03	2.951209226666387e-03
25844	2.829220491355922e-03	2.884031503126605e-03
25862	2.807434683866794e-03	2.818382931264455e-03
26397	2.743523854145669e-03	2.754228703338166e-03
26930	2.627142393113679e-03	2.630267991895381e-03
34093	2.523493672534127e-03	2.570395782768865e-03
34137	2.506609984410324e-03	2.511886431509579e-03
35058	2.449902300450058e-03	2.454708915685031e-03
35070	2.181774205599063e-03	2.187761623949552e-03
36294	2.137158483645707e-03	2.137962089502233e-03
36711	2.089295952885095e-03	2.089296130854039e-03
37172	2.041504084783319e-03	2.041737944669530e-03
38784	1.993443140950291e-03	1.995262314968879e-03
40498	1.945048344105471e-03	1.949844599758046e-03
42697	1.904861031951977e-03	1.905460717963246e-03
44658	1.862060432913926e-03	1.862087136662868e-03
46704	1.819571455451419e-03	1.819700858609983e-03
49439	1.777614452499909e-03	1.778279410038923e-03
52233	1.736711250883594e-03	1.737800828749376e-03
57786	1.697319837383859e-03	1.698243652461744e-03
59198	1.659430892274161e-03	1.659586907437561e-03
62138	1.619530168357919e-03	1.621810097358930e-03
66448	1.584795087749002e-03	1.584893192461114e-03
74250	1.548132359698196e-03	1.548816618912481e-03
82621	1.513356042968206e-03	1.513561248436209e-03
88667	1.478367294711846e-03	1.479108388168207e-03
97018	1.442675231015489e-03	1.445439770745928e-03
102840	1.412514387966968e-03	1.412537544622754e-03
110837	1.380179960734584e-03	1.380384264602885e-03
123090	1.348652770614911e-03	1.348962882591653e-03
132558	1.318249131254445e-03	1.318256738556408e-03
156822	1.288249511713691e-03	1.288249551693134e-03
180000	1.260651820128800e-03	1.288249551693134e-03
%
% index = 1404, name = bbob_f013_i21_d03__bbob_f020_i22_d03
% instance = 10, reference value = 8.110748338033420e-01
% function evaluation | indicator value | target hit
1	2.439413323019342e+00	2.454708915685031e+00
15	2.182471620614342e+00	2.187761623949553e+00
18	1.629235854229342e+00	1.659586907437561e+00
28	1.611704475809842e+00	1.621810097358930e+00
75	1.299542933064342e+00	1.318256738556407e+00
100	1.118855028801842e+00	1.122018454301963e+00
119	9.257554394568419e-01	9.332543007969910e-01
121	9.007066305083420e-01	9.120108393559098e-01
149	8.809527525803420e-01	8.912509381337456e-01
158	7.523603350572443e-01	7.585775750291838e-01
203	3.833723756307791e-01	3.890451449942806e-01
225	3.553018247641324e-01	3.630780547701014e-01
264	3.478090460334212e-01	3.548133892335755e-01
276	3.223349789531992e-01	3.235936569296283e-01
281	2.918250871081385e-01	2.951209226666385e-01
300	2.739594610210005e-01	2.754228703338166e-01
302	2.425392584769916e-01	2.454708915685030e-01
306	2.339686055178787e-01	2.344228815319922e-01
347	2.107570988475611e-01	2.137962089502232e-01
350	1.881435890285620e-01	1.905460717963247e-01
356	1.511838002928824e-01	1.513561248436208e-01
359	1.356657064509633e-01	1.380384264602885e-01
360	1.263543964669149e-01	1.288249551693134e-01
362	1.258588943438012e-01	1.258925411794167e-01
366	1.209461670310940e-01	1.230268770812381e-01
377	1.201056201042209e-01	1.202264434617413e-01
414	1.133299522948022e-01	1.148153621496883e-01
449	1.054187341010835e-01	1.071519305237607e-01
453	1.036938152437429e-01	1.047128548050900e-01
474	1.020457809871149e-01	1.023292992280754e-01
510	9.384540037755107e-02	9.549925860214359e-02
513	8.958767096230336e-02	9.120108393559097e-02
521	8.857525921846032e-02	8.912509381337455e-02
531	8.687438965724148e-02	8.709635899560805e-02
538	8.494175444985774e-02	8.511380382023763e-02
541	8.014209344422041e-02	8.128305161640990e-02
542	7.651371971769061e-02	7.762471166286916e-02
552	7.556837907591440e-02	7.585775750291836e-02
593	7.245383829619367e-02	7.413102413009177e-02
596	7.243621728292737e-02	7.244359600749903e-02
734	7.076622619329609e-02	7.079457843841380e-02
748	6.620168911420699e-02	6.760829753919818e-02
749	6.557591514829020e-02	6.606934480075961e-02
765	6.403591888172888e-02	6.456542290346556e-02
777	6.302372983635485e-02	6.309573444801933e-02
781	6.133096329301646e-02	6.165950018614822e-02
801	5.958585914528003e-02	6.025595860743578e-02
831	5.878623773686220e-02	5.888436553555890e-02
852	5.720372454968359e-02	5.754399373371569e-02
864	5.584361708468033e-02	5.623413251903491e-02
889	5.483513661515804e-02	5.495408738576246e-02
908	5.357405777280844e-02	5.370317963702527e-02
924	5.245793315902114e-02	5.248074602497726e-02
1213	5.039638049032535e-02	5.128613839913648e-02
1220	5.004745590652426e-02	5.011872336272722e-02
1249	4.896681493428534e-02	4.897788193684462e-02
1289	4.783568261869942e-02	4.786300923226382e-02
1338	4.665157388910413e-02	4.677351412871981e-02
1370	4.562244370603252e-02	4.570881896148749e-02
1829	4.427927322382585e-02	4.466835921509630e-02
1865	4.364376495731981e-02	4.365158322401658e-02
1894	4.259270313845975e-02	4.265795188015926e-02
1967	4.168006064964136e-02	4.168693834703355e-02
2627	4.071623911142053e-02	4.073802778041128e-02
2758	3.980316841641507e-02	3.981071705534973e-02
2861	3.886691599525149e-02	3.890451449942807e-02
3072	3.798525597207858e-02	3.801893963205612e-02
3169	3.698255588436050e-02	3.715352290971726e-02
4047	3.622476058962987e-02	3.630780547701014e-02
4222	3.541368656286892e-02	3.548133892335755e-02
4365	3.467351951656827e-02	3.467368504525317e-02
4494	3.383310516399474e-02	3.388441561392026e-02
4715	3.286527575896669e-02	3.311311214825911e-02
4750	3.229809884004453e-02	3.235936569296283e-02
4905	3.161268216404567e-02	3.162277660168379e-02
5048	3.087970157339159e-02	3.090295432513590e-02
6422	3.016537149860343e-02	3.019951720402016e-02
6591	2.949334353746325e-02	2.951209226666385e-02
6705	2.875072906689402e-02	2.884031503126606e-02
6833	2.818342772212135e-02	2.818382931264454e-02
6995	2.754118416495910e-02	2.754228703338166e-02
7145	2.689941918475758e-02	2.691534803926915e-02
7316	2.630136391826576e-02	2.630267991895381e-02
7647	2.570019845949612e-02	2.570395782768863e-02
7948	2.511277380547905e-02	2.511886431509579e-02
8215	2.454035397175081e-02	2.454708915685030e-02
8516	2.398073822121882e-02	2.398832919019490e-02
10270	2.337580985505849e-02	2.344228815319923e-02
10468	2.289292877534965e-02	2.290867652767773e-02
10642	2.237853727243733e-02	2.238721138568340e-02
10796	2.185725308529007e-02	2.187761623949553e-02
10895	2.137720044972446e-02	2.137962089502233e-02
11213	2.085359471667314e-02	2.089296130854040e-02
11430	2.036162845200062e-02	2.041737944669529e-02
11709	1.992967670283741e-02	1.995262314968880e-02
11996	1.949629017887233e-02	1.949844599758046e-02
12178	1.903585217430315e-02	1.905460717963247e-02
12426	1.849942651567893e-02	1.862087136662868e-02
12737	1.815136793481065e-02	1.819700858609984e-02
12977	1.769133343434093e-02	1.778279410038923e-02
13051	1.734029381313562e-02	1.737800828749375e-02
13259	1.697147561517010e-02	1.698243652461744e-02
13459	1.659240864885858e-02	1.659586907437561e-02
13851	1.621566570773181e-02	1.621810097358930e-02
14251	1.584772483955788e-02	1.584893192461113e-02
14377	1.547573592560225e-02	1.548816618912481e-02
14591	1.504720965296336e-02	1.513561248436208e-02
14753	1.478341845291553e-02	1.479108388168207e-02
15025	1.445394167255587e-02	1.445439770745927e-02
15500	1.412251063930303e-02	1.412537544622754e-02
15798	1.377872372714950e-02	1.380384264602885e-02
16133	1.348713441521621e-02	1.348962882591653e-02
16366	1.316894926604051e-02	1.318256738556407e-02
16688	1.288132361432071e-02	1.288249551693134e-02
17088	1.255464935802109e-02	1.258925411794167e-02
17386	1.190878359258452e-02	1.202264434617413e-02
17595	1.174627702410591e-02	1.174897554939530e-02
17866	1.147165731020661e-02	1.148153621496883e-02
20185	1.107183685623070e-02	1.122018454301964e-02
20305	1.095253648843486e-02	1.096478196143185e-02
20502	1.071261531081369e-02	1.071519305237606e-02
20796	1.046415927716615e-02	1.047128548050900e-02
21045	1.022917775833743e-02	1.023292992280754e-02
21291	9.999381848219357e-03	1.000000000000000e-02
21658	9.747000218650825e-03	9.772372209558112e-03
21954	9.546565956795927e-03	9.549925860214359e-03
22224	9.332231430856264e-03	9.332543007969915e-03
25472	9.115866408899609e-03	9.120108393559097e-03
25629	8.888498408311740e-03	8.912509381337459e-03
25996	8.701248106079529e-03	8.709635899560805e-03
26494	8.499571381992865e-03	8.511380382023767e-03
26974	8.317590654305262e-03	8.317637711026709e-03
30927	8.126501180065082e-03	8.128305161640995e-03
31266	7.942424227591616e-03	7.943282347242814e-03
31690	7.745575068211719e-03	7.762471166286920e-03
32126	7.581654615528621e-03	7.585775750291836e-03
33007	7.413045729286472e-03	7.413102413009177e-03
38696	7.220548673420590e-03	7.244359600749898e-03
39119	7.071414341779270e-03	7.079457843841380e-03
39819	6.916723801715374e-03	6.918309709189363e-03
40430	6.760827610420628e-03	6.760829753919818e-03
41126	6.606120457727127e-03	6.606934480075957e-03
48638	6.448575922365141e-03	6.456542290346556e-03
49096	6.308198052563330e-03	6.309573444801930e-03
49860	6.151641322879375e-03	6.165950018614822e-03
50429	6.015663602747190e-03	6.025595860743574e-03
50895	5.886379951956400e-03	5.888436553555890e-03
51565	5.742745812074568e-03	5.754399373371567e-03
52767	5.622323756586334e-03	5.623413251903491e-03
53906	5.490438572676948e-03	5.495408738576248e-03
55101	5.264946759565681e-03	5.370317963702527e-03
55115	5.231480834028912e-03	5.248074602497728e-03
56891	5.122949273195343e-03	5.128613839913648e-03
56906	4.991244144357143e-03	5.011872336272725e-03
58035	4.894477431147570e-03	4.897788193684461e-03
58813	4.761054649964569e-03	4.786300923226385e-03
60347	4.585617261990471e-03	4.677351412871981e-03
60448	4.423438058077100e-03	4.466835921509630e-03
60599	4.364627915916519e-03	4.365158322401661e-03
61251	4.245696423546774e-03	4.265795188015926e-03
61951	4.149796465396149e-03	4.168693834703355e-03
62992	4.073512870349960e-03	4.073802778041126e-03
63992	3.933646626808063e-03	3.981071705534973e-03
64603	3.890108643769818e-03	3.890451449942805e-03
65363	3.796582006917126e-03	3.801893963205613e-03
66643	3.685602644869168e-03	3.715352290971724e-03
66999	3.624951584202840e-03	3.630780547701014e-03
68100	3.547619051204487e-03	3.548133892335753e-03
73374	3.418007138292323e-03	3.467368504525317e-03
74076	3.388360810807289e-03	3.388441561392024e-03
75253	3.292178387705680e-03	3.311311214825911e-03
77047	3.231914294715810e-03	3.235936569296281e-03
78872	3.145737142338678e-03	3.162277660168379e-03
81131	3.088160631880554e-03	3.090295432513592e-03
82274	3.019752424965105e-03	3.019951720402016e-03
84976	2.950599037585766e-03	2.951209226666387e-03
87807	2.883877880738295e-03	2.884031503126605e-03
89819	2.817775952875579e-03	2.818382931264455e-03
91732	2.753649564165905e-03	2.754228703338166e-03
94739	2.689939778993011e-03	2.691534803926917e-03
97322	2.628121419106288e-03	2.630267991895381e-03
100159	2.563452858386439e-03	2.570395782768865e-03
103446	2.511596667777560e-03	2.511886431509579e-03
107477	2.454670107418178e-03	2.454708915685031e-03
112374	2.397590004903360e-03	2.398832919019490e-03
115660	2.344178821637510e-03	2.344228815319923e-03
119986	2.287854230863307e-03	2.290867652767772e-03
121575	2.237447768099754e-03	2.238721138568340e-03
125714	2.180299556719612e-03	2.187761623949552e-03
129018	2.137955759429433e-03	2.137962089502233e-03
133521	2.089215467557581e-03	2.089296130854039e-03
137352	2.040197073825079e-03	2.041737944669530e-03
140651	1.993458444173868e-03	1.995262314968879e-03
145133	1.947475954189204e-03	1.949844599758046e-03
150175	1.901864674653586e-03	1.905460717963246e-03
156747	1.862016844882075e-03	1.862087136662868e-03
164751	1.819677786867979e-03	1.819700858609983e-03
171752	1.778239866438547e-03	1.778279410038923e-03
177882	1.736345774439596e-03	1.737800828749376e-03
180001	1.721739859768867e-03	1.737800828749376e-03
%
% index = 1405, name = bbob_f013_i23_d03__bbob_f020_i24_d03
% instance = 11, reference value = 1.000000000000000e+00
% function evaluation | indicator value | target hit
1	2.279943645990570e+00	2.290867652767773e+00
3	1.245143745211500e+00	1.258925411794167e+00
7	6.118914532979804e-01	6.165950018614822e-01
35	4.802940161240231e-01	4.897788193684462e-01
65	4.721067898714821e-01	4.786300923226383e-01
91	4.487722778876764e-01	4.570881896148750e-01
206	4.398494872427223e-01	4.466835921509631e-01
207	4.158700528048875e-01	4.168693834703354e-01
211	3.603648427973617e-01	3.630780547701014e-01
233	2.117300719450410e-01	2.137962089502232e-01
246	1.684291451913877e-01	1.698243652461744e-01
390	1.624885028091918e-01	1.659586907437560e-01
406	1.604402930156027e-01	1.621810097358930e-01
423	6.617995503560037e-02	6.760829753919818e-02
456	6.339718532499738e-02	6.456542290346556e-02
547	5.842987780310804e-02	5.888436553555890e-02
667	5.718482593181318e-02	5.754399373371569e-02
739	5.580029417163690e-02	5.623413251903491e-02
924	5.487979918854113e-02	5.495408738576246e-02
1006	5.366419807734191e-02	5.370317963702527e-02
1392	4.910836179068012e-02	5.011872336272722e-02
1438	4.895821744888296e-02	4.897788193684462e-02
1591	3.996315203156775e-02	4.073802778041128e-02
1681	3.954458971159946e-02	3.981071705534973e-02
2039	3.888211863927304e-02	3.890451449942807e-02
2140	3.681652743849428e-02	3.715352290971726e-02
2235	3.518821200812594e-02	3.548133892335755e-02
2255	3.178904513853276e-02	3.235936569296283e-02
3295	3.161781172269773e-02	3.162277660168379e-02
4331	3.065892083667998e-02	3.090295432513590e-02
4604	2.261179287447468e-02	2.290867652767773e-02
8482	2.234545743458816e-02	2.238721138568340e-02
14581	2.147355446091892e-02	2.187761623949553e-02
15619	2.034952339308116e-02	2.041737944669529e-02
21024	1.971401985360177e-02	1.995262314968880e-02
36046	1.936576285689795e-02	1.949844599758046e-02
180000	1.912415966897985e-02	1.949844599758046e-02
%
% index = 1406, name = bbob_f013_i25_d03__bbob_f020_i26_d03
% instance = 12, reference value = 1.000000000000000e+00
% function evaluation | indicator value | target hit
1	8.586326281302301e-01	8.709635899560807e-01
3	6.570933260221751e-01	6.606934480075960e-01
6	6.276732270461512e-01	6.309573444801932e-01
11	5.934184563352539e-01	6.025595860743578e-01
20	5.886972896909042e-01	5.888436553555889e-01
29	5.048876329393261e-01	5.128613839913648e-01
60	4.948353009231256e-01	5.011872336272722e-01
86	4.786387251886103e-01	4.897788193684462e-01
101	4.785870571780838e-01	4.786300923226383e-01
186	4.657128567214671e-01	4.677351412871982e-01
190	4.157701911508630e-01	4.168693834703354e-01
259	4.003153831452989e-01	4.073802778041127e-01
267	3.829750748170733e-01	3.890451449942806e-01
314	3.800486431406829e-01	3.801893963205612e-01
338	3.700431502543118e-01	3.715352290971726e-01
370	3.020669273278148e-01	3.090295432513591e-01
375	2.950030582482603e-01	2.951209226666385e-01
461	2.425391911359923e-01	2.454708915685030e-01
531	2.392110841976295e-01	2.398832919019490e-01
546	2.113297055781687e-01	2.137962089502232e-01
588	1.943114227438089e-01	1.949844599758045e-01
599	1.905261709370228e-01	1.905460717963247e-01
683	1.854241006839626e-01	1.862087136662867e-01
713	1.691645206981407e-01	1.698243652461744e-01
966	1.557903292740935e-01	1.584893192461113e-01
970	1.548765436606885e-01	1.548816618912481e-01
1024	1.510084799474343e-01	1.513561248436208e-01
1065	1.476900199828267e-01	1.479108388168208e-01
1093	1.431110853026910e-01	1.445439770745928e-01
1364	1.403889296748205e-01	1.412537544622754e-01
1428	1.379766840024567e-01	1.380384264602885e-01
1937	1.348911329809347e-01	1.348962882591654e-01
2639	1.316233302397521e-01	1.318256738556407e-01
5072	1.286018070055063e-01	1.288249551693134e-01
27575	1.248552520266860e-01	1.258925411794167e-01
32927	1.214693595394857e-01	1.230268770812381e-01
125195	1.202263110917490e-01	1.202264434617413e-01
180001	1.202122164969838e-01	1.202264434617413e-01
%
% index = 1407, name = bbob_f013_i27_d03__bbob_f020_i28_d03
% instance = 13, reference value = 1.000000000000000e+00
% function evaluation | indicator value | target hit
1	2.815041011607500e+00	2.818382931264454e+00
2	2.082357030914000e+00	2.089296130854040e+00
37	2.024676455312500e+00	2.041737944669529e+00
74	1.691625736221000e+00	1.698243652461744e+00
102	1.567922942311000e+00	1.584893192461114e+00
145	1.545703140894000e+00	1.548816618912481e+00
149	1.339909647477000e+00	1.348962882591654e+00
178	1.090258268780000e+00	1.096478196143185e+00
264	8.611322918119895e-01	8.709635899560807e-01
364	8.453189445311635e-01	8.511380382023764e-01
395	6.736521714547451e-01	6.760829753919817e-01
414	6.581296356365351e-01	6.606934480075960e-01
443	6.265593443504556e-01	6.309573444801932e-01
467	5.952413607915743e-01	6.025595860743578e-01
587	5.769676342302914e-01	5.888436553555889e-01
591	5.660527879143740e-01	5.754399373371569e-01
635	5.606507875166551e-01	5.623413251903491e-01
687	4.957581924430253e-01	5.011872336272722e-01
706	4.743284729425595e-01	4.786300923226383e-01
816	4.632531623452910e-01	4.677351412871982e-01
819	4.053255073294939e-01	4.073802778041127e-01
959	3.975757494052742e-01	3.981071705534972e-01
1160	3.796197473263107e-01	3.801893963205612e-01
1192	3.714394221342795e-01	3.715352290971726e-01
1252	3.613138142678551e-01	3.630780547701014e-01
1691	3.514437367501091e-01	3.548133892335755e-01
2383	3.467206660549604e-01	3.467368504525316e-01
2479	3.388297372547002e-01	3.388441561392025e-01
4497	3.306800340122970e-01	3.311311214825911e-01
6223	3.231528395372643e-01	3.235936569296283e-01
9084	3.129724693671566e-01	3.162277660168379e-01
12115	3.088378675551630e-01	3.090295432513591e-01
30506	3.001674186417272e-01	3.019951720402016e-01
32670	2.948045606368136e-01	2.951209226666385e-01
46356	2.870935968318457e-01	2.884031503126606e-01
180000	2.822288583355720e-01	2.884031503126606e-01
%
% index = 1408, name = bbob_f013_i29_d03__bbob_f020_i30_d03
% instance = 14, reference value = 1.000000000000000e+00
% function evaluation | indicator value | target hit
1	6.019827224914570e-01	6.025595860743578e-01
5	5.732416875941955e-01	5.754399373371569e-01
29	5.589993296682167e-01	5.623413251903491e-01
42	4.709650065988340e-01	4.786300923226383e-01
57	4.664387094904388e-01	4.677351412871982e-01
95	4.425747957521354e-01	4.466835921509631e-01
101	4.070015615019387e-01	4.073802778041127e-01
200	3.552420393132885e-01	3.630780547701014e-01
220	3.455370314943103e-01	3.467368504525316e-01
251	3.382411760922671e-01	3.388441561392025e-01
335	3.100525813352789e-01	3.162277660168379e-01
351	3.022652719509779e-01	3.090295432513591e-01
356	3.005031837628619e-01	3.019951720402016e-01
374	2.941007260077796e-01	2.951209226666385e-01
409	2.874958804745864e-01	2.884031503126606e-01
520	2.704732559063092e-01	2.754228703338166e-01
533	2.675957204736930e-01	2.691534803926916e-01
558	2.618266975483186e-01	2.630267991895382e-01
607	2.560721811989503e-01	2.570395782768864e-01
623	2.509806690883365e-01	2.511886431509580e-01
629	2.294427459150450e-01	2.344228815319922e-01
636	2.286264673825495e-01	2.290867652767773e-01
641	2.187653655636319e-01	2.187761623949552e-01
687	2.137442695763931e-01	2.137962089502232e-01
986	2.059723321242567e-01	2.089296130854039e-01
1310	2.020994542831558e-01	2.041737944669530e-01
1376	1.898108606144037e-01	1.905460717963247e-01
1504	1.861460659638338e-01	1.862087136662867e-01
1682	1.817928080650515e-01	1.819700858609984e-01
2031	1.764968207137674e-01	1.778279410038923e-01
2093	1.736193549318696e-01	1.737800828749375e-01
2332	1.695747295060125e-01	1.698243652461744e-01
3039	1.659586629153187e-01	1.659586907437560e-01
3830	1.597088423926966e-01	1.621810097358930e-01
4053	1.578150280312445e-01	1.584893192461113e-01
4420	1.480880076299795e-01	1.513561248436208e-01
5320	1.474092283017367e-01	1.479108388168208e-01
5377	1.386818851487004e-01	1.412537544622754e-01
5434	1.379159575763373e-01	1.380384264602885e-01
7304	1.341052043026404e-01	1.348962882591654e-01
9882	1.311587692700709e-01	1.318256738556407e-01
17538	1.288192247620782e-01	1.288249551693134e-01
24079	1.255829826198236e-01	1.258925411794167e-01
38855	1.228535320934609e-01	1.230268770812381e-01
180000	1.205963131923582e-01	1.230268770812381e-01
%
% index = 1409, name = bbob_f013_i31_d03__bbob_f020_i34_d03
% instance = 15, reference value = 1.000000000000000e+00
% function evaluation | indicator value | target hit
1	6.505141136424542e-01	6.606934480075960e-01
27	6.417619057277646e-01	6.456542290346555e-01
28	6.255201188273143e-01	6.309573444801932e-01
66	5.887559294995357e-01	5.888436553555889e-01
93	4.194780282887979e-01	4.265795188015927e-01
101	4.157130696969514e-01	4.168693834703354e-01
127	3.875471796310186e-01	3.890451449942806e-01
137	3.734911006164527e-01	3.801893963205612e-01
191	3.702944812947112e-01	3.715352290971726e-01
220	3.513541664131631e-01	3.548133892335755e-01
255	3.451175177285473e-01	3.467368504525316e-01
259	2.802420157652993e-01	2.818382931264454e-01
297	2.637830328319934e-01	2.691534803926916e-01
315	2.545825178459086e-01	2.570395782768864e-01
371	2.463851778962520e-01	2.511886431509580e-01
394	2.448034987844859e-01	2.454708915685030e-01
403	2.317482727781071e-01	2.344228815319922e-01
449	2.290838640464613e-01	2.290867652767773e-01
465	2.228079981881945e-01	2.238721138568339e-01
491	2.019688792307144e-01	2.041737944669530e-01
542	1.903415997908251e-01	1.905460717963247e-01
570	1.812102940148360e-01	1.819700858609984e-01
571	1.696627094067777e-01	1.698243652461744e-01
605	1.654060210898592e-01	1.659586907437560e-01
643	1.449806110869510e-01	1.479108388168208e-01
668	1.435550155293401e-01	1.445439770745928e-01
739	1.410926731892848e-01	1.412537544622754e-01
777	1.379038472282896e-01	1.380384264602885e-01
963	1.346558286057201e-01	1.348962882591654e-01
1731	1.242159837924585e-01	1.258925411794167e-01
2400	1.053924184457241e-01	1.071519305237607e-01
2506	1.047051118495665e-01	1.047128548050900e-01
17076	1.023292600435539e-01	1.023292992280754e-01
87918	9.460165095883044e-02	9.549925860214359e-02
180000	9.339907306469886e-02	9.549925860214359e-02
