%
% index = 360, name = bbob_f006_i02_d02__bbob_f017_i04_d02
% instance = 1, reference value = 8.905430387989750e-01
% function evaluation | indicator value | target hit
1	1.138049538987475e+00	1.148153621496883e+00
9	6.866916187757239e-01	6.918309709189365e-01
38	6.583998502478976e-01	6.606934480075960e-01
51	5.633614230058508e-01	5.754399373371569e-01
59	3.829172941685764e-01	3.890451449942806e-01
72	3.659453269690357e-01	3.715352290971726e-01
74	2.689263572174178e-01	2.691534803926916e-01
76	1.550751183087326e-01	1.584893192461113e-01
80	1.062679387577665e-01	1.071519305237607e-01
99	1.018579442845446e-01	1.023292992280754e-01
119	8.575701020520754e-02	8.709635899560805e-02
216	7.800523855321617e-02	7.943282347242814e-02
232	6.885830830593154e-02	6.918309709189366e-02
242	5.854813682052717e-02	5.888436553555890e-02
308	4.579929031542451e-02	4.677351412871981e-02
316	4.332813909096012e-02	4.365158322401658e-02
400	3.750423075187626e-02	3.801893963205612e-02
435	3.626511462813409e-02	3.630780547701014e-02
447	3.249144547279670e-02	3.311311214825911e-02
497	3.186365900261823e-02	3.235936569296283e-02
525	3.061029846756047e-02	3.090295432513590e-02
556	3.012898125939678e-02	3.019951720402016e-02
605	2.942164401348102e-02	2.951209226666385e-02
610	2.268148910452927e-02	2.290867652767773e-02
623	2.186933508309385e-02	2.187761623949553e-02
701	1.774619591968341e-02	1.778279410038923e-02
773	1.569571915591916e-02	1.584893192461113e-02
812	1.134322159329182e-02	1.148153621496883e-02
834	1.115281116193201e-02	1.122018454301964e-02
872	1.060049790237871e-02	1.071519305237606e-02
893	1.041129857724366e-02	1.047128548050900e-02
929	1.022693889460691e-02	1.023292992280754e-02
959	9.788698839210075e-03	1.000000000000000e-02
1005	9.234481139924089e-03	9.332543007969915e-03
1245	8.921476180901666e-03	9.120108393559097e-03
1257	8.804663797275292e-03	8.912509381337459e-03
1261	8.700446978217036e-03	8.709635899560805e-03
1294	8.289375787894682e-03	8.317637711026709e-03
1463	7.737550062591358e-03	7.762471166286920e-03
1482	5.471563299140558e-03	5.495408738576248e-03
1566	4.980830533250047e-03	5.011872336272725e-03
1591	4.798637166408604e-03	4.897788193684461e-03
1615	4.627486642340473e-03	4.677351412871981e-03
1636	4.288879054428096e-03	4.365158322401661e-03
1652	4.163552667246218e-03	4.168693834703355e-03
1815	3.634916629482454e-03	3.715352290971724e-03
1817	3.587105321348649e-03	3.630780547701014e-03
1837	3.404951395263311e-03	3.467368504525317e-03
2192	3.380356316964539e-03	3.388441561392024e-03
2358	3.275607428488869e-03	3.311311214825911e-03
2380	3.124084659404613e-03	3.162277660168379e-03
2384	3.035969171505837e-03	3.090295432513592e-03
2404	3.018225103590511e-03	3.019951720402016e-03
2834	2.947332490662702e-03	2.951209226666387e-03
2988	2.848937639861382e-03	2.884031503126605e-03
3018	2.775243099608193e-03	2.818382931264455e-03
3028	2.710835474852291e-03	2.754228703338166e-03
3120	2.639002738430651e-03	2.691534803926917e-03
3136	2.628177475305860e-03	2.630267991895381e-03
3165	2.548977922880780e-03	2.570395782768865e-03
3940	2.509609055756368e-03	2.511886431509579e-03
3960	2.255605831181895e-03	2.290867652767772e-03
3996	2.220588996614037e-03	2.238721138568340e-03
4809	2.142413140018284e-03	2.187761623949552e-03
4850	2.136096845362423e-03	2.137962089502233e-03
4936	2.004578284746317e-03	2.041737944669530e-03
5023	1.995079926457755e-03	1.995262314968879e-03
5390	1.784266581524752e-03	1.819700858609983e-03
6013	1.771795783662711e-03	1.778279410038923e-03
6517	1.733105331953588e-03	1.737800828749376e-03
8797	1.695943092895669e-03	1.698243652461744e-03
8916	1.652970191776681e-03	1.659586907437561e-03
9409	1.614559865023346e-03	1.621810097358930e-03
11586	1.564385834841753e-03	1.584893192461114e-03
11793	1.541227979077187e-03	1.548816618912481e-03
11903	1.376091885060049e-03	1.380384264602885e-03
12084	1.113117704794608e-03	1.122018454301963e-03
12135	1.064121141523211e-03	1.071519305237606e-03
13022	9.796982699583623e-04	1.000000000000000e-03
13134	8.779792095796601e-04	8.912509381337459e-04
13614	8.491859867724161e-04	8.511380382023768e-04
15813	8.307650886321127e-04	8.317637711026709e-04
17497	7.912174549837836e-04	7.943282347242813e-04
18438	7.389338910865906e-04	7.413102413009177e-04
19407	7.162559933384660e-04	7.244359600749898e-04
22963	6.677025177754814e-04	6.760829753919819e-04
23220	6.519467185563954e-04	6.606934480075957e-04
24465	6.437862944222994e-04	6.456542290346556e-04
25735	6.157157709266725e-04	6.165950018614823e-04
27104	5.743614652801154e-04	5.754399373371566e-04
28053	5.385453374359139e-04	5.495408738576248e-04
28283	5.366235895847282e-04	5.370317963702527e-04
29376	5.109580843954964e-04	5.128613839913648e-04
31265	5.000318351653377e-04	5.011872336272725e-04
32301	4.893710700353271e-04	4.897788193684461e-04
32308	4.710027417964557e-04	4.786300923226385e-04
33426	4.675092534573988e-04	4.677351412871981e-04
38011	4.480754641202900e-04	4.570881896148752e-04
38085	4.320177052635765e-04	4.365158322401661e-04
38467	4.247399718740885e-04	4.265795188015926e-04
38473	3.874730117271463e-04	3.890451449942805e-04
39115	3.719164066096070e-04	3.801893963205612e-04
39194	3.687513755032956e-04	3.715352290971724e-04
39680	3.614502739748282e-04	3.630780547701014e-04
40566	3.530626429871786e-04	3.548133892335753e-04
41101	3.086362231461415e-04	3.090295432513592e-04
41939	3.010995718289999e-04	3.019951720402016e-04
42067	2.870780556247787e-04	2.884031503126605e-04
43205	2.818123328292010e-04	2.818382931264455e-04
45864	2.731959610968726e-04	2.754228703338166e-04
46714	2.672138280408465e-04	2.691534803926917e-04
47448	2.611212226283355e-04	2.630267991895381e-04
50182	2.533524446102220e-04	2.570395782768865e-04
50881	2.505013982307958e-04	2.511886431509580e-04
53593	2.453805110838037e-04	2.454708915685031e-04
54396	2.383143050369574e-04	2.398832919019490e-04
63795	2.342340922942832e-04	2.344228815319923e-04
64879	2.284257195270811e-04	2.290867652767772e-04
65173	2.236571324355507e-04	2.238721138568340e-04
65926	2.184978174378793e-04	2.187761623949552e-04
66979	2.136507375661845e-04	2.137962089502232e-04
67655	2.085113265338778e-04	2.089296130854039e-04
69017	2.028868780493687e-04	2.041737944669530e-04
70486	1.994540269549816e-04	1.995262314968879e-04
70706	1.807950300435346e-04	1.819700858609983e-04
71640	1.760194363530365e-04	1.778279410038923e-04
72299	1.669717728817188e-04	1.698243652461744e-04
72484	1.657991157378857e-04	1.659586907437562e-04
74491	1.618718406111164e-04	1.621810097358930e-04
75135	1.562996323376531e-04	1.584893192461114e-04
76021	1.546903634410679e-04	1.548816618912481e-04
77178	1.508361055464480e-04	1.513561248436209e-04
77338	1.474266586023454e-04	1.479108388168207e-04
78009	1.443932366026468e-04	1.445439770745928e-04
78852	1.412290120370585e-04	1.412537544622754e-04
79699	1.373545395190190e-04	1.380384264602885e-04
80922	1.347387050270044e-04	1.348962882591653e-04
83172	1.317193932258709e-04	1.318256738556407e-04
90190	1.288229643899852e-04	1.288249551693134e-04
91849	1.257689849639698e-04	1.258925411794167e-04
93616	1.229456858199418e-04	1.230268770812381e-04
93809	1.200356325996577e-04	1.202264434617413e-04
94915	1.174425345422669e-04	1.174897554939529e-04
97256	1.145173148703327e-04	1.148153621496883e-04
98789	1.113616029196907e-04	1.122018454301963e-04
99502	1.070855893381406e-04	1.071519305237606e-04
104542	1.041248793726135e-04	1.047128548050900e-04
105131	1.017243465456508e-04	1.023292992280754e-04
107290	9.952517820266404e-05	1.000000000000000e-04
115689	9.750283017417871e-05	9.772372209558111e-05
116330	9.505685490263094e-05	9.549925860214369e-05
118046	9.249534001287696e-05	9.332543007969905e-05
118727	9.093084965583476e-05	9.120108393559096e-05
120000	9.017946245282182e-05	9.120108393559096e-05
%
% index = 361, name = bbob_f006_i03_d02__bbob_f017_i05_d02
% instance = 2, reference value = 9.443709270745280e-01
% function evaluation | indicator value | target hit
1	4.863600109890738e-01	4.897788193684462e-01
13	3.696930083024427e-01	3.715352290971726e-01
23	2.577207725787070e-01	2.630267991895382e-01
40	1.695511397172111e-01	1.698243652461744e-01
74	1.382378215784500e-01	1.412537544622754e-01
94	1.063382529206076e-01	1.071519305237607e-01
121	1.029966166772442e-01	1.047128548050900e-01
191	9.865371418137758e-02	1.000000000000000e-01
207	6.407566259824748e-02	6.456542290346556e-02
286	5.926125598310850e-02	6.025595860743578e-02
287	5.886406609680983e-02	5.888436553555890e-02
298	4.171396209000688e-02	4.265795188015926e-02
302	3.797779114568378e-02	3.801893963205612e-02
318	3.263078160308552e-02	3.311311214825911e-02
326	3.215966175053808e-02	3.235936569296283e-02
336	2.597214379624735e-02	2.630267991895381e-02
363	2.341295050906733e-02	2.344228815319923e-02
389	2.110496379917504e-02	2.137962089502233e-02
428	1.911216699316398e-02	1.949844599758046e-02
457	1.901477150878261e-02	1.905460717963247e-02
461	1.835513019229285e-02	1.862087136662868e-02
493	1.733964892543838e-02	1.737800828749375e-02
497	1.590244433491983e-02	1.621810097358930e-02
523	1.486647263031593e-02	1.513561248436208e-02
527	1.455346916830558e-02	1.479108388168207e-02
575	1.343692448127842e-02	1.348962882591653e-02
696	1.318026632158731e-02	1.318256738556407e-02
699	1.248395039274708e-02	1.258925411794167e-02
850	1.178760382836785e-02	1.202264434617413e-02
856	1.150133443396184e-02	1.174897554939530e-02
857	1.145805246615106e-02	1.148153621496883e-02
961	1.106164741923332e-02	1.122018454301964e-02
970	1.082447471489534e-02	1.096478196143185e-02
973	1.071059311068479e-02	1.071519305237606e-02
1129	8.909700551724575e-03	8.912509381337459e-03
1200	8.528198951744059e-03	8.709635899560805e-03
1231	8.263214507520433e-03	8.317637711026709e-03
1250	8.013458459047218e-03	8.128305161640995e-03
1310	7.681332769919003e-03	7.762471166286920e-03
1322	7.286100129110573e-03	7.413102413009177e-03
1326	7.070306704502149e-03	7.079457843841380e-03
1329	6.608989990379288e-03	6.760829753919818e-03
1333	6.598460676447870e-03	6.606934480075957e-03
1340	5.839695401996692e-03	5.888436553555890e-03
1352	4.711009009971900e-03	4.786300923226385e-03
1354	3.746426197687502e-03	3.801893963205613e-03
1355	3.305162615673707e-03	3.311311214825911e-03
1396	3.073775252367850e-03	3.090295432513592e-03
1407	2.865477531160732e-03	2.884031503126605e-03
1451	2.779873866783245e-03	2.818382931264455e-03
1500	2.566941753035623e-03	2.570395782768865e-03
1831	2.485347974174545e-03	2.511886431509579e-03
1850	2.380625325642871e-03	2.398832919019490e-03
1884	2.328792600582386e-03	2.344228815319923e-03
1923	2.277200693273529e-03	2.290867652767772e-03
1934	2.204476006718137e-03	2.238721138568340e-03
1990	2.145790228146316e-03	2.187761623949552e-03
2037	1.940145746268995e-03	1.949844599758046e-03
2346	1.677614456112697e-03	1.698243652461744e-03
2347	1.582496123147425e-03	1.584893192461114e-03
2600	1.542177175872683e-03	1.548816618912481e-03
3193	1.507250236455260e-03	1.513561248436209e-03
3205	1.398228536033663e-03	1.412537544622754e-03
3443	1.376065137454363e-03	1.380384264602885e-03
3606	1.348590501037528e-03	1.348962882591653e-03
4186	1.313424966073229e-03	1.318256738556408e-03
4359	1.268423539420804e-03	1.288249551693134e-03
4573	1.258585957290337e-03	1.258925411794167e-03
5502	1.216784811563176e-03	1.230268770812381e-03
5643	1.195242319595113e-03	1.202264434617413e-03
5911	1.171719643992430e-03	1.174897554939529e-03
7870	1.145558725512363e-03	1.148153621496883e-03
9856	1.113225684503449e-03	1.122018454301963e-03
11290	1.086646062798069e-03	1.096478196143185e-03
11651	1.063073953512794e-03	1.071519305237606e-03
14482	1.045388272660763e-03	1.047128548050900e-03
20075	1.023011787151251e-03	1.023292992280754e-03
20672	9.978814655192680e-04	1.000000000000000e-03
21409	6.843755486257708e-04	6.918309709189362e-04
26786	6.755236494395689e-04	6.760829753919819e-04
28867	6.416635666087744e-04	6.456542290346556e-04
32449	6.284739105583137e-04	6.309573444801930e-04
34220	6.105232752632306e-04	6.165950018614823e-04
35850	6.022799534404211e-04	6.025595860743575e-04
37771	5.592532901116387e-04	5.623413251903491e-04
51098	5.470389980057888e-04	5.495408738576248e-04
51968	5.366265921947777e-04	5.370317963702527e-04
54972	5.207064636792991e-04	5.248074602497728e-04
55837	4.534270644196425e-04	4.570881896148752e-04
57288	4.376920078945634e-04	4.466835921509630e-04
57507	4.336650288758737e-04	4.365158322401661e-04
62520	4.138939535729413e-04	4.168693834703355e-04
70174	4.071412480867176e-04	4.073802778041126e-04
85320	3.943221110860318e-04	3.981071705534974e-04
96407	3.887972483729296e-04	3.890451449942805e-04
100788	3.573204004431174e-04	3.630780547701014e-04
100857	3.444055281726088e-04	3.467368504525317e-04
103457	3.377130942242568e-04	3.388441561392024e-04
108041	3.304764985107012e-04	3.311311214825911e-04
111788	3.114382857649645e-04	3.162277660168379e-04
113815	3.078944525169991e-04	3.090295432513592e-04
120000	3.078938340888016e-04	3.090295432513592e-04
%
% index = 362, name = bbob_f006_i07_d02__bbob_f017_i08_d02
% instance = 3, reference value = 9.785600433003180e-01
% function evaluation | indicator value | target hit
1	5.120348409914838e+00	5.128613839913648e+00
20	2.474229794421711e+00	2.511886431509580e+00
33	2.448784573086318e+00	2.454708915685031e+00
39	1.506869741353818e+00	1.513561248436208e+00
42	9.956430125463179e-01	1.000000000000000e+00
75	3.682734435281089e-01	3.715352290971726e-01
108	2.965340595285599e-01	3.019951720402016e-01
111	2.682778348832974e-01	2.691534803926916e-01
114	1.697406823003236e-01	1.698243652461744e-01
176	1.497725495086657e-01	1.513561248436208e-01
198	1.344119211440933e-01	1.348962882591654e-01
200	6.545615562570528e-02	6.606934480075961e-02
215	4.809355916107438e-02	4.897788193684462e-02
238	4.725807476497967e-02	4.786300923226382e-02
260	4.376401374058037e-02	4.466835921509630e-02
289	4.338806367577841e-02	4.365158322401658e-02
314	3.715567081919335e-02	3.801893963205612e-02
397	3.712560460692915e-02	3.715352290971726e-02
398	2.960396009722477e-02	3.019951720402016e-02
401	2.950323561919965e-02	2.951209226666385e-02
449	2.037948508489940e-02	2.041737944669529e-02
468	1.961532913102526e-02	1.995262314968880e-02
525	1.527031574922300e-02	1.548816618912481e-02
530	1.322286043422094e-02	1.348962882591653e-02
543	1.316587531546987e-02	1.318256738556407e-02
586	1.274255090096554e-02	1.288249551693134e-02
611	1.217244205822554e-02	1.230268770812382e-02
651	1.200731515830822e-02	1.202264434617413e-02
659	1.080215362291059e-02	1.096478196143185e-02
697	1.035952688885444e-02	1.047128548050900e-02
729	9.832605670989758e-03	1.000000000000000e-02
761	9.771721124523292e-03	9.772372209558112e-03
883	9.520148173881693e-03	9.549925860214359e-03
943	5.983507558041334e-03	6.025595860743574e-03
960	5.238440941921607e-03	5.248074602497728e-03
1125	4.823563245894613e-03	4.897788193684461e-03
1186	4.691197053155127e-03	4.786300923226385e-03
1209	4.661347012679173e-03	4.677351412871981e-03
1251	4.359540613185997e-03	4.365158322401661e-03
1284	4.206234186056923e-03	4.265795188015926e-03
1344	4.160064275884445e-03	4.168693834703355e-03
1373	3.300160797953033e-03	3.311311214825911e-03
1476	3.233617586746118e-03	3.235936569296281e-03
2190	3.162100825011338e-03	3.162277660168379e-03
2375	3.048009457635281e-03	3.090295432513592e-03
4224	2.934893602087096e-03	2.951209226666387e-03
5683	2.859822691613556e-03	2.884031503126605e-03
6602	2.772469108124009e-03	2.818382931264455e-03
6854	2.594275488734921e-03	2.630267991895381e-03
6955	2.326857900104340e-03	2.344228815319923e-03
7509	2.255010016031678e-03	2.290867652767772e-03
8071	2.237612234404440e-03	2.238721138568340e-03
9937	2.183296199697149e-03	2.187761623949552e-03
10214	1.906292128195708e-03	1.949844599758046e-03
10416	1.905015782731723e-03	1.905460717963246e-03
11710	1.571032714605569e-03	1.584893192461114e-03
13281	1.531404748001730e-03	1.548816618912481e-03
13501	1.091124659639675e-03	1.096478196143185e-03
14181	1.071519023649770e-03	1.071519305237606e-03
14561	1.039744134409881e-03	1.047128548050900e-03
15486	1.011638213222366e-03	1.023292992280754e-03
17686	9.825169602742934e-04	1.000000000000000e-03
20115	9.728986013310958e-04	9.772372209558111e-04
30244	9.458895253093846e-04	9.549925860214359e-04
32648	9.202663985853343e-04	9.332543007969915e-04
36117	9.118603429746353e-04	9.120108393559096e-04
41777	8.894380403867697e-04	8.912509381337459e-04
42325	7.751147126975333e-04	7.762471166286919e-04
44545	7.529865334948704e-04	7.585775750291835e-04
46831	6.426441019796725e-04	6.456542290346556e-04
46947	6.163003688548496e-04	6.165950018614823e-04
49565	5.979699273398476e-04	6.025595860743575e-04
50320	4.909705028630640e-04	5.011872336272725e-04
50466	4.886629902245421e-04	4.897788193684461e-04
52213	4.666089886715685e-04	4.677351412871981e-04
52701	4.386290741346111e-04	4.466835921509630e-04
54583	4.276266997889078e-04	4.365158322401661e-04
55349	4.230814120755877e-04	4.265795188015926e-04
57829	4.141749425303765e-04	4.168693834703355e-04
58966	3.885270397172569e-04	3.890451449942805e-04
59757	3.669605369304163e-04	3.715352290971724e-04
62197	3.621306620005260e-04	3.630780547701014e-04
67609	3.518198158812824e-04	3.548133892335753e-04
68849	3.462520068232555e-04	3.467368504525317e-04
68891	3.386539210320505e-04	3.388441561392024e-04
68934	3.291200842768793e-04	3.311311214825911e-04
70809	3.152129456337471e-04	3.162277660168379e-04
71789	3.070541155577589e-04	3.090295432513592e-04
74209	3.011795508857107e-04	3.019951720402016e-04
75388	2.596674409759414e-04	2.630267991895381e-04
75786	2.539621213328846e-04	2.570395782768865e-04
76828	2.500684785060603e-04	2.511886431509580e-04
77111	2.447396482784248e-04	2.454708915685031e-04
77822	2.354128151907942e-04	2.398832919019490e-04
78218	2.335980445965502e-04	2.344228815319923e-04
78489	2.275329967038608e-04	2.290867652767772e-04
78969	2.091686874200471e-04	2.137962089502232e-04
81269	2.088885575133315e-04	2.089296130854039e-04
82165	1.866282592591917e-04	1.905460717963246e-04
82617	1.768883117454489e-04	1.778279410038923e-04
84135	1.706004312566067e-04	1.737800828749376e-04
84446	1.676045131205894e-04	1.698243652461744e-04
85194	1.613216277497331e-04	1.621810097358930e-04
85620	1.467353190679477e-04	1.479108388168207e-04
85965	1.386848364299809e-04	1.412537544622754e-04
86383	1.247764293329512e-04	1.258925411794167e-04
88032	1.199819845969508e-04	1.202264434617413e-04
89039	1.157935531653775e-04	1.174897554939529e-04
89215	1.146043748831982e-04	1.148153621496883e-04
90159	1.089565574500240e-04	1.096478196143185e-04
92545	1.054481568700805e-04	1.071519305237606e-04
93705	9.533935929517678e-05	9.549925860214369e-05
94035	9.328562184507394e-05	9.332543007969905e-05
94350	8.940763787179673e-05	9.120108393559096e-05
94354	8.824362288917253e-05	8.912509381337459e-05
97756	8.512990080145055e-05	8.709635899560814e-05
97917	8.499370275738549e-05	8.511380382023759e-05
98142	8.031035937094977e-05	8.128305161640995e-05
98208	7.651235727634820e-05	7.762471166286911e-05
98332	7.457697987556244e-05	7.585775750291836e-05
106969	7.386750820859156e-05	7.413102413009176e-05
106991	7.198939394870152e-05	7.244359600749906e-05
107856	6.504244827099104e-05	6.606934480075965e-05
107857	6.267805381410252e-05	6.309573444801929e-05
108127	6.006428689386833e-05	6.025595860743581e-05
110498	5.835874390480722e-05	5.888436553555884e-05
111343	5.690604750530071e-05	5.754399373371566e-05
112097	5.595753247489288e-05	5.623413251903491e-05
112579	5.442560707014099e-05	5.495408738576248e-05
113123	5.220709379627486e-05	5.248074602497723e-05
117705	5.106224102902068e-05	5.128613839913648e-05
118071	4.999689954576780e-05	5.011872336272725e-05
120473	4.944265706918749e-05	5.011872336272725e-05
%
% index = 363, name = bbob_f006_i09_d02__bbob_f017_i10_d02
% instance = 4, reference value = 8.273806713676500e-01
% function evaluation | indicator value | target hit
1	5.130848543093746e+00	5.248074602497725e+00
9	4.415873774789119e+00	4.466835921509632e+00
17	4.083653056542835e+00	4.168693834703354e+00
48	1.741755242470650e+00	1.778279410038923e+00
69	8.122401389833197e-01	8.128305161640993e-01
105	7.204190479423744e-01	7.244359600749900e-01
122	6.263676325730839e-01	6.309573444801932e-01
200	6.156837612674172e-01	6.165950018614822e-01
311	4.015592959717103e-01	4.073802778041127e-01
349	3.713766404652704e-01	3.715352290971726e-01
351	2.702767751913125e-01	2.754228703338166e-01
366	2.108444858816677e-01	2.137962089502232e-01
370	2.082163162348037e-01	2.089296130854039e-01
438	2.003699034194687e-01	2.041737944669530e-01
444	1.982813960797144e-01	1.995262314968880e-01
448	1.200988078642290e-01	1.202264434617413e-01
467	1.151101048438747e-01	1.174897554939529e-01
517	1.132504536869786e-01	1.148153621496883e-01
558	1.096686042192961e-01	1.122018454301964e-01
578	1.092499540510120e-01	1.096478196143185e-01
598	1.070079745837332e-01	1.071519305237607e-01
641	9.428705999955711e-02	9.549925860214359e-02
650	9.273716301046131e-02	9.332543007969910e-02
728	8.996180231895134e-02	9.120108393559097e-02
805	8.771056610852968e-02	8.912509381337455e-02
838	8.601903478723716e-02	8.709635899560805e-02
899	6.953064970460432e-02	7.079457843841380e-02
910	6.911184683331417e-02	6.918309709189366e-02
969	6.746049856470149e-02	6.760829753919818e-02
1070	6.578070989766960e-02	6.606934480075961e-02
1082	5.034428894002108e-02	5.128613839913648e-02
1126	4.987102293247792e-02	5.011872336272722e-02
1153	4.876050959275235e-02	4.897788193684462e-02
1377	3.919309409973171e-02	3.981071705534973e-02
1434	3.114963470199406e-02	3.162277660168379e-02
1447	3.022939891529930e-02	3.090295432513590e-02
1448	2.997542493125882e-02	3.019951720402016e-02
1468	2.829429206299972e-02	2.884031503126606e-02
1530	2.751952927139856e-02	2.754228703338166e-02
1570	2.562384770616910e-02	2.570395782768863e-02
1591	2.200207659948317e-02	2.238721138568340e-02
1627	1.726554061705965e-02	1.737800828749375e-02
1648	1.696776931684085e-02	1.698243652461744e-02
1673	1.602953351752456e-02	1.621810097358930e-02
1947	1.573281210183441e-02	1.584893192461113e-02
2052	1.459718023121281e-02	1.479108388168207e-02
2068	1.442386335882695e-02	1.445439770745927e-02
2176	1.285963172097060e-02	1.288249551693134e-02
2180	1.211115385869166e-02	1.230268770812382e-02
2274	1.181604781643963e-02	1.202264434617413e-02
2596	1.174816836516102e-02	1.174897554939530e-02
2681	1.145840518697017e-02	1.148153621496883e-02
2687	9.389440647301961e-03	9.549925860214359e-03
2773	9.308077099090206e-03	9.332543007969915e-03
2833	9.097398837423665e-03	9.120108393559097e-03
3387	8.263872187002641e-03	8.317637711026709e-03
3514	8.067228032429541e-03	8.128305161640995e-03
4108	7.847106217951150e-03	7.943282347242814e-03
4172	7.561520537056055e-03	7.585775750291836e-03
4367	7.324276606795688e-03	7.413102413009177e-03
5286	7.230824747595399e-03	7.244359600749898e-03
5318	6.715882201589696e-03	6.760829753919818e-03
5439	6.602555625603634e-03	6.606934480075957e-03
7235	6.441153228241125e-03	6.456542290346556e-03
7461	5.916621086295648e-03	6.025595860743574e-03
7741	5.875870553008089e-03	5.888436553555890e-03
8054	5.745775965069200e-03	5.754399373371567e-03
8918	5.623333268224284e-03	5.623413251903491e-03
9536	5.306286003928573e-03	5.370317963702527e-03
11774	5.247386835532275e-03	5.248074602497728e-03
11981	5.097134898898292e-03	5.128613839913648e-03
13114	4.982071746447714e-03	5.011872336272725e-03
13264	4.330031212345653e-03	4.365158322401661e-03
14445	3.933353952615848e-03	3.981071705534973e-03
15120	3.888898435154275e-03	3.890451449942805e-03
16591	3.745905326787202e-03	3.801893963205613e-03
17222	3.662684716296050e-03	3.715352290971724e-03
17290	3.625826353734096e-03	3.630780547701014e-03
19195	3.297086140686578e-03	3.311311214825911e-03
21054	3.234191416415788e-03	3.235936569296281e-03
23357	3.156520796585682e-03	3.162277660168379e-03
24590	3.039946090142687e-03	3.090295432513592e-03
27296	3.019359327242843e-03	3.019951720402016e-03
31855	2.489538799947066e-03	2.511886431509579e-03
31863	2.043699498672891e-03	2.089296130854039e-03
32064	2.039873061871145e-03	2.041737944669530e-03
33070	1.926208500525162e-03	1.949844599758046e-03
33430	1.905459766930351e-03	1.905460717963246e-03
33559	1.821146116828376e-03	1.862087136662868e-03
33594	1.815820561326897e-03	1.819700858609983e-03
33950	1.622142997929399e-03	1.659586907437561e-03
34061	1.520944978453787e-03	1.548816618912481e-03
34333	1.513038408961664e-03	1.513561248436209e-03
34458	1.217681956612315e-03	1.230268770812381e-03
34495	1.190764224098584e-03	1.202264434617413e-03
35654	1.164320627085269e-03	1.174897554939529e-03
35665	1.088211254843263e-03	1.096478196143185e-03
36271	1.007928915367384e-03	1.023292992280754e-03
37030	9.995808404076323e-04	1.000000000000000e-03
37339	9.388647675107054e-04	9.549925860214359e-04
37698	9.251048855203337e-04	9.332543007969915e-04
39023	8.087644901860758e-04	8.128305161640995e-04
39578	6.805310249311525e-04	6.918309709189362e-04
40140	6.676120830793053e-04	6.760829753919819e-04
44226	6.339098346558325e-04	6.456542290346556e-04
44229	6.290436005618183e-04	6.309573444801930e-04
44753	6.165258468753265e-04	6.165950018614823e-04
45097	5.946843481418052e-04	6.025595860743575e-04
45356	5.852766042718782e-04	5.888436553555889e-04
46283	5.693815950267300e-04	5.754399373371566e-04
46521	5.470812212973186e-04	5.495408738576248e-04
47761	5.360052387531899e-04	5.370317963702527e-04
47848	5.138436362618348e-04	5.248074602497728e-04
48170	5.037712611878353e-04	5.128613839913648e-04
48428	5.003541124407596e-04	5.011872336272725e-04
48620	4.746347492390335e-04	4.786300923226385e-04
49092	4.584548635879759e-04	4.677351412871981e-04
49416	4.550527449763697e-04	4.570881896148752e-04
49452	4.454724034674840e-04	4.466835921509630e-04
50078	4.362121377989858e-04	4.365158322401661e-04
51464	4.260919896860171e-04	4.265795188015926e-04
52135	4.134284093967322e-04	4.168693834703355e-04
54161	4.053946544261278e-04	4.073802778041126e-04
55447	3.977764012170759e-04	3.981071705534974e-04
55674	3.784141293597942e-04	3.801893963205612e-04
56563	3.690739956621059e-04	3.715352290971724e-04
57046	3.245364733688305e-04	3.311311214825911e-04
58496	3.235244926024228e-04	3.235936569296281e-04
60352	3.066142371109803e-04	3.090295432513592e-04
60990	2.895673803645638e-04	2.951209226666387e-04
67081	2.883820236498913e-04	2.884031503126605e-04
67298	2.816134139537185e-04	2.818382931264455e-04
68448	2.693107016958907e-04	2.754228703338166e-04
68525	2.690502047135723e-04	2.691534803926917e-04
68663	2.579378867436644e-04	2.630267991895381e-04
68714	2.569694797908140e-04	2.570395782768865e-04
69818	2.509300546522653e-04	2.511886431509580e-04
69983	2.451986154812236e-04	2.454708915685031e-04
71027	2.377779901625576e-04	2.398832919019490e-04
71236	2.180159598780262e-04	2.187761623949552e-04
71878	2.137243828246316e-04	2.137962089502232e-04
71949	2.052245453990631e-04	2.089296130854039e-04
72240	2.038231697859549e-04	2.041737944669530e-04
72989	1.993866737981520e-04	1.995262314968879e-04
75159	1.873748634535488e-04	1.905460717963246e-04
76219	1.861922966798213e-04	1.862087136662868e-04
76802	1.789788285685434e-04	1.819700858609983e-04
77135	1.751242636286454e-04	1.778279410038923e-04
77637	1.703568108497588e-04	1.737800828749376e-04
78120	1.680565791961630e-04	1.698243652461744e-04
79958	1.637487485209865e-04	1.659586907437562e-04
80070	1.553449830421494e-04	1.584893192461114e-04
80289	1.546128764121635e-04	1.548816618912481e-04
81928	1.509278105014111e-04	1.513561248436209e-04
83626	1.461700905019958e-04	1.479108388168207e-04
84487	1.376814086228029e-04	1.380384264602885e-04
85049	1.344718943170342e-04	1.348962882591653e-04
91161	1.318208478958693e-04	1.318256738556407e-04
92786	1.275561224853838e-04	1.288249551693134e-04
93491	1.258774719884448e-04	1.258925411794167e-04
94122	1.226831236897930e-04	1.230268770812381e-04
94880	1.202241499044243e-04	1.202264434617413e-04
97877	1.173085530430384e-04	1.174897554939529e-04
98987	1.113315972384177e-04	1.122018454301963e-04
100808	1.096169745993247e-04	1.096478196143185e-04
102058	1.050268785247610e-04	1.071519305237606e-04
102826	1.045303479235704e-04	1.047128548050900e-04
105170	1.017991303985388e-04	1.023292992280754e-04
107660	9.981010791049183e-05	1.000000000000000e-04
116227	9.772359139381681e-05	9.772372209558111e-05
116993	9.484517881042098e-05	9.549925860214369e-05
118131	9.331248672272974e-05	9.332543007969905e-05
118329	9.111201544864667e-05	9.120108393559096e-05
119474	8.845875904150979e-05	8.912509381337459e-05
120001	8.788658039937669e-05	8.912509381337459e-05
%
% index = 364, name = bbob_f006_i11_d02__bbob_f017_i12_d02
% instance = 5, reference value = 9.036252148430760e-01
% function evaluation | indicator value | target hit
1	8.539997724687011e-01	8.709635899560807e-01
12	2.882251084077823e-01	2.884031503126606e-01
30	2.159578721269645e-01	2.187761623949552e-01
60	2.000082185877197e-01	2.041737944669530e-01
81	1.968084048990105e-01	1.995262314968880e-01
109	1.459171841168337e-01	1.479108388168208e-01
120	1.126575367329016e-01	1.148153621496883e-01
177	1.030325122336733e-01	1.047128548050900e-01
181	9.854676849401123e-02	1.000000000000000e-01
189	9.303838114725094e-02	9.332543007969910e-02
206	7.517021630590293e-02	7.585775750291836e-02
222	7.382327965595681e-02	7.413102413009177e-02
290	7.223532917444486e-02	7.244359600749903e-02
292	5.847936108816232e-02	5.888436553555890e-02
310	5.439587786683864e-02	5.495408738576246e-02
334	4.043527505489808e-02	4.073802778041128e-02
433	3.929572175094187e-02	3.981071705534973e-02
450	3.779450178036248e-02	3.801893963205612e-02
452	3.343795586925769e-02	3.388441561392026e-02
457	3.300521840996784e-02	3.311311214825911e-02
552	3.230406299087496e-02	3.235936569296283e-02
601	3.092132686736504e-02	3.162277660168379e-02
612	3.087882820084564e-02	3.090295432513590e-02
723	2.981688424368800e-02	3.019951720402016e-02
753	2.488220971395583e-02	2.511886431509579e-02
798	1.962014124785116e-02	1.995262314968880e-02
810	1.941027586537891e-02	1.949844599758046e-02
820	1.827609020908694e-02	1.862087136662868e-02
892	1.723904717113611e-02	1.737800828749375e-02
953	1.691110984059441e-02	1.698243652461744e-02
1119	1.648934870667607e-02	1.659586907437561e-02
1174	1.543873957816211e-02	1.548816618912481e-02
1189	1.104244409863642e-02	1.122018454301964e-02
1353	1.010655639870905e-02	1.023292992280754e-02
1412	9.463202324091369e-03	9.549925860214359e-03
1448	8.477137160629034e-03	8.511380382023767e-03
1566	7.648982768421186e-03	7.762471166286920e-03
1585	7.532910858600972e-03	7.585775750291836e-03
1661	7.327196145371140e-03	7.413102413009177e-03
1712	7.033469350272825e-03	7.079457843841380e-03
1731	6.909075289464384e-03	6.918309709189363e-03
1990	6.663271836942042e-03	6.760829753919818e-03
2065	6.182136732710508e-03	6.309573444801930e-03
2126	5.889393429468370e-03	6.025595860743574e-03
2127	5.885188136820707e-03	5.888436553555890e-03
2169	5.250799245458571e-03	5.370317963702527e-03
2197	5.205566958875973e-03	5.248074602497728e-03
2257	5.026098029596748e-03	5.128613839913648e-03
2267	4.908808349856297e-03	5.011872336272725e-03
2287	4.891734540616977e-03	4.897788193684461e-03
2299	4.727152794386291e-03	4.786300923226385e-03
2303	4.659666445839594e-03	4.677351412871981e-03
2314	4.465701841627756e-03	4.466835921509630e-03
2477	4.346810054198458e-03	4.365158322401661e-03
2490	4.242317638336823e-03	4.265795188015926e-03
2563	3.381962143014894e-03	3.388441561392024e-03
2856	3.174262413186857e-03	3.235936569296281e-03
2878	3.020568689456549e-03	3.090295432513592e-03
3171	2.865580983636762e-03	2.884031503126605e-03
3227	2.687274746093204e-03	2.691534803926917e-03
3375	2.621220422707404e-03	2.630267991895381e-03
3552	2.123033947917130e-03	2.137962089502233e-03
4251	2.067102831375234e-03	2.089296130854039e-03
4258	2.041599647137349e-03	2.041737944669530e-03
4386	1.994359958994663e-03	1.995262314968879e-03
5171	1.914732571052347e-03	1.949844599758046e-03
5282	1.900277564568231e-03	1.905460717963246e-03
5459	1.852222061978770e-03	1.862087136662868e-03
5565	1.741996901619580e-03	1.778279410038923e-03
5575	1.711541075689049e-03	1.737800828749376e-03
5655	1.524821674417365e-03	1.548816618912481e-03
6520	1.513531317746231e-03	1.513561248436209e-03
8497	1.479025884643104e-03	1.479108388168207e-03
8565	1.305033159931579e-03	1.318256738556408e-03
8755	1.241410509972840e-03	1.258925411794167e-03
9308	1.227943653038355e-03	1.230268770812381e-03
9416	1.187591367460383e-03	1.202264434617413e-03
11503	1.159140039796336e-03	1.174897554939529e-03
11751	1.144690085071232e-03	1.148153621496883e-03
15496	1.090823929917106e-03	1.096478196143185e-03
20136	1.043915683015650e-03	1.047128548050900e-03
20757	9.523093640033675e-04	9.549925860214359e-04
25732	9.324341176550899e-04	9.332543007969915e-04
26054	9.116523076375671e-04	9.120108393559096e-04
28108	8.904506880194063e-04	8.912509381337459e-04
28109	8.554707859023125e-04	8.709635899560805e-04
28353	8.294499068960404e-04	8.317637711026709e-04
28531	8.038514572860089e-04	8.128305161640995e-04
35623	7.917683977947121e-04	7.943282347242813e-04
35668	7.722815599459087e-04	7.762471166286919e-04
35855	6.981109901621485e-04	7.079457843841380e-04
36610	6.899227796297591e-04	6.918309709189362e-04
37856	6.648393246668771e-04	6.760829753919819e-04
38249	6.592484901064566e-04	6.606934480075957e-04
40145	6.011677217159228e-04	6.025595860743575e-04
53035	5.882616301911003e-04	5.888436553555889e-04
55494	5.676186856825582e-04	5.754399373371566e-04
55608	5.572789787465782e-04	5.623413251903491e-04
56331	5.459862359136203e-04	5.495408738576248e-04
58755	5.344560865361281e-04	5.370317963702527e-04
60528	5.242853747650100e-04	5.248074602497728e-04
62208	5.037372222643777e-04	5.128613839913648e-04
67909	4.982423095236665e-04	5.011872336272725e-04
70329	4.113116801559569e-04	4.168693834703355e-04
79233	4.070742665533977e-04	4.073802778041126e-04
80640	3.979580501883850e-04	3.981071705534974e-04
84340	3.887116853673600e-04	3.890451449942805e-04
86891	3.723781234675760e-04	3.801893963205612e-04
87817	3.709696942337803e-04	3.715352290971724e-04
91161	3.612749595556242e-04	3.630780547701014e-04
92855	3.540272705609970e-04	3.548133892335753e-04
94631	3.455271543824079e-04	3.467368504525317e-04
105843	3.356156038970548e-04	3.388441561392024e-04
109140	3.306672964696888e-04	3.311311214825911e-04
110707	3.100303463869913e-04	3.162277660168379e-04
111273	3.075712029547706e-04	3.090295432513592e-04
114248	3.018777954117979e-04	3.019951720402016e-04
120000	2.963535943903972e-04	3.019951720402016e-04
%
% index = 365, name = bbob_f006_i13_d02__bbob_f017_i14_d02
% instance = 6, reference value = 9.535979298309990e-01
% function evaluation | indicator value | target hit
1	6.379714175043726e-01	6.456542290346555e-01
6	1.519331463361454e-01	1.548816618912481e-01
27	1.352214565307908e-01	1.380384264602885e-01
33	1.238916608224011e-01	1.258925411794167e-01
48	9.771998939162618e-02	9.772372209558107e-02
53	7.690860945887579e-02	7.762471166286916e-02
75	7.325325195872889e-02	7.413102413009177e-02
121	6.964294666834003e-02	7.079457843841380e-02
147	5.980250765959971e-02	6.025595860743578e-02
190	4.439650451052046e-02	4.466835921509630e-02
204	4.235757890823433e-02	4.265795188015926e-02
277	3.938901020196572e-02	3.981071705534973e-02
293	3.455278213270108e-02	3.467368504525317e-02
300	3.291334952109282e-02	3.311311214825911e-02
315	3.108475414250000e-02	3.162277660168379e-02
342	2.581335389688733e-02	2.630267991895381e-02
376	2.324018989633958e-02	2.344228815319923e-02
431	2.280450893398633e-02	2.290867652767773e-02
542	2.201710050030581e-02	2.238721138568340e-02
545	2.154602114172088e-02	2.187761623949553e-02
608	2.055455029826347e-02	2.089296130854040e-02
635	1.369954255725636e-02	1.380384264602885e-02
676	1.340246282777491e-02	1.348962882591653e-02
689	1.249978518218386e-02	1.258925411794167e-02
710	1.183224924387460e-02	1.202264434617413e-02
720	1.106804246319526e-02	1.122018454301964e-02
775	8.171084746048884e-03	8.317637711026709e-03
819	7.996367757348022e-03	8.128305161640995e-03
871	7.936944088642761e-03	7.943282347242814e-03
881	6.815672080362489e-03	6.918309709189363e-03
904	6.096562698085006e-03	6.165950018614822e-03
934	5.895863880413743e-03	6.025595860743574e-03
958	5.159631958634892e-03	5.248074602497728e-03
1127	5.057650989807705e-03	5.128613839913648e-03
1137	4.997863322350415e-03	5.011872336272725e-03
1150	4.331399694227356e-03	4.365158322401661e-03
1162	4.258975955962252e-03	4.265795188015926e-03
1200	4.109991065225249e-03	4.168693834703355e-03
1210	4.068093134907969e-03	4.073802778041126e-03
1277	3.955312927849008e-03	3.981071705534973e-03
1428	3.070252510387617e-03	3.090295432513592e-03
1785	2.785779539199673e-03	2.818382931264455e-03
1798	2.367137590947754e-03	2.398832919019490e-03
1818	2.330232306724578e-03	2.344228815319923e-03
1923	2.265246064190540e-03	2.290867652767772e-03
1929	2.220116243110470e-03	2.238721138568340e-03
2034	2.169790038640040e-03	2.187761623949552e-03
2082	2.107956236717556e-03	2.137962089502233e-03
2382	1.512533352518886e-03	1.513561248436209e-03
2474	1.438304962324888e-03	1.445439770745928e-03
2483	1.411060706646539e-03	1.412537544622754e-03
2623	1.329499316875760e-03	1.348962882591653e-03
2661	1.317665315518912e-03	1.318256738556408e-03
2690	1.149880371522527e-03	1.174897554939529e-03
3097	1.145210485735793e-03	1.148153621496883e-03
3100	1.076139863244729e-03	1.096478196143185e-03
3155	1.063523909267672e-03	1.071519305237606e-03
3158	1.030685002389675e-03	1.047128548050900e-03
3319	1.022934751022109e-03	1.023292992280754e-03
3891	7.556668473476247e-04	7.585775750291835e-04
3895	7.288214138000404e-04	7.413102413009177e-04
4041	7.242588369129610e-04	7.244359600749898e-04
4209	7.059646299905076e-04	7.079457843841380e-04
5134	6.896642116045459e-04	6.918309709189362e-04
5620	6.666113887008329e-04	6.760829753919819e-04
5705	6.606306789141980e-04	6.606934480075957e-04
6980	6.291857172278092e-04	6.309573444801930e-04
9141	6.098194028686388e-04	6.165950018614823e-04
9269	5.900130965356132e-04	6.025595860743575e-04
9428	5.873294635859727e-04	5.888436553555889e-04
9764	5.753306138062131e-04	5.754399373371566e-04
12781	5.621969453515341e-04	5.623413251903491e-04
15538	5.494453675016775e-04	5.495408738576248e-04
15609	5.296454437834219e-04	5.370317963702527e-04
16902	5.248055178475042e-04	5.248074602497728e-04
20739	5.116701517081657e-04	5.128613839913648e-04
29805	4.999131146662394e-04	5.011872336272725e-04
31342	4.892189982808048e-04	4.897788193684461e-04
31600	3.928032305727802e-04	3.981071705534974e-04
39883	3.873499941944303e-04	3.890451449942805e-04
40163	3.702557681324326e-04	3.715352290971724e-04
41542	3.531963797887006e-04	3.548133892335753e-04
44434	3.402585357695775e-04	3.467368504525317e-04
46041	3.382645145046936e-04	3.388441561392024e-04
53828	3.291705596746297e-04	3.311311214825911e-04
58049	3.235303308154469e-04	3.235936569296281e-04
77356	3.133619869395421e-04	3.162277660168379e-04
77768	3.047376903922983e-04	3.090295432513592e-04
92839	2.991163960359700e-04	3.019951720402016e-04
97160	2.933774195709171e-04	2.951209226666387e-04
97505	2.761136634676919e-04	2.818382931264455e-04
100455	2.736501369767774e-04	2.754228703338166e-04
119007	2.686662818431884e-04	2.691534803926917e-04
120001	2.669645469778326e-04	2.691534803926917e-04
%
% index = 366, name = bbob_f006_i15_d02__bbob_f017_i16_d02
% instance = 7, reference value = 7.236241290106710e-01
% function evaluation | indicator value | target hit
1	3.092056277104671e+00	3.162277660168380e+00
3	2.141583126645671e+00	2.187761623949553e+00
8	2.131852017785671e+00	2.137962089502232e+00
23	2.036149659380671e+00	2.041737944669529e+00
25	1.808000911212974e+00	1.819700858609983e+00
31	9.694460284581708e-01	9.772372209558107e-01
91	5.599955555987812e-01	5.623413251903491e-01
124	4.218600092478261e-01	4.265795188015927e-01
136	4.088091757649469e-01	4.168693834703354e-01
148	4.057134887246555e-01	4.073802778041127e-01
153	3.921644786729973e-01	3.981071705534972e-01
174	3.888212158730034e-01	3.890451449942806e-01
178	3.317587007421711e-01	3.388441561392025e-01
181	3.305604428536759e-01	3.311311214825911e-01
206	1.776295697936444e-01	1.778279410038923e-01
223	1.606364357017349e-01	1.621810097358930e-01
253	1.558294888155407e-01	1.584893192461113e-01
255	1.520816762488486e-01	1.548816618912481e-01
264	1.465668371644274e-01	1.479108388168208e-01
351	1.215634116021411e-01	1.230268770812381e-01
369	1.197194460879190e-01	1.202264434617413e-01
430	1.152642084123902e-01	1.174897554939529e-01
431	1.147978872087437e-01	1.148153621496883e-01
489	1.013808010403886e-01	1.023292992280754e-01
493	9.603026220291966e-02	9.772372209558107e-02
501	9.414164506153444e-02	9.549925860214359e-02
508	9.272892967187674e-02	9.332543007969910e-02
541	8.997450361672776e-02	9.120108393559097e-02
582	6.828488193847593e-02	6.918309709189366e-02
595	5.841610000360498e-02	5.888436553555890e-02
660	5.624813438600851e-02	5.754399373371569e-02
671	5.575310931942723e-02	5.623413251903491e-02
724	5.416941247364870e-02	5.495408738576246e-02
748	5.327253431800882e-02	5.370317963702527e-02
754	5.213763613713362e-02	5.248074602497726e-02
821	5.107100470822912e-02	5.128613839913648e-02
903	4.922784591062268e-02	5.011872336272722e-02
915	4.895525086298891e-02	4.897788193684462e-02
946	3.946309716818086e-02	3.981071705534973e-02
975	3.886235532049476e-02	3.890451449942807e-02
987	3.498814975404174e-02	3.548133892335755e-02
994	3.449483351782956e-02	3.467368504525317e-02
1160	3.380467969726486e-02	3.388441561392026e-02
1176	3.278959382934088e-02	3.311311214825911e-02
1183	2.228261333437498e-02	2.238721138568340e-02
1211	2.143019152417780e-02	2.187761623949553e-02
1216	2.070969573510151e-02	2.089296130854040e-02
1242	1.655661757243143e-02	1.659586907437561e-02
1251	1.575569322152759e-02	1.584893192461113e-02
1324	1.455420605674929e-02	1.479108388168207e-02
1361	1.445371314208255e-02	1.445439770745927e-02
1375	1.404097609267463e-02	1.412537544622754e-02
1414	1.378158876540736e-02	1.380384264602885e-02
1427	1.335297693217385e-02	1.348962882591653e-02
1451	1.310161178120128e-02	1.318256738556407e-02
1486	1.264834666857950e-02	1.288249551693134e-02
1502	1.224131326506717e-02	1.230268770812382e-02
1741	1.197007491876867e-02	1.202264434617413e-02
1745	1.107481258364129e-02	1.122018454301964e-02
1793	1.092685511292835e-02	1.096478196143185e-02
1823	1.036537547567518e-02	1.047128548050900e-02
1858	9.875480199271092e-03	1.000000000000000e-02
1861	9.586281951434517e-03	9.772372209558112e-03
1872	9.522968211295169e-03	9.549925860214359e-03
1899	9.322197093204143e-03	9.332543007969915e-03
1952	8.909831179072847e-03	8.912509381337459e-03
2033	8.608210482463297e-03	8.709635899560805e-03
2052	8.074677040330935e-03	8.128305161640995e-03
2062	7.878435269313200e-03	7.943282347242814e-03
2068	7.752338277215998e-03	7.762471166286920e-03
2110	7.569372198635294e-03	7.585775750291836e-03
2180	7.389581386294086e-03	7.413102413009177e-03
2255	7.233409920652134e-03	7.244359600749898e-03
2256	7.049694860067901e-03	7.079457843841380e-03
2618	6.916529885326206e-03	6.918309709189363e-03
2632	6.641793395834150e-03	6.760829753919818e-03
2671	6.595664191916151e-03	6.606934480075957e-03
2800	6.423877451741444e-03	6.456542290346556e-03
2859	6.236781456837481e-03	6.309573444801930e-03
2885	6.155970464980287e-03	6.165950018614822e-03
2893	6.005959779762926e-03	6.025595860743574e-03
2896	5.778192793498782e-03	5.888436553555890e-03
2913	5.718394529904081e-03	5.754399373371567e-03
3036	5.618479819041955e-03	5.623413251903491e-03
3079	5.430002168300474e-03	5.495408738576248e-03
3126	5.367716634493869e-03	5.370317963702527e-03
3646	5.164451706235251e-03	5.248074602497728e-03
3661	5.127693354770257e-03	5.128613839913648e-03
3693	5.010958317943959e-03	5.011872336272725e-03
3710	4.894483962398666e-03	4.897788193684461e-03
3765	4.693289104506837e-03	4.786300923226385e-03
3776	4.676138376570105e-03	4.677351412871981e-03
3784	4.230812877356271e-03	4.265795188015926e-03
3799	3.803912279119470e-03	3.890451449942805e-03
3815	3.801787510187116e-03	3.801893963205613e-03
3986	3.712776104678794e-03	3.715352290971724e-03
4102	3.630459760517124e-03	3.630780547701014e-03
4201	3.539479917177291e-03	3.548133892335753e-03
4228	3.467056933540213e-03	3.467368504525317e-03
4294	3.369583301514933e-03	3.388441561392024e-03
4410	3.308871867919949e-03	3.311311214825911e-03
4466	3.218438226090026e-03	3.235936569296281e-03
4525	3.153274282462037e-03	3.162277660168379e-03
5126	3.068264600959880e-03	3.090295432513592e-03
5236	3.017755670238986e-03	3.019951720402016e-03
5265	2.935499120716445e-03	2.951209226666387e-03
5370	2.883427228200341e-03	2.884031503126605e-03
5491	2.759708660133420e-03	2.818382931264455e-03
5508	2.753917847738041e-03	2.754228703338166e-03
5657	2.688899595718719e-03	2.691534803926917e-03
5663	2.598972638684027e-03	2.630267991895381e-03
5705	2.550597715701652e-03	2.570395782768865e-03
5786	2.505767590659569e-03	2.511886431509579e-03
5792	2.433877506258675e-03	2.454708915685031e-03
5796	2.385412577020629e-03	2.398832919019490e-03
5833	2.323294892685901e-03	2.344228815319923e-03
5922	2.289897588531153e-03	2.290867652767772e-03
6082	2.230193788186785e-03	2.238721138568340e-03
6136	2.133599138287590e-03	2.137962089502233e-03
6257	1.863651451297743e-03	1.905460717963246e-03
6258	1.808740036540080e-03	1.819700858609983e-03
7058	1.777868825006523e-03	1.778279410038923e-03
7132	1.689692219544403e-03	1.698243652461744e-03
7208	1.655331596117304e-03	1.659586907437561e-03
7263	1.586756825742497e-03	1.621810097358930e-03
7311	1.584756441425750e-03	1.584893192461114e-03
7346	1.512532246109033e-03	1.513561248436209e-03
7427	1.405773818393907e-03	1.412537544622754e-03
7589	1.379115008063092e-03	1.380384264602885e-03
7680	1.333106053770683e-03	1.348962882591653e-03
7782	1.291381908870459e-03	1.318256738556408e-03
8800	1.275726859425563e-03	1.288249551693134e-03
8912	1.257155175437674e-03	1.258925411794167e-03
8954	1.222082310344264e-03	1.230268770812381e-03
9019	1.189571638791076e-03	1.202264434617413e-03
9112	1.174723183551385e-03	1.174897554939529e-03
9362	1.148121383498846e-03	1.148153621496883e-03
11247	1.118109464593231e-03	1.122018454301963e-03
11432	1.090577277274907e-03	1.096478196143185e-03
11581	1.070700832201066e-03	1.071519305237606e-03
11734	1.029393507021359e-03	1.047128548050900e-03
11785	1.021614596757647e-03	1.023292992280754e-03
12021	9.983370448518603e-04	1.000000000000000e-03
12287	9.760028185660241e-04	9.772372209558111e-04
12482	9.483473133489184e-04	9.549925860214359e-04
14494	9.244330695161729e-04	9.332543007969915e-04
14749	9.116021475960023e-04	9.120108393559096e-04
14811	8.901951091448979e-04	8.912509381337459e-04
15128	8.637016171137990e-04	8.709635899560805e-04
15215	8.201857353368203e-04	8.317637711026709e-04
15601	8.115083005565404e-04	8.128305161640995e-04
15651	7.917814901604592e-04	7.943282347242813e-04
16100	7.757455146493175e-04	7.762471166286919e-04
19114	7.559793690513628e-04	7.585775750291835e-04
19515	7.412639641501961e-04	7.413102413009177e-04
20101	7.243784773854900e-04	7.244359600749898e-04
21766	7.055920229830370e-04	7.079457843841380e-04
25900	6.902897139484665e-04	6.918309709189362e-04
26184	5.962910141703581e-04	6.025595860743575e-04
27022	5.853119820059538e-04	5.888436553555889e-04
27720	5.738914426967057e-04	5.754399373371566e-04
29127	5.606469059551422e-04	5.623413251903491e-04
34503	5.493051377279956e-04	5.495408738576248e-04
37174	5.361604781077833e-04	5.370317963702527e-04
37795	4.721562539703461e-04	4.786300923226385e-04
39236	4.455112033255881e-04	4.466835921509630e-04
40133	4.364573883347544e-04	4.365158322401661e-04
41225	4.265747548780618e-04	4.265795188015926e-04
48786	3.611991832533912e-04	3.630780547701014e-04
50492	3.388576608133187e-04	3.467368504525317e-04
50523	3.386726631745551e-04	3.388441561392024e-04
54208	3.304084974946608e-04	3.311311214825911e-04
55115	3.205674219781685e-04	3.235936569296281e-04
56594	3.150775268264683e-04	3.162277660168379e-04
59971	3.022860221340018e-04	3.090295432513592e-04
60937	3.019933431025468e-04	3.019951720402016e-04
62510	2.943834199425899e-04	2.951209226666387e-04
66563	2.879823868775500e-04	2.884031503126605e-04
79921	2.721303116608453e-04	2.754228703338166e-04
80008	2.562443127617220e-04	2.570395782768865e-04
82715	2.511882274286448e-04	2.511886431509580e-04
84414	2.139390502725602e-04	2.187761623949552e-04
84685	2.136104987464638e-04	2.137962089502232e-04
90492	2.064054372903357e-04	2.089296130854039e-04
93883	2.008028687685570e-04	2.041737944669530e-04
94460	1.970597447472633e-04	1.995262314968879e-04
102548	1.942595234712963e-04	1.949844599758046e-04
105447	1.765053073233824e-04	1.778279410038923e-04
110305	1.737532913084205e-04	1.737800828749376e-04
116321	1.697909012501331e-04	1.698243652461744e-04
118728	1.657694173761159e-04	1.659586907437562e-04
120000	1.656990283813720e-04	1.659586907437562e-04
%
% index = 367, name = bbob_f006_i17_d02__bbob_f017_i18_d02
% instance = 8, reference value = 8.778373120820410e-01
% function evaluation | indicator value | target hit
1	1.454439987103041e+00	1.479108388168207e+00
6	3.534911510287501e-01	3.548133892335755e-01
75	2.437176186515211e-01	2.454708915685030e-01
84	1.503809575554795e-01	1.513561248436208e-01
105	1.271372164084988e-01	1.288249551693134e-01
109	1.193380786687590e-01	1.202264434617413e-01
120	1.078085236119848e-01	1.096478196143185e-01
123	9.278513161580104e-02	9.332543007969910e-02
137	8.135670618095525e-02	8.317637711026708e-02
147	8.095279441346770e-02	8.128305161640990e-02
205	6.624161614707247e-02	6.760829753919818e-02
210	6.285641514494311e-02	6.309573444801933e-02
211	6.157859167338864e-02	6.165950018614822e-02
215	5.958649099624835e-02	6.025595860743578e-02
386	5.875159971243560e-02	5.888436553555890e-02
416	5.754018926445059e-02	5.754399373371569e-02
835	4.339597682165341e-02	4.365158322401658e-02
1155	3.434897689137917e-02	3.467368504525317e-02
1971	2.315086242399189e-02	2.344228815319923e-02
2003	2.113475688590616e-02	2.137962089502233e-02
2058	1.876490241405837e-02	1.905460717963247e-02
2384	1.808761156826066e-02	1.819700858609984e-02
2452	1.772743889475881e-02	1.778279410038923e-02
3431	1.432109627120337e-02	1.445439770745927e-02
3810	1.112842429847605e-02	1.122018454301964e-02
7352	1.054276964792533e-02	1.071519305237606e-02
9777	9.558284389422966e-03	9.772372209558112e-03
10135	9.542629265058222e-03	9.549925860214359e-03
13155	8.778599582728419e-03	8.912509381337459e-03
13670	8.429568461122194e-03	8.511380382023767e-03
15088	8.166877834274611e-03	8.317637711026709e-03
19517	8.092358686903944e-03	8.128305161640995e-03
25189	7.611010942022323e-03	7.762471166286920e-03
29640	7.511122131695247e-03	7.585775750291836e-03
35893	7.341985326321021e-03	7.413102413009177e-03
37077	7.211191396472860e-03	7.244359600749898e-03
40722	7.077637406247561e-03	7.079457843841380e-03
51855	6.849171031167667e-03	6.918309709189363e-03
53970	6.069907528791108e-03	6.165950018614822e-03
63323	6.015841582995285e-03	6.025595860743574e-03
65656	5.748723802203703e-03	5.754399373371567e-03
73231	5.340019303219590e-03	5.370317963702527e-03
86654	5.211128761383854e-03	5.248074602497728e-03
102968	4.605793173468986e-03	4.677351412871981e-03
108275	2.888171579852994e-03	2.951209226666387e-03
108432	2.766315138603592e-03	2.818382931264455e-03
109926	2.728400507934770e-03	2.754228703338166e-03
112927	2.686955460957097e-03	2.691534803926917e-03
118758	2.478761138919872e-03	2.511886431509579e-03
119596	2.451743095615022e-03	2.454708915685031e-03
120001	2.451730712178413e-03	2.454708915685031e-03
%
% index = 368, name = bbob_f006_i19_d02__bbob_f017_i21_d02
% instance = 9, reference value = 8.651403281230620e-01
% function evaluation | indicator value | target hit
1	4.599391602626927e-01	4.677351412871982e-01
3	4.451550403026013e-01	4.466835921509631e-01
5	3.835021681235359e-01	3.890451449942806e-01
7	2.145038379710642e-01	2.187761623949552e-01
36	2.092283793262862e-01	2.137962089502232e-01
79	1.610955006096330e-01	1.621810097358930e-01
105	1.496888661964527e-01	1.513561248436208e-01
113	1.478969424991146e-01	1.479108388168208e-01
129	1.090542396590487e-01	1.096478196143185e-01
167	9.425717887555551e-02	9.549925860214359e-02
219	9.286441036527826e-02	9.332543007969910e-02
233	8.569148215082345e-02	8.709635899560805e-02
268	8.128515693311711e-02	8.317637711026708e-02
278	8.048172619066774e-02	8.128305161640990e-02
299	7.469784520056288e-02	7.585775750291836e-02
307	6.346289582861941e-02	6.456542290346556e-02
327	6.242608773019387e-02	6.309573444801933e-02
331	6.124631171393280e-02	6.165950018614822e-02
348	5.529006474203213e-02	5.623413251903491e-02
367	4.953379015704362e-02	5.011872336272722e-02
393	4.563166821368536e-02	4.570881896148749e-02
402	3.882807830689072e-02	3.890451449942807e-02
432	3.617687434501904e-02	3.630780547701014e-02
466	3.532610557270244e-02	3.548133892335755e-02
534	3.228794066906759e-02	3.235936569296283e-02
591	3.057619595166416e-02	3.090295432513590e-02
631	3.014707575740461e-02	3.019951720402016e-02
644	2.707836264961427e-02	2.754228703338166e-02
671	2.684676316554424e-02	2.691534803926915e-02
737	2.313536090405843e-02	2.344228815319923e-02
748	2.288028803860487e-02	2.290867652767773e-02
763	2.086349507768392e-02	2.089296130854040e-02
771	1.988807787209257e-02	1.995262314968880e-02
794	1.733136992806061e-02	1.737800828749375e-02
868	1.693305478917884e-02	1.698243652461744e-02
944	1.642135287086899e-02	1.659586907437561e-02
1166	1.587851722511768e-02	1.621810097358930e-02
1173	1.582532600116671e-02	1.584893192461113e-02
1273	1.381365088472186e-02	1.412537544622754e-02
1276	1.375664924545994e-02	1.380384264602885e-02
1303	1.324378845359364e-02	1.348962882591653e-02
1325	1.308216108464155e-02	1.318256738556407e-02
1411	1.265510176432549e-02	1.288249551693134e-02
1453	1.258782818526938e-02	1.258925411794167e-02
1464	1.144576412700360e-02	1.148153621496883e-02
1472	1.114317630560480e-02	1.122018454301964e-02
1724	1.061103304338706e-02	1.071519305237606e-02
1805	1.029888918146482e-02	1.047128548050900e-02
1838	1.017360539774792e-02	1.023292992280754e-02
1879	9.184690985397537e-03	9.332543007969915e-03
1922	9.026344289403965e-03	9.120108393559097e-03
1939	8.518159696947802e-03	8.709635899560805e-03
1963	8.441950396434916e-03	8.511380382023767e-03
2068	8.303545645791610e-03	8.317637711026709e-03
2445	7.971929970102543e-03	8.128305161640995e-03
2467	5.624697031532677e-03	5.754399373371567e-03
2473	5.623296200766514e-03	5.623413251903491e-03
2513	5.166722782460442e-03	5.248074602497728e-03
2537	5.063010701332860e-03	5.128613839913648e-03
2671	5.010666018047449e-03	5.011872336272725e-03
2680	4.846794707818791e-03	4.897788193684461e-03
2694	4.777170002630671e-03	4.786300923226385e-03
2733	4.656303162651088e-03	4.677351412871981e-03
3540	4.553940555390490e-03	4.570881896148752e-03
3812	4.466620401517574e-03	4.466835921509630e-03
4872	4.238543143620377e-03	4.265795188015926e-03
4920	4.141957082331893e-03	4.168693834703355e-03
6150	3.851739933101728e-03	3.890451449942805e-03
6176	3.563750382681974e-03	3.630780547701014e-03
6178	3.503745333712449e-03	3.548133892335753e-03
6389	3.458153510072060e-03	3.467368504525317e-03
7838	3.380951757267270e-03	3.388441561392024e-03
10143	3.306374755537633e-03	3.311311214825911e-03
10777	3.004341875605165e-03	3.019951720402016e-03
14044	2.947244155490081e-03	2.951209226666387e-03
17240	2.476205923240604e-03	2.511886431509579e-03
18492	2.454560327445399e-03	2.454708915685031e-03
23915	2.398824210753547e-03	2.398832919019490e-03
24985	2.228971791898182e-03	2.238721138568340e-03
25567	1.579248420232937e-03	1.584893192461114e-03
32529	1.409205491250232e-03	1.412537544622754e-03
34782	1.377947911396227e-03	1.380384264602885e-03
43569	1.340789552383259e-03	1.348962882591653e-03
45167	1.296763127619394e-03	1.318256738556408e-03
45659	1.274253204941345e-03	1.288249551693134e-03
50442	1.253901426899184e-03	1.258925411794167e-03
55738	1.214850828317848e-03	1.230268770812381e-03
56244	1.160297061065907e-03	1.174897554939529e-03
59591	1.122635202318700e-03	1.148153621496883e-03
61423	1.121401058512661e-03	1.122018454301963e-03
73520	1.095349691434877e-03	1.096478196143185e-03
81472	1.052875337672621e-03	1.071519305237606e-03
84145	1.043462137774620e-03	1.047128548050900e-03
85500	9.198452746420616e-04	9.332543007969915e-04
94569	9.070363874951193e-04	9.120108393559096e-04
100112	8.797242521657589e-04	8.912509381337459e-04
105011	8.559006761978960e-04	8.709635899560805e-04
105320	8.496343288614261e-04	8.511380382023768e-04
120001	8.381982791532128e-04	8.511380382023768e-04
%
% index = 369, name = bbob_f006_i21_d02__bbob_f017_i22_d02
% instance = 10, reference value = 8.859907438776040e-01
% function evaluation | indicator value | target hit
1	5.843231136761056e-01	5.888436553555889e-01
6	3.635478760222417e-01	3.715352290971726e-01
9	3.594644485770737e-01	3.630780547701014e-01
18	3.422877919733770e-01	3.467368504525316e-01
21	3.159456809016852e-01	3.162277660168379e-01
26	2.869430405303384e-01	2.884031503126606e-01
30	1.128966993226090e-01	1.148153621496883e-01
37	1.088311327411315e-01	1.096478196143185e-01
51	1.018990428924569e-01	1.023292992280754e-01
63	9.611327321921836e-02	9.772372209558107e-02
77	8.873509123372403e-02	8.912509381337455e-02
79	7.456091152251432e-02	7.585775750291836e-02
83	5.852505131002184e-02	5.888436553555890e-02
106	5.402050846308393e-02	5.495408738576246e-02
136	4.878615209578074e-02	4.897788193684462e-02
142	4.550422614295879e-02	4.570881896148749e-02
180	4.385475462457955e-02	4.466835921509630e-02
209	4.356397464624551e-02	4.365158322401658e-02
247	4.251893315751154e-02	4.265795188015926e-02
273	3.743774621168872e-02	3.801893963205612e-02
274	3.662634283965094e-02	3.715352290971726e-02
312	3.624851142565155e-02	3.630780547701014e-02
356	3.512228131482031e-02	3.548133892335755e-02
366	3.373088666415913e-02	3.388441561392026e-02
372	2.848818065830672e-02	2.884031503126606e-02
378	2.669961741353555e-02	2.691534803926915e-02
404	2.471335647975403e-02	2.511886431509579e-02
468	2.308328378003033e-02	2.344228815319923e-02
470	2.097830693869518e-02	2.137962089502233e-02
492	2.087009030573006e-02	2.089296130854040e-02
657	2.041618260291511e-02	2.041737944669529e-02
715	1.796135382839348e-02	1.819700858609984e-02
742	1.399584235295348e-02	1.412537544622754e-02
761	1.317751483612817e-02	1.318256738556407e-02
938	1.283853119844924e-02	1.288249551693134e-02
951	1.222483460935253e-02	1.230268770812382e-02
983	1.186311382515703e-02	1.202264434617413e-02
996	1.129902828823459e-02	1.148153621496883e-02
1025	9.589298158793391e-03	9.772372209558112e-03
1073	9.546618940951879e-03	9.549925860214359e-03
1153	9.324034673423798e-03	9.332543007969915e-03
1255	8.544646970826575e-03	8.709635899560805e-03
1446	8.484900180521504e-03	8.511380382023767e-03
1500	8.038537214057895e-03	8.128305161640995e-03
1581	7.893696454840726e-03	7.943282347242814e-03
1598	7.613277449917355e-03	7.762471166286920e-03
1605	7.560346730522971e-03	7.585775750291836e-03
1669	7.386720876368047e-03	7.413102413009177e-03
1673	7.136313475232248e-03	7.244359600749898e-03
1839	7.068209110276724e-03	7.079457843841380e-03
2132	6.584703128207692e-03	6.606934480075957e-03
2207	6.395811052541944e-03	6.456542290346556e-03
2300	6.289588807101398e-03	6.309573444801930e-03
2429	6.057460562938100e-03	6.165950018614822e-03
2841	5.966992695836670e-03	6.025595860743574e-03
2893	4.529157475015033e-03	4.570881896148752e-03
2938	4.412918944360800e-03	4.466835921509630e-03
2988	3.986484199582585e-03	4.073802778041126e-03
3012	3.978503000086064e-03	3.981071705534973e-03
3092	3.873956241500331e-03	3.890451449942805e-03
3201	3.695356319704746e-03	3.715352290971724e-03
3431	3.611422547221799e-03	3.630780547701014e-03
3973	3.405184166388131e-03	3.467368504525317e-03
4134	3.370230052334833e-03	3.388441561392024e-03
4417	2.778896847353662e-03	2.818382931264455e-03
5335	2.754082386403511e-03	2.754228703338166e-03
6797	2.557891980445204e-03	2.570395782768865e-03
7271	2.511791537987418e-03	2.511886431509579e-03
9544	2.445078050542171e-03	2.454708915685031e-03
9619	2.382375559730976e-03	2.398832919019490e-03
10181	1.853858873517078e-03	1.862087136662868e-03
10494	1.688778915403200e-03	1.698243652461744e-03
13209	1.658334609214385e-03	1.659586907437561e-03
14562	1.618553991671434e-03	1.621810097358930e-03
16328	1.558350173114897e-03	1.584893192461114e-03
16972	1.548094057673088e-03	1.548816618912481e-03
17595	1.512940252910155e-03	1.513561248436209e-03
19376	1.475539943823212e-03	1.479108388168207e-03
20951	1.399991614794094e-03	1.412537544622754e-03
21040	1.093731606797710e-03	1.096478196143185e-03
23059	1.070861579082871e-03	1.071519305237606e-03
24691	1.044384573852253e-03	1.047128548050900e-03
30863	1.014542436201471e-03	1.023292992280754e-03
31640	9.999563158609170e-04	1.000000000000000e-03
32347	9.661344967596408e-04	9.772372209558111e-04
33096	9.549624018347913e-04	9.549925860214359e-04
34778	9.219904091889441e-04	9.332543007969915e-04
35405	9.075153232540600e-04	9.120108393559096e-04
37104	8.885372420053272e-04	8.912509381337459e-04
38986	8.452207107570997e-04	8.511380382023768e-04
39102	8.290941860759071e-04	8.317637711026709e-04
40443	8.093122892998128e-04	8.128305161640995e-04
46033	7.715358140750750e-04	7.762471166286919e-04
47017	7.437194740217423e-04	7.585775750291835e-04
47226	7.246660111275283e-04	7.413102413009177e-04
47261	7.238334195975860e-04	7.244359600749898e-04
49660	7.071422327751264e-04	7.079457843841380e-04
50465	6.860128767668394e-04	6.918309709189362e-04
52641	5.359459028617675e-04	5.370317963702527e-04
55774	4.888817416704994e-04	4.897788193684461e-04
59186	4.767630963395941e-04	4.786300923226385e-04
60826	4.676738357535237e-04	4.677351412871981e-04
66941	4.295467228987437e-04	4.365158322401661e-04
67952	4.257816502264422e-04	4.265795188015926e-04
70855	4.142162981510822e-04	4.168693834703355e-04
83213	4.068230309515197e-04	4.073802778041126e-04
90287	3.952054480426126e-04	3.981071705534974e-04
92341	3.800200327414016e-04	3.801893963205612e-04
108412	3.710684644051554e-04	3.715352290971724e-04
110580	3.605501697530045e-04	3.630780547701014e-04
112628	3.369788192031375e-04	3.388441561392024e-04
117562	3.308913573660810e-04	3.311311214825911e-04
120001	3.307998389969757e-04	3.311311214825911e-04
%
% index = 370, name = bbob_f006_i23_d02__bbob_f017_i24_d02
% instance = 11, reference value = 1.000000000000000e+00
% function evaluation | indicator value | target hit
1	1.397337466212500e+00	1.412537544622754e+00
7	7.640679489007689e-01	7.762471166286917e-01
17	7.581654028171061e-01	7.585775750291838e-01
20	6.736970996832579e-01	6.760829753919817e-01
22	5.841183457532568e-01	5.888436553555889e-01
36	3.178860981822180e-01	3.235936569296283e-01
67	2.092078085119233e-01	2.137962089502232e-01
92	1.987275553197566e-01	1.995262314968880e-01
117	1.932477629889241e-01	1.949844599758045e-01
165	1.899760490722769e-01	1.905460717963247e-01
167	1.832820047143582e-01	1.862087136662867e-01
187	1.811423388073917e-01	1.819700858609984e-01
215	1.713145809543203e-01	1.737800828749375e-01
230	1.673612278018947e-01	1.698243652461744e-01
286	1.656898522280722e-01	1.659586907437560e-01
363	1.571124400511179e-01	1.584893192461113e-01
440	1.428305209782235e-01	1.445439770745928e-01
487	1.406169220875138e-01	1.412537544622754e-01
872	1.348689660494009e-01	1.348962882591654e-01
1935	1.260256294733266e-01	1.288249551693134e-01
1963	1.184363949032737e-01	1.202264434617413e-01
2878	1.159826321140643e-01	1.174897554939529e-01
5593	1.121717293158261e-01	1.122018454301964e-01
31532	1.088952656289929e-01	1.096478196143185e-01
74465	1.049685280873901e-01	1.071519305237607e-01
82549	1.044730810222170e-01	1.047128548050900e-01
125117	1.032030490207261e-01	1.047128548050900e-01
%
% index = 371, name = bbob_f006_i25_d02__bbob_f017_i26_d02
% instance = 12, reference value = 1.000000000000000e+00
% function evaluation | indicator value | target hit
1	7.713840353118714e-01	7.762471166286917e-01
24	7.380624410396166e-01	7.413102413009175e-01
54	6.799188739416280e-01	6.918309709189365e-01
66	6.229018996404960e-01	6.309573444801932e-01
72	5.204869087593079e-01	5.248074602497725e-01
146	4.790367851118886e-01	4.897788193684462e-01
181	4.785816950452623e-01	4.786300923226383e-01
183	4.168637524692893e-01	4.168693834703354e-01
215	4.024860780028610e-01	4.073802778041127e-01
230	3.808262334433388e-01	3.890451449942806e-01
236	3.742875282933911e-01	3.801893963205612e-01
270	3.345028501293353e-01	3.388441561392025e-01
272	3.309354227142278e-01	3.311311214825911e-01
358	3.069783644716301e-01	3.090295432513591e-01
365	2.955703397990133e-01	3.019951720402016e-01
387	2.937682453956452e-01	2.951209226666385e-01
397	2.848234903000669e-01	2.884031503126606e-01
407	2.712418170334802e-01	2.754228703338166e-01
413	2.649342625597935e-01	2.691534803926916e-01
425	2.587893688675538e-01	2.630267991895382e-01
428	2.538729417350090e-01	2.570395782768864e-01
438	2.502736671965775e-01	2.511886431509580e-01
461	2.407108619169145e-01	2.454708915685030e-01
467	2.378894727660129e-01	2.398832919019490e-01
502	2.321576363593698e-01	2.344228815319922e-01
558	2.290150554579667e-01	2.290867652767773e-01
652	2.236960669018146e-01	2.238721138568339e-01
679	2.163430430568505e-01	2.187761623949552e-01
710	2.120156961739132e-01	2.137962089502232e-01
826	2.086880392344362e-01	2.089296130854039e-01
963	2.041716905726429e-01	2.041737944669530e-01
1276	1.993092771540294e-01	1.995262314968880e-01
2577	1.948783285398853e-01	1.949844599758045e-01
75566	1.905014403749213e-01	1.905460717963247e-01
122787	1.904048131334370e-01	1.905460717963247e-01
%
% index = 372, name = bbob_f006_i27_d02__bbob_f017_i28_d02
% instance = 13, reference value = 1.000000000000000e+00
% function evaluation | indicator value | target hit
1	4.532921746324010e-01	4.570881896148750e-01
4	3.740275985693258e-01	3.801893963205612e-01
6	3.708148268992254e-01	3.715352290971726e-01
14	9.019392786683866e-02	9.120108393559097e-02
31	8.855521766289653e-02	8.912509381337455e-02
80	6.508263747048604e-02	6.606934480075961e-02
97	6.336403025427217e-02	6.456542290346556e-02
99	6.303994279395997e-02	6.309573444801933e-02
114	5.812105999520678e-02	5.888436553555890e-02
167	5.709846038506239e-02	5.754399373371569e-02
222	5.596997502388934e-02	5.623413251903491e-02
302	5.482836555355686e-02	5.495408738576246e-02
334	5.212373020397920e-02	5.248074602497726e-02
365	4.922862255063787e-02	5.011872336272722e-02
381	4.871436306672006e-02	4.897788193684462e-02
402	4.746600923136512e-02	4.786300923226382e-02
417	4.661978121666865e-02	4.677351412871981e-02
496	4.149309800364853e-02	4.168693834703355e-02
525	3.875796527158670e-02	3.890451449942807e-02
636	3.160034833198688e-02	3.162277660168379e-02
739	3.090252748085043e-02	3.090295432513590e-02
1307	2.989444548131492e-02	3.019951720402016e-02
1939	2.947631009917651e-02	2.951209226666385e-02
1962	2.825978713964505e-02	2.884031503126606e-02
2410	2.809873214816927e-02	2.818382931264454e-02
2683	2.746469095611381e-02	2.754228703338166e-02
2901	2.646896367001184e-02	2.691534803926915e-02
3128	2.615048619556193e-02	2.630267991895381e-02
3491	2.077274264499362e-02	2.089296130854040e-02
5121	2.039487203296864e-02	2.041737944669529e-02
9139	1.980621245049785e-02	1.995262314968880e-02
11760	1.904801655149679e-02	1.905460717963247e-02
18004	1.861593844128184e-02	1.862087136662868e-02
23533	1.818352203997131e-02	1.819700858609984e-02
37514	1.777433652161819e-02	1.778279410038923e-02
120001	1.740113947380850e-02	1.778279410038923e-02
%
% index = 373, name = bbob_f006_i29_d02__bbob_f017_i30_d02
% instance = 14, reference value = 1.000000000000000e+00
% function evaluation | indicator value | target hit
1	6.922643546281728e-01	7.079457843841379e-01
20	6.896721335483178e-01	6.918309709189365e-01
60	5.791043388460628e-01	5.888436553555889e-01
92	5.537265055208689e-01	5.623413251903491e-01
96	3.884818953446342e-01	3.890451449942806e-01
108	3.678426507590559e-01	3.715352290971726e-01
115	3.595599540062685e-01	3.630780547701014e-01
198	2.858770269140922e-01	2.884031503126606e-01
230	2.749708638594498e-01	2.754228703338166e-01
240	2.557679780341848e-01	2.570395782768864e-01
403	2.442655895990974e-01	2.454708915685030e-01
480	2.398288969803648e-01	2.398832919019490e-01
579	2.342401902632469e-01	2.344228815319922e-01
871	2.186963801304842e-01	2.187761623949552e-01
964	2.132510742028079e-01	2.137962089502232e-01
1095	2.086818552087888e-01	2.089296130854039e-01
1103	2.001020990722792e-01	2.041737944669530e-01
1252	1.987079540067854e-01	1.995262314968880e-01
1444	1.814796786078474e-01	1.819700858609984e-01
1446	1.652147884933526e-01	1.659586907437560e-01
2180	1.612837352430236e-01	1.621810097358930e-01
2732	1.573650941741294e-01	1.584893192461113e-01
2777	1.547485454380554e-01	1.548816618912481e-01
3460	1.511410314798620e-01	1.513561248436208e-01
5075	1.478797155277417e-01	1.479108388168208e-01
8554	1.444027358624971e-01	1.445439770745928e-01
15971	1.412062105791442e-01	1.412537544622754e-01
120001	1.395275368178360e-01	1.412537544622754e-01
%
% index = 374, name = bbob_f006_i31_d02__bbob_f017_i34_d02
% instance = 15, reference value = 1.000000000000000e+00
% function evaluation | indicator value | target hit
1	1.494292661912626e+01	1.513561248436208e+01
50	1.333709760830686e+01	1.348962882591653e+01
58	1.281783038537850e+01	1.288249551693134e+01
67	4.490134760604500e+00	4.570881896148751e+00
88	3.884647700062000e+00	3.890451449942806e+00
106	1.342375929192000e+00	1.348962882591654e+00
209	9.219090695801946e-01	9.332543007969910e-01
308	8.967356137634825e-01	9.120108393559098e-01
358	7.038528279415295e-01	7.079457843841379e-01
385	5.469263835206937e-01	5.495408738576245e-01
386	5.133617903219109e-01	5.248074602497725e-01
402	5.008946173077067e-01	5.011872336272722e-01
470	4.812047908450309e-01	4.897788193684462e-01
472	4.606924332080261e-01	4.677351412871982e-01
517	4.313586629042090e-01	4.365158322401660e-01
563	4.093506703121672e-01	4.168693834703354e-01
579	3.988599942410654e-01	4.073802778041127e-01
606	3.971127255101454e-01	3.981071705534972e-01
625	3.582164642111155e-01	3.630780547701014e-01
629	3.507877268339414e-01	3.548133892335755e-01
631	3.416976919644414e-01	3.467368504525316e-01
637	3.182451145963047e-01	3.235936569296283e-01
658	3.152224393323267e-01	3.162277660168379e-01
698	3.072624427595184e-01	3.090295432513591e-01
720	2.967666265818940e-01	3.019951720402016e-01
721	2.860830261338370e-01	2.884031503126606e-01
812	2.677895396801686e-01	2.691534803926916e-01
948	2.607257691243902e-01	2.630267991895382e-01
1088	2.569037351452069e-01	2.570395782768864e-01
1184	2.511853283902542e-01	2.511886431509580e-01
1226	2.369614915597844e-01	2.398832919019490e-01
1323	2.327203180973654e-01	2.344228815319922e-01
1444	2.283918252109595e-01	2.290867652767773e-01
1821	2.238225571525243e-01	2.238721138568339e-01
3250	2.187745203725282e-01	2.187761623949552e-01
120001	2.157329644808389e-01	2.187761623949552e-01
