%
% index = 3660, name = bbob_f006_i02_d20__bbob_f017_i04_d20
% instance = 1, reference value = 9.804677847156180e-01
% function evaluation | indicator value | target hit
1	8.003106602010375e-01	8.128305161640993e-01
8	7.776683717602073e-01	7.943282347242815e-01
35	7.116582363670542e-01	7.244359600749900e-01
50	6.898760127105212e-01	6.918309709189365e-01
53	6.716056879249491e-01	6.760829753919817e-01
71	6.583468212548313e-01	6.606934480075960e-01
105	6.321011476321464e-01	6.456542290346555e-01
137	6.255313592390360e-01	6.309573444801932e-01
148	6.097162871832642e-01	6.165950018614822e-01
152	6.022200198229679e-01	6.025595860743578e-01
159	5.882848659268329e-01	5.888436553555889e-01
197	5.708443555613126e-01	5.754399373371569e-01
213	5.617260889550353e-01	5.623413251903491e-01
229	5.311941339396800e-01	5.370317963702527e-01
295	5.190129386253517e-01	5.248074602497725e-01
305	5.092744288253793e-01	5.128613839913648e-01
320	4.951844661431648e-01	5.011872336272722e-01
332	4.897767264213569e-01	4.897788193684462e-01
420	4.689688311845129e-01	4.786300923226383e-01
423	4.491989833782479e-01	4.570881896148750e-01
440	4.411570737769804e-01	4.466835921509631e-01
465	4.123571673139788e-01	4.168693834703354e-01
478	4.058384291988806e-01	4.073802778041127e-01
508	3.972611777392667e-01	3.981071705534972e-01
549	3.807781601994495e-01	3.890451449942806e-01
573	3.774804712013726e-01	3.801893963205612e-01
693	3.698729071777056e-01	3.715352290971726e-01
772	3.617641218111028e-01	3.630780547701014e-01
833	3.444869283010690e-01	3.467368504525316e-01
917	3.372264326944899e-01	3.388441561392025e-01
1041	3.307800860615273e-01	3.311311214825911e-01
1047	3.201874141982463e-01	3.235936569296283e-01
1153	3.148028772497744e-01	3.162277660168379e-01
1234	3.086097539119481e-01	3.090295432513591e-01
1845	2.982483288563227e-01	3.019951720402016e-01
1994	2.950028458784500e-01	2.951209226666385e-01
2243	2.877431457784487e-01	2.884031503126606e-01
2391	2.809417238341199e-01	2.818382931264454e-01
3414	2.752028418916814e-01	2.754228703338166e-01
4136	2.648926486267810e-01	2.691534803926916e-01
4756	2.629983840084720e-01	2.630267991895382e-01
7556	2.569821138612927e-01	2.570395782768864e-01
9863	2.510582857595377e-01	2.511886431509580e-01
13154	2.449182595629100e-01	2.454708915685030e-01
16035	2.379600778368156e-01	2.398832919019490e-01
17148	2.335863110499352e-01	2.344228815319922e-01
20318	2.290684394514780e-01	2.290867652767773e-01
26065	2.238423987404246e-01	2.238721138568339e-01
41188	2.175278742130164e-01	2.187761623949552e-01
125238	2.137924179963056e-01	2.137962089502232e-01
221032	2.073998129787666e-01	2.089296130854039e-01
1200000	2.041947217179324e-01	2.089296130854039e-01
%
% index = 3661, name = bbob_f006_i03_d20__bbob_f017_i05_d20
% instance = 2, reference value = 9.371888916119610e-01
% function evaluation | indicator value | target hit
1	8.150959557711330e-01	8.317637711026710e-01
53	8.112707938059354e-01	8.128305161640993e-01
55	7.813837829462149e-01	7.943282347242815e-01
66	7.526154480841238e-01	7.585775750291838e-01
76	7.136039788763775e-01	7.244359600749900e-01
112	7.066254840785997e-01	7.079457843841379e-01
180	6.750560884413364e-01	6.760829753919817e-01
225	6.604954194541686e-01	6.606934480075960e-01
260	6.287722375163141e-01	6.309573444801932e-01
335	6.106748734213920e-01	6.165950018614822e-01
360	5.963892712741532e-01	6.025595860743578e-01
391	5.877430837164421e-01	5.888436553555889e-01
508	5.363642298245043e-01	5.370317963702527e-01
666	5.246141086015705e-01	5.248074602497725e-01
672	4.773025123192685e-01	4.786300923226383e-01
673	4.557875383913041e-01	4.570881896148750e-01
817	4.465264851855448e-01	4.466835921509631e-01
973	4.359457280650650e-01	4.365158322401660e-01
1342	3.989765676561490e-01	4.073802778041127e-01
1345	3.969825736465475e-01	3.981071705534972e-01
1391	3.881717873252648e-01	3.890451449942806e-01
1700	3.799929289557720e-01	3.801893963205612e-01
2213	3.587856193792980e-01	3.630780547701014e-01
2463	3.519428933193661e-01	3.548133892335755e-01
2838	3.243456198713799e-01	3.311311214825911e-01
3161	3.234189590226245e-01	3.235936569296283e-01
4037	3.156328822107290e-01	3.162277660168379e-01
7612	3.073886178051118e-01	3.090295432513591e-01
10621	3.019764143368767e-01	3.019951720402016e-01
14564	2.945573648065672e-01	2.951209226666385e-01
20899	2.790431002529323e-01	2.818382931264454e-01
24063	2.754066298531159e-01	2.754228703338166e-01
30810	2.690980923575516e-01	2.691534803926916e-01
42372	2.629925690631073e-01	2.630267991895382e-01
59719	2.559238284301472e-01	2.570395782768864e-01
80895	2.501002167619223e-01	2.511886431509580e-01
136298	2.451868022315562e-01	2.454708915685030e-01
188175	2.398763178655066e-01	2.398832919019490e-01
270688	2.343141364965987e-01	2.344228815319922e-01
575582	2.290623067361154e-01	2.290867652767773e-01
1176193	2.238717140298669e-01	2.238721138568339e-01
1200000	2.238234906257157e-01	2.238721138568339e-01
%
% index = 3662, name = bbob_f006_i07_d20__bbob_f017_i08_d20
% instance = 3, reference value = 9.865407130459010e-01
% function evaluation | indicator value | target hit
1	9.481381162459699e-01	9.549925860214360e-01
4	9.216478973214435e-01	9.332543007969910e-01
17	9.097233910432815e-01	9.120108393559098e-01
21	8.394361016318608e-01	8.511380382023764e-01
26	8.069300891856199e-01	8.128305161640993e-01
82	7.897802373661654e-01	7.943282347242815e-01
102	7.709587086577094e-01	7.762471166286917e-01
109	7.448144428259089e-01	7.585775750291838e-01
132	7.409094643804436e-01	7.413102413009175e-01
196	6.668383464098671e-01	6.760829753919817e-01
199	6.116291678725069e-01	6.165950018614822e-01
485	5.831399307899845e-01	5.888436553555889e-01
672	5.749873216569606e-01	5.754399373371569e-01
1101	5.588916766768141e-01	5.623413251903491e-01
1320	5.494589292520597e-01	5.495408738576245e-01
1604	5.352642753365713e-01	5.370317963702527e-01
1919	5.162429319997979e-01	5.248074602497725e-01
2028	5.126946880251518e-01	5.128613839913648e-01
2598	4.782415023905153e-01	4.786300923226383e-01
2894	4.675141998775154e-01	4.677351412871982e-01
3122	4.559604143846979e-01	4.570881896148750e-01
3298	4.351519946931013e-01	4.365158322401660e-01
3618	4.237202927931553e-01	4.265795188015927e-01
4077	4.155181498420965e-01	4.168693834703354e-01
5425	4.064791788544282e-01	4.073802778041127e-01
6759	3.970224622768662e-01	3.981071705534972e-01
7315	3.882214261902855e-01	3.890451449942806e-01
10584	3.791686093623813e-01	3.801893963205612e-01
12007	3.624124309512029e-01	3.630780547701014e-01
58845	3.547812654085530e-01	3.548133892335755e-01
153610	3.464703064907253e-01	3.467368504525316e-01
397335	3.387731987872988e-01	3.388441561392025e-01
1200000	3.337782602075179e-01	3.388441561392025e-01
%
% index = 3663, name = bbob_f006_i09_d20__bbob_f017_i10_d20
% instance = 4, reference value = 9.922956346471130e-01
% function evaluation | indicator value | target hit
1	4.873720370255097e-01	4.897788193684462e-01
19	4.239788782037640e-01	4.265795188015927e-01
21	4.106706182194380e-01	4.168693834703354e-01
28	4.054644635018192e-01	4.073802778041127e-01
43	3.881147140230730e-01	3.890451449942806e-01
50	3.709291955668553e-01	3.715352290971726e-01
58	3.570342961243429e-01	3.630780547701014e-01
60	3.538172503181753e-01	3.548133892335755e-01
110	3.245698456798118e-01	3.311311214825911e-01
113	3.016893800638546e-01	3.019951720402016e-01
187	2.871420773511075e-01	2.884031503126606e-01
191	2.816831779879068e-01	2.818382931264454e-01
218	2.669344488566793e-01	2.691534803926916e-01
219	2.628285356618892e-01	2.630267991895382e-01
227	2.519019428252517e-01	2.570395782768864e-01
242	2.471777896735859e-01	2.511886431509580e-01
291	2.453736531488454e-01	2.454708915685030e-01
326	2.227359092941051e-01	2.238721138568339e-01
341	2.006050782965833e-01	2.041737944669530e-01
342	1.985508251979231e-01	1.995262314968880e-01
400	1.809121363389314e-01	1.819700858609984e-01
445	1.735635710229638e-01	1.737800828749375e-01
460	1.668256133189647e-01	1.698243652461744e-01
557	1.658651613843881e-01	1.659586907437560e-01
599	1.620614003059514e-01	1.621810097358930e-01
641	1.508559074168818e-01	1.513561248436208e-01
697	1.441883759926625e-01	1.445439770745928e-01
704	1.301785529049535e-01	1.318256738556407e-01
814	1.284345935080193e-01	1.288249551693134e-01
901	1.258340612152012e-01	1.258925411794167e-01
1088	1.222364054588279e-01	1.230268770812381e-01
1145	1.199083727224172e-01	1.202264434617413e-01
1303	1.119124964381943e-01	1.122018454301964e-01
1361	9.937027616859395e-02	1.000000000000000e-01
1670	9.638306220803772e-02	9.772372209558107e-02
1756	9.542178269953605e-02	9.549925860214359e-02
1889	8.934154781408410e-02	9.120108393559097e-02
1892	8.854455739928169e-02	8.912509381337455e-02
2199	8.704708570465458e-02	8.709635899560805e-02
2894	8.451303051137493e-02	8.511380382023763e-02
3657	8.309860075335007e-02	8.317637711026708e-02
4072	8.112344071008182e-02	8.128305161640990e-02
5259	7.906553228753777e-02	7.943282347242814e-02
7530	7.727465417598256e-02	7.762471166286916e-02
9354	7.585715839327922e-02	7.585775750291836e-02
12815	7.356524942951137e-02	7.413102413009177e-02
13793	7.238737245336657e-02	7.244359600749903e-02
24205	7.076472443962822e-02	7.079457843841380e-02
37713	6.855232466582106e-02	6.918309709189366e-02
50597	6.756576825011040e-02	6.760829753919818e-02
107212	6.604685614961558e-02	6.606934480075961e-02
510341	6.455358708988645e-02	6.456542290346556e-02
1200001	6.334247464537679e-02	6.456542290346556e-02
%
% index = 3664, name = bbob_f006_i11_d20__bbob_f017_i12_d20
% instance = 5, reference value = 9.610125196472190e-01
% function evaluation | indicator value | target hit
1	6.676490542231620e-01	6.760829753919817e-01
8	6.490725261236638e-01	6.606934480075960e-01
18	5.860921702232722e-01	5.888436553555889e-01
50	5.291991172997521e-01	5.370317963702527e-01
148	5.224413748641537e-01	5.248074602497725e-01
172	4.968808881827488e-01	5.011872336272722e-01
216	4.779760736667227e-01	4.786300923226383e-01
223	4.497148443734763e-01	4.570881896148750e-01
225	4.452346273693013e-01	4.466835921509631e-01
226	4.284573901066369e-01	4.365158322401660e-01
235	4.264516035002969e-01	4.265795188015927e-01
278	4.146687464105548e-01	4.168693834703354e-01
299	3.865979468509886e-01	3.890451449942806e-01
337	3.730807643840286e-01	3.801893963205612e-01
358	3.673163680681224e-01	3.715352290971726e-01
359	3.581075593594021e-01	3.630780547701014e-01
376	3.492115562527809e-01	3.548133892335755e-01
388	3.432358200680768e-01	3.467368504525316e-01
489	3.384030400402270e-01	3.388441561392025e-01
529	3.298662965037510e-01	3.311311214825911e-01
562	3.117571063582837e-01	3.162277660168379e-01
592	3.073071191733351e-01	3.090295432513591e-01
640	3.013964701422517e-01	3.019951720402016e-01
675	2.861320298409361e-01	2.884031503126606e-01
810	2.797935851428196e-01	2.818382931264454e-01
919	2.751462758035458e-01	2.754228703338166e-01
985	2.691426306491264e-01	2.691534803926916e-01
1059	2.622829970796507e-01	2.630267991895382e-01
1162	2.560432817548771e-01	2.570395782768864e-01
1241	2.463468559762920e-01	2.511886431509580e-01
1312	2.452967793477718e-01	2.454708915685030e-01
1455	2.393602746392607e-01	2.398832919019490e-01
1773	2.341528830679125e-01	2.344228815319922e-01
1957	2.290284910879948e-01	2.290867652767773e-01
2131	2.238696144791760e-01	2.238721138568339e-01
2227	2.184953600019589e-01	2.187761623949552e-01
2238	2.095357723713667e-01	2.137962089502232e-01
2442	2.087958802810476e-01	2.089296130854039e-01
2507	2.041393526406770e-01	2.041737944669530e-01
2653	1.968685473072238e-01	1.995262314968880e-01
2699	1.944585372191836e-01	1.949844599758045e-01
2844	1.905291469181228e-01	1.905460717963247e-01
3125	1.855750379401143e-01	1.862087136662867e-01
3556	1.817064303977498e-01	1.819700858609984e-01
3885	1.775821780685225e-01	1.778279410038923e-01
4059	1.702780832454492e-01	1.737800828749375e-01
4212	1.696125755348763e-01	1.698243652461744e-01
4401	1.656562063461418e-01	1.659586907437560e-01
4810	1.621049740238624e-01	1.621810097358930e-01
5077	1.584648580839322e-01	1.584893192461113e-01
5255	1.544860362365442e-01	1.548816618912481e-01
6108	1.511300169190842e-01	1.513561248436208e-01
6740	1.478740697393038e-01	1.479108388168208e-01
8304	1.445248173034046e-01	1.445439770745928e-01
9928	1.412295476447569e-01	1.412537544622754e-01
11468	1.380343649906670e-01	1.380384264602885e-01
12966	1.348853057610868e-01	1.348962882591654e-01
14564	1.314717386708424e-01	1.318256738556407e-01
15886	1.287275368423437e-01	1.288249551693134e-01
17466	1.258761446594538e-01	1.258925411794167e-01
19941	1.230253098365384e-01	1.230268770812381e-01
25570	1.202230113203977e-01	1.202264434617413e-01
33108	1.174653802356147e-01	1.174897554939529e-01
40384	1.146066458549097e-01	1.148153621496883e-01
43885	1.121699761466217e-01	1.122018454301964e-01
53511	1.095314007232733e-01	1.096478196143185e-01
79251	1.070523324192048e-01	1.071519305237607e-01
127113	1.041768426311129e-01	1.047128548050900e-01
204993	1.017175888010320e-01	1.023292992280754e-01
271235	9.999974362544006e-02	1.000000000000000e-01
685027	9.707681073634322e-02	9.772372209558107e-02
1200001	9.678214444213340e-02	9.772372209558107e-02
%
% index = 3665, name = bbob_f006_i13_d20__bbob_f017_i14_d20
% instance = 6, reference value = 9.969889571841341e-01
% function evaluation | indicator value | target hit
1	5.521149699633192e-01	5.623413251903491e-01
13	5.492687785212005e-01	5.495408738576245e-01
24	4.981123860379144e-01	5.011872336272722e-01
86	4.790467323370939e-01	4.897788193684462e-01
91	4.784296986441776e-01	4.786300923226383e-01
94	4.493958543902490e-01	4.570881896148750e-01
113	3.280293468724288e-01	3.311311214825911e-01
172	2.763754761140864e-01	2.818382931264454e-01
186	2.713451960259933e-01	2.754228703338166e-01
213	2.689439943979923e-01	2.691534803926916e-01
327	2.540449665551291e-01	2.570395782768864e-01
411	2.505587958673599e-01	2.511886431509580e-01
446	2.386272823642857e-01	2.398832919019490e-01
484	2.280165139273187e-01	2.290867652767773e-01
559	2.093608010001472e-01	2.137962089502232e-01
562	2.082384817680719e-01	2.089296130854039e-01
599	1.866232759151384e-01	1.905460717963247e-01
610	1.841142405180193e-01	1.862087136662867e-01
628	1.818688572865689e-01	1.819700858609984e-01
800	1.764529256521161e-01	1.778279410038923e-01
831	1.544038946233256e-01	1.548816618912481e-01
850	1.506850727592385e-01	1.513561248436208e-01
1045	1.413489106138023e-01	1.445439770745928e-01
1046	1.232752630688493e-01	1.258925411794167e-01
1095	1.225259680355323e-01	1.230268770812381e-01
1108	1.187965287991724e-01	1.202264434617413e-01
1144	1.174292924486744e-01	1.174897554939529e-01
1303	1.145090396601228e-01	1.148153621496883e-01
1346	1.116403577822366e-01	1.122018454301964e-01
1472	1.089483568149726e-01	1.096478196143185e-01
1623	1.068810341297971e-01	1.071519305237607e-01
1631	9.802460865524953e-02	1.000000000000000e-01
1644	9.228153926673444e-02	9.332543007969910e-02
1697	9.069188193430167e-02	9.120108393559097e-02
1912	8.683038737162185e-02	8.709635899560805e-02
2009	8.504080748126619e-02	8.511380382023763e-02
2139	8.109481905788918e-02	8.128305161640990e-02
2538	7.935033370332012e-02	7.943282347242814e-02
2794	7.741027813647972e-02	7.762471166286916e-02
2938	7.551985987708942e-02	7.585775750291836e-02
3054	7.096900097575498e-02	7.244359600749903e-02
3067	7.038581163280855e-02	7.079457843841380e-02
3071	6.796836287122143e-02	6.918309709189366e-02
3113	6.725842521890313e-02	6.760829753919818e-02
3146	6.375215807088808e-02	6.456542290346556e-02
3270	6.267947509984095e-02	6.309573444801933e-02
3686	6.154766703076997e-02	6.165950018614822e-02
3873	6.022468677744752e-02	6.025595860743578e-02
4173	5.862100315459473e-02	5.888436553555890e-02
4292	5.542353043673909e-02	5.623413251903491e-02
4341	5.452990496708188e-02	5.495408738576246e-02
4679	5.355414709931694e-02	5.370317963702527e-02
4767	5.232962526187668e-02	5.248074602497726e-02
5092	5.098833901498112e-02	5.128613839913648e-02
6367	5.011854552351802e-02	5.011872336272722e-02
7558	4.896171516773296e-02	4.897788193684462e-02
10596	4.762934934722107e-02	4.786300923226382e-02
11905	4.643326772317014e-02	4.677351412871981e-02
12288	4.570485568946225e-02	4.570881896148749e-02
13696	4.465286844729288e-02	4.466835921509630e-02
17889	4.352040580899053e-02	4.365158322401658e-02
82722	4.265759032706395e-02	4.265795188015926e-02
149892	4.168690284283483e-02	4.168693834703355e-02
194830	4.035470915874295e-02	4.073802778041128e-02
1201598	4.003762069858874e-02	4.073802778041128e-02
%
% index = 3666, name = bbob_f006_i15_d20__bbob_f017_i16_d20
% instance = 7, reference value = 9.963505583407470e-01
% function evaluation | indicator value | target hit
1	6.425566832106928e-01	6.456542290346555e-01
2	6.293289564941986e-01	6.309573444801932e-01
55	6.159726751763315e-01	6.165950018614822e-01
73	5.162607954701153e-01	5.248074602497725e-01
92	3.984717078893398e-01	4.073802778041127e-01
116	3.868958531200493e-01	3.890451449942806e-01
178	3.779747576043332e-01	3.801893963205612e-01
185	3.682942079597858e-01	3.715352290971726e-01
215	3.531982236850959e-01	3.548133892335755e-01
238	3.422345508004647e-01	3.467368504525316e-01
262	3.363756330484472e-01	3.388441561392025e-01
284	2.647458920693244e-01	2.691534803926916e-01
328	2.626274457434808e-01	2.630267991895382e-01
367	2.340638167403704e-01	2.344228815319922e-01
368	1.981685890973909e-01	1.995262314968880e-01
377	1.920467749561785e-01	1.949844599758045e-01
391	1.820001546720122e-01	1.862087136662867e-01
402	1.818912767759874e-01	1.819700858609984e-01
431	1.734275063559209e-01	1.737800828749375e-01
450	1.578950358344828e-01	1.584893192461113e-01
451	1.547822997162225e-01	1.548816618912481e-01
486	1.465286262896952e-01	1.479108388168208e-01
517	1.444464902633453e-01	1.445439770745928e-01
526	1.387069275646873e-01	1.412537544622754e-01
541	1.359203124857041e-01	1.380384264602885e-01
555	1.348811259660292e-01	1.348962882591654e-01
566	1.286168420455248e-01	1.288249551693134e-01
583	1.245261441140650e-01	1.258925411794167e-01
588	1.207975971481668e-01	1.230268770812381e-01
613	1.198834596455243e-01	1.202264434617413e-01
653	1.171291938747453e-01	1.174897554939529e-01
679	1.136066647912882e-01	1.148153621496883e-01
687	1.117513322134601e-01	1.122018454301964e-01
691	1.089818436531346e-01	1.096478196143185e-01
749	1.035378002692864e-01	1.047128548050900e-01
755	9.865831508756862e-02	1.000000000000000e-01
786	9.751162785383249e-02	9.772372209558107e-02
828	9.190113206009243e-02	9.332543007969910e-02
831	8.996626911548244e-02	9.120108393559097e-02
860	8.142246356364991e-02	8.317637711026708e-02
876	8.087067611463405e-02	8.128305161640990e-02
903	7.711240762866611e-02	7.762471166286916e-02
920	7.545708672818296e-02	7.585775750291836e-02
923	7.407963997941025e-02	7.413102413009177e-02
959	7.031735919872717e-02	7.079457843841380e-02
985	6.673010496092124e-02	6.760829753919818e-02
990	6.436503335851584e-02	6.456542290346556e-02
1010	6.283834702517321e-02	6.309573444801933e-02
1042	5.858074049761419e-02	5.888436553555890e-02
1118	5.681803005476627e-02	5.754399373371569e-02
1200	4.846470973239025e-02	4.897788193684462e-02
1235	4.766632670253312e-02	4.786300923226382e-02
1295	4.553704862525376e-02	4.570881896148749e-02
1370	4.466060492686108e-02	4.466835921509630e-02
1419	4.355870134694328e-02	4.365158322401658e-02
1424	4.230064021537694e-02	4.265795188015926e-02
1429	4.159730792632488e-02	4.168693834703355e-02
1488	4.073781999169379e-02	4.073802778041128e-02
1560	3.972386940313233e-02	3.981071705534973e-02
1772	3.865697505012811e-02	3.890451449942807e-02
1999	3.796417280284603e-02	3.801893963205612e-02
2157	3.711814152236648e-02	3.715352290971726e-02
2324	3.607119561263616e-02	3.630780547701014e-02
2532	3.545851603209238e-02	3.548133892335755e-02
2970	3.423439115576610e-02	3.467368504525317e-02
3125	3.386235655914915e-02	3.388441561392026e-02
3479	3.307860435496890e-02	3.311311214825911e-02
4590	3.235592231348894e-02	3.235936569296283e-02
5482	3.161005321346011e-02	3.162277660168379e-02
6320	3.089984064313211e-02	3.090295432513590e-02
7721	2.964699223349232e-02	3.019951720402016e-02
8591	2.950766362588708e-02	2.951209226666385e-02
10331	2.884002784371531e-02	2.884031503126606e-02
17004	2.818327555040101e-02	2.818382931264454e-02
22135	2.753723848833745e-02	2.754228703338166e-02
24195	2.686764665566388e-02	2.691534803926915e-02
30862	2.616253974045035e-02	2.630267991895381e-02
39708	2.570126826055052e-02	2.570395782768863e-02
52013	2.509699441803337e-02	2.511886431509579e-02
64287	2.451218992872106e-02	2.454708915685030e-02
99031	2.398639524870849e-02	2.398832919019490e-02
122814	2.344039824755328e-02	2.344228815319923e-02
129627	2.273299503442805e-02	2.290867652767773e-02
139836	2.238700565176799e-02	2.238721138568340e-02
262878	2.186852355961344e-02	2.187761623949553e-02
1200001	2.156004860463212e-02	2.187761623949553e-02
%
% index = 3667, name = bbob_f006_i17_d20__bbob_f017_i18_d20
% instance = 8, reference value = 9.964175646859830e-01
% function evaluation | indicator value | target hit
1	9.739579113715440e-01	9.772372209558107e-01
8	9.435642242480443e-01	9.549925860214360e-01
33	9.104092350218150e-01	9.120108393559098e-01
48	6.859596242738137e-01	6.918309709189365e-01
81	6.692319159323505e-01	6.760829753919817e-01
85	6.595982051984166e-01	6.606934480075960e-01
106	6.241397937023576e-01	6.309573444801932e-01
145	6.145845096487246e-01	6.165950018614822e-01
151	6.008664362174193e-01	6.025595860743578e-01
173	5.623535754338710e-01	5.754399373371569e-01
193	5.619297497795119e-01	5.623413251903491e-01
201	5.487007811105742e-01	5.495408738576245e-01
237	4.695250580147404e-01	4.786300923226383e-01
256	4.659231604820300e-01	4.677351412871982e-01
333	4.503515846340556e-01	4.570881896148750e-01
339	3.055162011507359e-01	3.090295432513591e-01
346	3.010137467431037e-01	3.019951720402016e-01
387	2.949785664016478e-01	2.951209226666385e-01
388	2.852093135398976e-01	2.884031503126606e-01
392	2.807637009750702e-01	2.818382931264454e-01
405	2.749586972265520e-01	2.754228703338166e-01
424	2.680026087056695e-01	2.691534803926916e-01
463	2.618235952305435e-01	2.630267991895382e-01
499	2.257690930446989e-01	2.290867652767773e-01
500	2.205563164714686e-01	2.238721138568339e-01
534	2.183577830150146e-01	2.187761623949552e-01
590	2.136122339322390e-01	2.137962089502232e-01
627	2.087445629352119e-01	2.089296130854039e-01
783	2.035573240198032e-01	2.041737944669530e-01
785	1.762131488338055e-01	1.778279410038923e-01
825	1.727829201531038e-01	1.737800828749375e-01
878	1.665576615320031e-01	1.698243652461744e-01
894	1.059449840846644e-01	1.071519305237607e-01
904	1.044293293209828e-01	1.047128548050900e-01
963	1.001178398480435e-01	1.023292992280754e-01
981	9.881421384853994e-02	1.000000000000000e-01
1060	9.482749399513368e-02	9.549925860214359e-02
1075	9.067253677008402e-02	9.120108393559097e-02
1201	8.899886450912309e-02	8.912509381337455e-02
1462	8.704761646080872e-02	8.709635899560805e-02
1605	8.263485553006022e-02	8.317637711026708e-02
1765	8.125225162581973e-02	8.128305161640990e-02
1858	7.939913872669180e-02	7.943282347242814e-02
1890	7.689853793095580e-02	7.762471166286916e-02
1911	7.466037412962834e-02	7.585775750291836e-02
1971	7.293842011064067e-02	7.413102413009177e-02
1997	7.243919423596623e-02	7.244359600749903e-02
2079	6.973705971147781e-02	7.079457843841380e-02
2189	6.796285192109819e-02	6.918309709189366e-02
2235	6.669462954191641e-02	6.760829753919818e-02
2313	6.486280222893315e-02	6.606934480075961e-02
2331	6.198834894752303e-02	6.309573444801933e-02
2533	5.768531947371824e-02	5.888436553555890e-02
2545	5.737993053689039e-02	5.754399373371569e-02
2844	5.622122289562637e-02	5.623413251903491e-02
3159	5.491070183292523e-02	5.495408738576246e-02
3860	5.356214588592811e-02	5.370317963702527e-02
4135	5.235182301478802e-02	5.248074602497726e-02
4181	5.120392707880650e-02	5.128613839913648e-02
4589	5.003848148099688e-02	5.011872336272722e-02
5875	4.897545103222389e-02	4.897788193684462e-02
7097	4.727369093013056e-02	4.786300923226382e-02
7695	4.576502608357957e-02	4.677351412871981e-02
8034	4.569356893648646e-02	4.570881896148749e-02
8929	4.461125860083581e-02	4.466835921509630e-02
12623	4.298456349630742e-02	4.365158322401658e-02
12838	4.232593382596306e-02	4.265795188015926e-02
16444	4.160798001973953e-02	4.168693834703355e-02
18476	3.992830589325602e-02	4.073802778041128e-02
20618	3.921997780010100e-02	3.981071705534973e-02
21774	3.890150162460304e-02	3.890451449942807e-02
30596	3.767299899539889e-02	3.801893963205612e-02
39071	3.714135026581555e-02	3.715352290971726e-02
113827	3.617884664335891e-02	3.630780547701014e-02
169084	3.548120573122804e-02	3.548133892335755e-02
1141294	3.467331944400054e-02	3.467368504525317e-02
1200000	3.462262007198735e-02	3.467368504525317e-02
%
% index = 3668, name = bbob_f006_i19_d20__bbob_f017_i21_d20
% instance = 9, reference value = 9.467821600813550e-01
% function evaluation | indicator value | target hit
1	5.326014733025876e-01	5.370317963702527e-01
11	4.777412748274111e-01	4.786300923226383e-01
21	4.572661892427379e-01	4.677351412871982e-01
43	4.537448797924600e-01	4.570881896148750e-01
75	4.439922701957583e-01	4.466835921509631e-01
90	4.324096388067347e-01	4.365158322401660e-01
150	4.169433671115416e-01	4.265795188015927e-01
164	4.166699342829806e-01	4.168693834703354e-01
202	3.845208133021621e-01	3.890451449942806e-01
219	3.791595280523474e-01	3.801893963205612e-01
242	3.690511838882138e-01	3.715352290971726e-01
290	3.539196733161931e-01	3.548133892335755e-01
336	3.424925931262395e-01	3.467368504525316e-01
430	3.380870465901065e-01	3.388441561392025e-01
492	3.298604983721920e-01	3.311311214825911e-01
529	3.101371087046129e-01	3.162277660168379e-01
580	3.088096686504638e-01	3.090295432513591e-01
700	3.014537399887570e-01	3.019951720402016e-01
774	2.863165915174363e-01	2.884031503126606e-01
903	2.760640171437976e-01	2.818382931264454e-01
952	2.728805654190011e-01	2.754228703338166e-01
1149	2.690444384286391e-01	2.691534803926916e-01
1342	2.627377201848231e-01	2.630267991895382e-01
1473	2.564620347128941e-01	2.570395782768864e-01
1638	2.511121807200941e-01	2.511886431509580e-01
1805	2.454477494689792e-01	2.454708915685030e-01
2256	2.395782666208121e-01	2.398832919019490e-01
2660	2.239297550526936e-01	2.290867652767773e-01
2691	2.238039577039532e-01	2.238721138568339e-01
3626	2.187515875364553e-01	2.187761623949552e-01
4938	2.112771139863308e-01	2.137962089502232e-01
5205	2.072150312341431e-01	2.089296130854039e-01
6154	2.040501869002588e-01	2.041737944669530e-01
6343	1.959126036547961e-01	1.995262314968880e-01
6743	1.949674367366790e-01	1.949844599758045e-01
7896	1.842860693201260e-01	1.862087136662867e-01
9629	1.817622931535228e-01	1.819700858609984e-01
11302	1.774130383870131e-01	1.778279410038923e-01
14223	1.725967322082002e-01	1.737800828749375e-01
15645	1.681658808015850e-01	1.698243652461744e-01
19978	1.658561182500222e-01	1.659586907437560e-01
25868	1.621161560242036e-01	1.621810097358930e-01
27529	1.558761709126877e-01	1.584893192461113e-01
29182	1.544668507422821e-01	1.548816618912481e-01
34103	1.510566751786696e-01	1.513561248436208e-01
35502	1.456069536462159e-01	1.479108388168208e-01
36752	1.402756997424438e-01	1.412537544622754e-01
42097	1.379211149101863e-01	1.380384264602885e-01
46485	1.346262184170145e-01	1.348962882591654e-01
55200	1.314952913769190e-01	1.318256738556407e-01
59029	1.270478056596679e-01	1.288249551693134e-01
69649	1.258018072454374e-01	1.258925411794167e-01
85564	1.226403499215917e-01	1.230268770812381e-01
198806	1.202245808513885e-01	1.202264434617413e-01
426021	1.174891388027772e-01	1.174897554939529e-01
882328	1.147323124255349e-01	1.148153621496883e-01
1201172	1.127565198135912e-01	1.148153621496883e-01
%
% index = 3669, name = bbob_f006_i21_d20__bbob_f017_i22_d20
% instance = 10, reference value = 9.716968713690129e-01
% function evaluation | indicator value | target hit
1	4.801525842900797e-01	4.897788193684462e-01
58	4.780348185215574e-01	4.786300923226383e-01
62	4.504788610375396e-01	4.570881896148750e-01
63	4.083237144139611e-01	4.168693834703354e-01
82	4.061406602272123e-01	4.073802778041127e-01
117	3.778880769103428e-01	3.801893963205612e-01
134	3.456521392614482e-01	3.467368504525316e-01
140	3.331865581548442e-01	3.388441561392025e-01
172	3.303894843361138e-01	3.311311214825911e-01
225	3.194345046819324e-01	3.235936569296283e-01
262	3.154437303182520e-01	3.162277660168379e-01
293	3.024444698304817e-01	3.090295432513591e-01
295	2.681909211063631e-01	2.691534803926916e-01
401	2.612408785727763e-01	2.630267991895382e-01
406	2.542015074331436e-01	2.570395782768864e-01
423	2.483567256672280e-01	2.511886431509580e-01
478	2.450164426003844e-01	2.454708915685030e-01
504	2.331062962865866e-01	2.344228815319922e-01
520	2.272117770246522e-01	2.290867652767773e-01
549	2.238334705298641e-01	2.238721138568339e-01
555	2.047032105957559e-01	2.089296130854039e-01
574	2.034109587545589e-01	2.041737944669530e-01
655	1.993740322129894e-01	1.995262314968880e-01
679	1.829276725368641e-01	1.862087136662867e-01
762	1.819663554565869e-01	1.819700858609984e-01
900	1.777638489883355e-01	1.778279410038923e-01
1011	1.734083217269186e-01	1.737800828749375e-01
1066	1.653505339147187e-01	1.659586907437560e-01
1124	1.486701386619053e-01	1.513561248436208e-01
1153	1.471275597988631e-01	1.479108388168208e-01
1202	1.441666604545119e-01	1.445439770745928e-01
1329	1.405810621203512e-01	1.412537544622754e-01
1723	1.378468623799005e-01	1.380384264602885e-01
2405	1.348788228454577e-01	1.348962882591654e-01
3530	1.318206875336982e-01	1.318256738556407e-01
4863	1.288192778907135e-01	1.288249551693134e-01
5285	1.255234682815763e-01	1.258925411794167e-01
8005	1.227584536625002e-01	1.230268770812381e-01
8488	1.176026993508449e-01	1.202264434617413e-01
8540	1.174707126232685e-01	1.174897554939529e-01
13365	1.068702861257070e-01	1.071519305237607e-01
17047	1.047099476944408e-01	1.047128548050900e-01
17135	1.022964900139083e-01	1.023292992280754e-01
24656	9.945203811690806e-02	1.000000000000000e-01
27240	9.680443405560246e-02	9.772372209558107e-02
37676	9.472929107477823e-02	9.549925860214359e-02
48563	9.118752071996228e-02	9.120108393559097e-02
53389	8.847128082004185e-02	8.912509381337455e-02
69474	8.564484204271516e-02	8.709635899560805e-02
90715	8.416084658538503e-02	8.511380382023763e-02
327505	8.317560516970424e-02	8.317637711026708e-02
1201023	8.207430713192432e-02	8.317637711026708e-02
%
% index = 3670, name = bbob_f006_i23_d20__bbob_f017_i24_d20
% instance = 11, reference value = 1.000000000000000e+00
% function evaluation | indicator value | target hit
1	6.928108153814404e-01	7.079457843841379e-01
5	6.858064978891882e-01	6.918309709189365e-01
12	6.399470447490372e-01	6.456542290346555e-01
65	6.267668428486715e-01	6.309573444801932e-01
69	5.601133754927659e-01	5.623413251903491e-01
115	5.372152977766379e-01	5.495408738576245e-01
180	5.360187661358139e-01	5.370317963702527e-01
286	5.221444972817811e-01	5.248074602497725e-01
358	4.994366863444510e-01	5.011872336272722e-01
415	4.708194163825646e-01	4.786300923226383e-01
445	4.335231431343157e-01	4.365158322401660e-01
464	4.253127282194652e-01	4.265795188015927e-01
733	4.023210862694738e-01	4.073802778041127e-01
848	3.979077547784095e-01	3.981071705534972e-01
936	3.816868611691502e-01	3.890451449942806e-01
1077	3.756309665988081e-01	3.801893963205612e-01
1151	3.141318592390210e-01	3.162277660168379e-01
1657	3.089497925916477e-01	3.090295432513591e-01
1711	2.975913178102384e-01	3.019951720402016e-01
1978	2.876421178073326e-01	2.884031503126606e-01
2932	2.727288483491636e-01	2.754228703338166e-01
3691	2.530245747962713e-01	2.570395782768864e-01
4608	2.503898051282050e-01	2.511886431509580e-01
9201	2.415574125544895e-01	2.454708915685030e-01
11070	2.361820955513340e-01	2.398832919019490e-01
14381	2.328289613784251e-01	2.344228815319922e-01
20424	2.283344331611983e-01	2.290867652767773e-01
44863	2.238386921278531e-01	2.238721138568339e-01
84476	2.187756012488836e-01	2.187761623949552e-01
149601	2.132994653383143e-01	2.137962089502232e-01
312060	2.089284785358737e-01	2.089296130854039e-01
617603	2.029017199348621e-01	2.041737944669530e-01
1053914	1.991457401748732e-01	1.995262314968880e-01
1200000	1.976111293925717e-01	1.995262314968880e-01
%
% index = 3671, name = bbob_f006_i25_d20__bbob_f017_i26_d20
% instance = 12, reference value = 1.000000000000000e+00
% function evaluation | indicator value | target hit
1	7.270844640886248e-01	7.413102413009175e-01
16	5.913803322163608e-01	6.025595860743578e-01
63	5.228268948371781e-01	5.248074602497725e-01
64	4.645928936621471e-01	4.677351412871982e-01
204	4.264018828841936e-01	4.265795188015927e-01
289	4.069633426100170e-01	4.073802778041127e-01
298	3.810054749603394e-01	3.890451449942806e-01
356	3.779566083615206e-01	3.801893963205612e-01
422	3.714545797661208e-01	3.715352290971726e-01
453	3.629856469275653e-01	3.630780547701014e-01
505	3.530540762442005e-01	3.548133892335755e-01
557	3.237858179235831e-01	3.311311214825911e-01
604	3.214497668721550e-01	3.235936569296283e-01
668	3.093761728997924e-01	3.162277660168379e-01
687	2.993082655271496e-01	3.019951720402016e-01
699	2.923221570497621e-01	2.951209226666385e-01
937	2.883896060314470e-01	2.884031503126606e-01
1031	2.814899491388099e-01	2.818382931264454e-01
1162	2.735868988287958e-01	2.754228703338166e-01
1181	2.593213930154752e-01	2.630267991895382e-01
1255	2.500513669568263e-01	2.511886431509580e-01
1392	2.448156598109331e-01	2.454708915685030e-01
1448	2.357947368228696e-01	2.398832919019490e-01
1500	2.328235015759889e-01	2.344228815319922e-01
1678	2.289374068610054e-01	2.290867652767773e-01
2042	2.226091320403487e-01	2.238721138568339e-01
2807	2.187420151802779e-01	2.187761623949552e-01
3586	2.137956671226330e-01	2.137962089502232e-01
4370	2.081743959188312e-01	2.089296130854039e-01
7441	2.041715018063067e-01	2.041737944669530e-01
12709	1.972103301007551e-01	1.995262314968880e-01
13921	1.946779662779368e-01	1.949844599758045e-01
18863	1.904401220949216e-01	1.905460717963247e-01
24576	1.861976118816642e-01	1.862087136662867e-01
49436	1.819689220882442e-01	1.819700858609984e-01
69730	1.778274961055227e-01	1.778279410038923e-01
149466	1.737793977032988e-01	1.737800828749375e-01
360706	1.698234031866375e-01	1.698243652461744e-01
1200000	1.677719231944497e-01	1.698243652461744e-01
%
% index = 3672, name = bbob_f006_i27_d20__bbob_f017_i28_d20
% instance = 13, reference value = 1.000000000000000e+00
% function evaluation | indicator value | target hit
1	8.658590541193257e-01	8.709635899560807e-01
4	8.359168813422857e-01	8.511380382023764e-01
27	7.633173208255655e-01	7.762471166286917e-01
28	7.505298316842621e-01	7.585775750291838e-01
39	7.349022721396826e-01	7.413102413009175e-01
50	6.771792260603979e-01	6.918309709189365e-01
63	6.578064031442206e-01	6.606934480075960e-01
111	6.151886707070278e-01	6.165950018614822e-01
135	6.012838799087563e-01	6.025595860743578e-01
147	5.820907942830604e-01	5.888436553555889e-01
161	5.642992661312475e-01	5.754399373371569e-01
163	5.435475034080091e-01	5.495408738576245e-01
165	5.270866842697661e-01	5.370317963702527e-01
166	5.177669353199315e-01	5.248074602497725e-01
190	5.064546755636250e-01	5.128613839913648e-01
195	4.527092628197421e-01	4.570881896148750e-01
222	4.452903366784173e-01	4.466835921509631e-01
229	4.172609529292264e-01	4.265795188015927e-01
234	4.147637200517631e-01	4.168693834703354e-01
242	4.012530410306497e-01	4.073802778041127e-01
246	3.925368856174379e-01	3.981071705534972e-01
279	3.882242143184013e-01	3.890451449942806e-01
295	3.795220604311662e-01	3.801893963205612e-01
333	3.712721947935420e-01	3.715352290971726e-01
347	3.201833119523151e-01	3.235936569296283e-01
362	3.026318577266135e-01	3.090295432513591e-01
382	2.977882213933469e-01	3.019951720402016e-01
392	2.895539045318081e-01	2.951209226666385e-01
397	2.872917673750082e-01	2.884031503126606e-01
404	2.810763084941318e-01	2.818382931264454e-01
423	2.629050899309691e-01	2.630267991895382e-01
433	2.551304960374211e-01	2.570395782768864e-01
516	2.487796460393684e-01	2.511886431509580e-01
519	2.440747473888241e-01	2.454708915685030e-01
574	2.379360335007399e-01	2.398832919019490e-01
628	2.283256551105166e-01	2.290867652767773e-01
644	2.214008963075126e-01	2.238721138568339e-01
674	2.161154623432656e-01	2.187761623949552e-01
685	2.126047617041749e-01	2.137962089502232e-01
745	1.980358109558724e-01	1.995262314968880e-01
759	1.948895454510651e-01	1.949844599758045e-01
780	1.882876857795636e-01	1.905460717963247e-01
785	1.769558879531983e-01	1.778279410038923e-01
836	1.713406510034263e-01	1.737800828749375e-01
857	1.689245044805203e-01	1.698243652461744e-01
880	1.574666282193172e-01	1.584893192461113e-01
897	1.507400611612475e-01	1.513561248436208e-01
898	1.386333308873551e-01	1.412537544622754e-01
901	1.321853411418452e-01	1.348962882591654e-01
918	1.310841100661742e-01	1.318256738556407e-01
984	1.287009740619525e-01	1.288249551693134e-01
985	1.238275209472447e-01	1.258925411794167e-01
1005	1.224277763553450e-01	1.230268770812381e-01
1052	1.108991567995682e-01	1.122018454301964e-01
1134	1.095748219548844e-01	1.096478196143185e-01
1167	1.069744760968288e-01	1.071519305237607e-01
1269	1.047096058796294e-01	1.047128548050900e-01
1326	9.882712870533039e-02	1.000000000000000e-01
1375	9.673839771500015e-02	9.772372209558107e-02
1430	9.436191818653450e-02	9.549925860214359e-02
1483	8.801852923336084e-02	8.912509381337455e-02
1585	8.688618584965291e-02	8.709635899560805e-02
1663	8.499421701078225e-02	8.511380382023763e-02
1757	8.317513114571418e-02	8.317637711026708e-02
1825	8.120860513167538e-02	8.128305161640990e-02
1975	7.827038356099048e-02	7.943282347242814e-02
1994	7.762351193992645e-02	7.762471166286916e-02
2548	7.571040503632742e-02	7.585775750291836e-02
2813	7.397744621006919e-02	7.413102413009177e-02
3430	7.226784683518206e-02	7.244359600749903e-02
5205	7.074199229634304e-02	7.079457843841380e-02
8198	6.814826413188735e-02	6.918309709189366e-02
8896	6.760761248846492e-02	6.760829753919818e-02
14297	6.606918000967732e-02	6.606934480075961e-02
16028	6.430638306202674e-02	6.456542290346556e-02
22714	6.305514895950692e-02	6.309573444801933e-02
27403	5.953249155078266e-02	6.025595860743578e-02
30128	5.869695002731701e-02	5.888436553555890e-02
36357	5.704028648780513e-02	5.754399373371569e-02
41192	5.623352703796236e-02	5.623413251903491e-02
61335	5.494416092920118e-02	5.495408738576246e-02
76226	5.370276655532302e-02	5.370317963702527e-02
93872	5.247743062488452e-02	5.248074602497726e-02
188539	5.122436993329704e-02	5.128613839913648e-02
571925	5.004218506104774e-02	5.011872336272722e-02
1200001	4.970367516616936e-02	5.011872336272722e-02
%
% index = 3673, name = bbob_f006_i29_d20__bbob_f017_i30_d20
% instance = 14, reference value = 1.000000000000000e+00
% function evaluation | indicator value | target hit
1	8.831101016145699e-01	8.912509381337456e-01
5	7.916971919544616e-01	7.943282347242815e-01
46	7.423249509357068e-01	7.585775750291838e-01
50	7.388138264402363e-01	7.413102413009175e-01
66	7.235653139175773e-01	7.244359600749900e-01
102	7.036254847071186e-01	7.079457843841379e-01
112	6.791075632211998e-01	6.918309709189365e-01
120	6.744030233534453e-01	6.760829753919817e-01
163	6.509322465900171e-01	6.606934480075960e-01
184	6.452279344166933e-01	6.456542290346555e-01
206	5.983258601263488e-01	6.025595860743578e-01
217	5.626765831345616e-01	5.754399373371569e-01
247	5.588884954078812e-01	5.623413251903491e-01
293	5.297128799052740e-01	5.370317963702527e-01
317	5.240527731892650e-01	5.248074602497725e-01
332	5.097132648022560e-01	5.128613839913648e-01
391	4.958394274475058e-01	5.011872336272722e-01
406	4.873013575662697e-01	4.897788193684462e-01
416	4.767054193377821e-01	4.786300923226383e-01
433	4.533514190152332e-01	4.570881896148750e-01
466	4.462934746342044e-01	4.466835921509631e-01
510	4.312112593638481e-01	4.365158322401660e-01
568	4.220448224514768e-01	4.265795188015927e-01
622	4.100297225567082e-01	4.168693834703354e-01
642	4.053557805853669e-01	4.073802778041127e-01
669	3.980987396522948e-01	3.981071705534972e-01
833	3.871616322947948e-01	3.890451449942806e-01
973	3.759420872897172e-01	3.801893963205612e-01
1150	3.704244672588046e-01	3.715352290971726e-01
1215	3.146980043045006e-01	3.162277660168379e-01
1364	3.079119561187059e-01	3.090295432513591e-01
1565	2.968645209431405e-01	3.019951720402016e-01
1570	2.943217842111443e-01	2.951209226666385e-01
1597	2.820219565775661e-01	2.884031503126606e-01
1659	2.817807608589390e-01	2.818382931264454e-01
1716	2.719247979661575e-01	2.754228703338166e-01
1868	2.681889870768696e-01	2.691534803926916e-01
1972	2.590541760169243e-01	2.630267991895382e-01
2061	2.570184535938842e-01	2.570395782768864e-01
2308	2.506059206156160e-01	2.511886431509580e-01
2449	2.412232743690328e-01	2.454708915685030e-01
2473	2.390155381956430e-01	2.398832919019490e-01
2609	2.338120003725263e-01	2.344228815319922e-01
2729	2.278883782582801e-01	2.290867652767773e-01
3081	2.193255685357076e-01	2.238721138568339e-01
3190	2.187160020390571e-01	2.187761623949552e-01
3402	2.093792383740076e-01	2.137962089502232e-01
3457	2.082063716138989e-01	2.089296130854039e-01
3914	2.041451876144053e-01	2.041737944669530e-01
4211	1.984727026380462e-01	1.995262314968880e-01
5238	1.947517145795579e-01	1.949844599758045e-01
7412	1.901642221929866e-01	1.905460717963247e-01
9679	1.854130710619984e-01	1.862087136662867e-01
12075	1.819276151351596e-01	1.819700858609984e-01
15824	1.777834393961087e-01	1.778279410038923e-01
24194	1.737782643286756e-01	1.737800828749375e-01
39874	1.695371190879710e-01	1.698243652461744e-01
53795	1.658435008911845e-01	1.659586907437560e-01
124249	1.621752562067519e-01	1.621810097358930e-01
265769	1.584880057421856e-01	1.584893192461113e-01
1200247	1.557217926336262e-01	1.584893192461113e-01
%
% index = 3674, name = bbob_f006_i31_d20__bbob_f017_i34_d20
% instance = 15, reference value = 1.000000000000000e+00
% function evaluation | indicator value | target hit
1	7.571639623445043e-01	7.585775750291838e-01
3	7.269762144406603e-01	7.413102413009175e-01
6	6.498516987592280e-01	6.606934480075960e-01
54	6.441144293621870e-01	6.456542290346555e-01
67	5.879971613658941e-01	5.888436553555889e-01
128	5.610022786778271e-01	5.623413251903491e-01
139	5.340177231176682e-01	5.370317963702527e-01
227	4.597004224709940e-01	4.677351412871982e-01
231	4.558481240518218e-01	4.570881896148750e-01
287	4.458207347957233e-01	4.466835921509631e-01
292	4.247568348997193e-01	4.265795188015927e-01
296	3.984567299986633e-01	4.073802778041127e-01
319	3.980716744062118e-01	3.981071705534972e-01
371	3.878750352924204e-01	3.890451449942806e-01
400	3.735131660688590e-01	3.801893963205612e-01
427	3.583670533125062e-01	3.630780547701014e-01
460	3.533193665890110e-01	3.548133892335755e-01
476	3.380301083895034e-01	3.388441561392025e-01
555	3.290856473698538e-01	3.311311214825911e-01
587	3.235146544686804e-01	3.235936569296283e-01
602	3.104487771090776e-01	3.162277660168379e-01
623	3.078751228194653e-01	3.090295432513591e-01
675	3.015576186284512e-01	3.019951720402016e-01
796	2.949328003438803e-01	2.951209226666385e-01
961	2.883996863498488e-01	2.884031503126606e-01
988	2.814933809895768e-01	2.818382931264454e-01
1045	2.746470956552881e-01	2.754228703338166e-01
1200	2.639555242907459e-01	2.691534803926916e-01
1274	2.626927806882718e-01	2.630267991895382e-01
1404	2.558590634852103e-01	2.570395782768864e-01
1448	2.367725514713646e-01	2.398832919019490e-01
1528	2.338846524200817e-01	2.344228815319922e-01
1706	2.282226287789585e-01	2.290867652767773e-01
1890	2.237018178325993e-01	2.238721138568339e-01
2349	2.181478013189679e-01	2.187761623949552e-01
3078	2.131303363922797e-01	2.137962089502232e-01
3344	2.047861976323151e-01	2.089296130854039e-01
3687	2.037210377202661e-01	2.041737944669530e-01
4187	1.994937208504137e-01	1.995262314968880e-01
5469	1.949354617490350e-01	1.949844599758045e-01
7233	1.904550482199574e-01	1.905460717963247e-01
7860	1.857671318849429e-01	1.862087136662867e-01
11961	1.819673875361003e-01	1.819700858609984e-01
13958	1.778201985330667e-01	1.778279410038923e-01
22029	1.714069207654767e-01	1.737800828749375e-01
34442	1.698221567887772e-01	1.698243652461744e-01
62313	1.657988587425320e-01	1.659586907437560e-01
156273	1.621121712622386e-01	1.621810097358930e-01
226501	1.578908429048946e-01	1.584893192461113e-01
1008075	1.540453819226431e-01	1.548816618912481e-01
1201091	1.537237194086124e-01	1.548816618912481e-01
