%
% index = 1275, name = bbob_f008_i02_d03__bbob_f015_i04_d03
% instance = 1, reference value = 9.880387631090000e-01
% function evaluation | indicator value | target hit
1	5.463034376579500e+00	5.495408738576246e+00
21	5.824449438296223e-01	5.888436553555889e-01
38	3.403533231198158e-01	3.467368504525316e-01
43	1.446631627438640e-01	1.479108388168208e-01
51	1.320808218552249e-01	1.348962882591654e-01
52	1.310926588653190e-01	1.318256738556407e-01
61	1.244499024990681e-01	1.258925411794167e-01
62	1.204278820374507e-01	1.230268770812381e-01
71	1.124002159731927e-01	1.148153621496883e-01
85	1.097605879663021e-01	1.122018454301964e-01
98	1.095591005472822e-01	1.096478196143185e-01
125	9.351706193985587e-02	9.549925860214359e-02
134	7.855234127460853e-02	7.943282347242814e-02
141	6.782075855396885e-02	6.918309709189366e-02
146	6.610634139322480e-02	6.760829753919818e-02
170	5.668079099326129e-02	5.754399373371569e-02
198	5.382857919308925e-02	5.495408738576246e-02
203	5.118918968439157e-02	5.128613839913648e-02
208	4.956906532156458e-02	5.011872336272722e-02
217	4.605903475526674e-02	4.677351412871981e-02
240	4.541626054973846e-02	4.570881896148749e-02
242	4.184367347881612e-02	4.265795188015926e-02
243	4.121773191363765e-02	4.168693834703355e-02
249	4.000744781724197e-02	4.073802778041128e-02
251	3.977673543660321e-02	3.981071705534973e-02
252	3.828441331919408e-02	3.890451449942807e-02
287	3.616172916951277e-02	3.630780547701014e-02
305	3.494956470560440e-02	3.548133892335755e-02
308	3.224437101937572e-02	3.235936569296283e-02
374	3.109168896089110e-02	3.162277660168379e-02
426	3.069959898632857e-02	3.090295432513590e-02
441	2.922394259300409e-02	2.951209226666385e-02
476	2.867382962823395e-02	2.884031503126606e-02
504	2.816706652992840e-02	2.818382931264454e-02
542	2.752102857713268e-02	2.754228703338166e-02
586	2.552199371472730e-02	2.570395782768863e-02
664	2.508148082295414e-02	2.511886431509579e-02
724	2.439311853609338e-02	2.454708915685030e-02
830	2.396884862577542e-02	2.398832919019490e-02
866	2.339866002568936e-02	2.344228815319923e-02
923	1.855474441672611e-02	1.862087136662868e-02
998	1.818143097921598e-02	1.819700858609984e-02
1216	1.777885324913575e-02	1.778279410038923e-02
1308	1.717014277096685e-02	1.737800828749375e-02
1386	1.682714393661211e-02	1.698243652461744e-02
1532	1.651733827374591e-02	1.659586907437561e-02
1692	1.621383413745792e-02	1.621810097358930e-02
2545	1.583825255900539e-02	1.584893192461113e-02
2662	1.402395896096686e-02	1.412537544622754e-02
3092	1.376330376594725e-02	1.380384264602885e-02
4265	1.347333690804098e-02	1.348962882591653e-02
4364	1.317415689177570e-02	1.318256738556407e-02
4441	1.159112502430193e-02	1.174897554939530e-02
4502	1.147786647183346e-02	1.148153621496883e-02
5338	9.794207910744701e-03	1.000000000000000e-02
5652	9.770804558547952e-03	9.772372209558112e-03
13031	9.460132768100871e-03	9.549925860214359e-03
16616	8.838395508323327e-03	8.912509381337459e-03
16688	8.597391717223291e-03	8.709635899560805e-03
18778	8.324765971079118e-03	8.511380382023767e-03
19111	8.303921069972242e-03	8.317637711026709e-03
23924	7.694296922397870e-03	7.762471166286920e-03
33166	7.524564210286133e-03	7.585775750291836e-03
34217	7.292386707238308e-03	7.413102413009177e-03
34553	7.146459567564989e-03	7.244359600749898e-03
39669	6.916128523182463e-03	6.918309709189363e-03
47458	6.624953475124817e-03	6.760829753919818e-03
48123	6.188362185956087e-03	6.309573444801930e-03
53553	6.165279249311872e-03	6.165950018614822e-03
82239	6.025238778342601e-03	6.025595860743574e-03
104602	5.886773675812029e-03	5.888436553555890e-03
137697	5.705515177238940e-03	5.754399373371567e-03
180000	5.636476559419901e-03	5.754399373371567e-03
%
% index = 1276, name = bbob_f008_i03_d03__bbob_f015_i05_d03
% instance = 2, reference value = 9.237754930197180e-01
% function evaluation | indicator value | target hit
1	6.162664631440427e-01	6.165950018614822e-01
35	4.235923437176619e-01	4.265795188015927e-01
112	4.091525417585328e-01	4.168693834703354e-01
117	3.929136764944700e-01	3.981071705534972e-01
121	3.855630772979705e-01	3.890451449942806e-01
128	3.622468851052536e-01	3.630780547701014e-01
157	3.244229670907008e-01	3.311311214825911e-01
223	3.194077670371802e-01	3.235936569296283e-01
291	3.113191115181202e-01	3.162277660168379e-01
296	3.037099937492838e-01	3.090295432513591e-01
303	3.006275634414951e-01	3.019951720402016e-01
320	2.886544303994465e-01	2.951209226666385e-01
335	2.165779938122467e-01	2.187761623949552e-01
381	1.981474235594630e-01	1.995262314968880e-01
395	1.928162170932328e-01	1.949844599758045e-01
445	1.900874001830252e-01	1.905460717963247e-01
447	1.839040182803149e-01	1.862087136662867e-01
483	1.792918686142634e-01	1.819700858609984e-01
607	1.774046607124625e-01	1.778279410038923e-01
792	1.723144969762300e-01	1.737800828749375e-01
843	1.695967859956409e-01	1.698243652461744e-01
973	1.566733774848383e-01	1.584893192461113e-01
976	1.545518192859486e-01	1.548816618912481e-01
981	1.496717978748641e-01	1.513561248436208e-01
1200	1.418135168101218e-01	1.445439770745928e-01
1231	1.411445841941479e-01	1.412537544622754e-01
1337	1.379078964626353e-01	1.380384264602885e-01
1448	1.327501863975142e-01	1.348962882591654e-01
1488	1.318117599338491e-01	1.318256738556407e-01
1560	1.253357865323343e-01	1.258925411794167e-01
1573	1.171120486325216e-01	1.174897554939529e-01
2131	1.146570137882585e-01	1.148153621496883e-01
2312	1.051390114823164e-01	1.071519305237607e-01
2466	1.047127992311266e-01	1.047128548050900e-01
3418	1.022627890596264e-01	1.023292992280754e-01
5269	9.985410730968147e-02	1.000000000000000e-01
5394	9.535191716180502e-02	9.549925860214359e-02
10063	9.295112871375222e-02	9.332543007969910e-02
10619	9.102521511394379e-02	9.120108393559097e-02
11578	8.758200623737511e-02	8.912509381337455e-02
12478	8.374336630056978e-02	8.511380382023763e-02
18623	8.193453947866969e-02	8.317637711026708e-02
20314	8.056359648673683e-02	8.128305161640990e-02
20569	7.430658507557886e-02	7.585775750291836e-02
26005	7.406662092165572e-02	7.413102413009177e-02
44662	7.195041005447933e-02	7.244359600749903e-02
66518	7.010799650885169e-02	7.079457843841380e-02
71684	6.844725681830854e-02	6.918309709189366e-02
91571	6.743542884934295e-02	6.760829753919818e-02
179445	6.548766132737782e-02	6.606934480075961e-02
180000	6.548753965135146e-02	6.606934480075961e-02
%
% index = 1277, name = bbob_f008_i07_d03__bbob_f015_i08_d03
% instance = 3, reference value = 9.847760662326860e-01
% function evaluation | indicator value | target hit
1	5.397140846836510e-01	5.495408738576245e-01
230	3.822016613048310e-01	3.890451449942806e-01
251	3.799047450353042e-01	3.801893963205612e-01
333	3.650903422825854e-01	3.715352290971726e-01
370	3.568816867430086e-01	3.630780547701014e-01
472	3.548091864002274e-01	3.548133892335755e-01
488	2.055632660228007e-01	2.089296130854039e-01
564	2.027566516761773e-01	2.041737944669530e-01
673	1.966076559094854e-01	1.995262314968880e-01
740	1.943283236374154e-01	1.949844599758045e-01
926	1.877523720427497e-01	1.905460717963247e-01
1004	1.822346876698600e-01	1.862087136662867e-01
1010	1.816486371753310e-01	1.819700858609984e-01
1139	1.747506598010358e-01	1.778279410038923e-01
1169	1.708785335953679e-01	1.737800828749375e-01
1193	1.651347354880893e-01	1.659586907437560e-01
6492	1.603068636771361e-01	1.621810097358930e-01
180001	1.589737077929396e-01	1.621810097358930e-01
%
% index = 1278, name = bbob_f008_i09_d03__bbob_f015_i10_d03
% instance = 4, reference value = 9.940167733665930e-01
% function evaluation | indicator value | target hit
1	1.080425213356361e-01	1.096478196143185e-01
5	9.137606152996247e-02	9.332543007969910e-02
41	7.330243601183306e-02	7.413102413009177e-02
50	3.886980070293666e-02	3.890451449942807e-02
56	3.655927810135262e-02	3.715352290971726e-02
82	2.875609014032199e-02	2.884031503126606e-02
85	2.509113374332084e-02	2.511886431509579e-02
121	2.448779900307574e-02	2.454708915685030e-02
122	2.367067307796922e-02	2.398832919019490e-02
173	2.342074121800330e-02	2.344228815319923e-02
188	2.099057017020289e-02	2.137962089502233e-02
193	2.078378838343520e-02	2.089296130854040e-02
228	1.925380369179130e-02	1.949844599758046e-02
288	1.904051052337918e-02	1.905460717963247e-02
312	1.757970926268770e-02	1.778279410038923e-02
320	1.736666838954781e-02	1.737800828749375e-02
330	1.616894532582713e-02	1.621810097358930e-02
362	1.515493197244322e-02	1.548816618912481e-02
369	1.513295051324326e-02	1.513561248436208e-02
383	1.457565547199247e-02	1.479108388168207e-02
384	1.380617956420727e-02	1.412537544622754e-02
401	1.371242975365672e-02	1.380384264602885e-02
405	1.345571168955850e-02	1.348962882591653e-02
463	1.317451203854869e-02	1.318256738556407e-02
531	1.278004536962662e-02	1.288249551693134e-02
562	1.142276830009437e-02	1.148153621496883e-02
608	1.091236684441155e-02	1.096478196143185e-02
754	1.036578630868634e-02	1.047128548050900e-02
765	1.023230876922387e-02	1.023292992280754e-02
804	9.993404799061412e-03	1.000000000000000e-02
876	9.146426891079140e-03	9.332543007969915e-03
901	9.102332447219363e-03	9.120108393559097e-03
902	8.617699585760308e-03	8.709635899560805e-03
924	8.215961883099698e-03	8.317637711026709e-03
970	8.077824378914467e-03	8.128305161640995e-03
1013	7.741344624922375e-03	7.762471166286920e-03
1015	7.319861691706731e-03	7.413102413009177e-03
1016	7.236215345459485e-03	7.244359600749898e-03
1089	6.863054251464717e-03	6.918309709189363e-03
1139	6.518263038582606e-03	6.606934480075957e-03
1170	5.400475161663643e-03	5.495408738576248e-03
1204	5.366996578598515e-03	5.370317963702527e-03
1218	4.926831198346360e-03	5.011872336272725e-03
1288	4.894576590261934e-03	4.897788193684461e-03
1302	4.471251761371420e-03	4.570881896148752e-03
1323	4.437904648417201e-03	4.466835921509630e-03
1504	4.270897672078000e-03	4.365158322401661e-03
1517	4.265502404547372e-03	4.265795188015926e-03
1769	4.157443143658290e-03	4.168693834703355e-03
1819	4.027372906711513e-03	4.073802778041126e-03
1854	3.976818583233732e-03	3.981071705534973e-03
2272	3.880737965482606e-03	3.890451449942805e-03
2326	3.769953863813846e-03	3.801893963205613e-03
2412	3.532547139753262e-03	3.548133892335753e-03
2562	3.284005896317610e-03	3.311311214825911e-03
2786	3.235366387200567e-03	3.235936569296281e-03
3401	3.154993487766711e-03	3.162277660168379e-03
4176	3.085670805241136e-03	3.090295432513592e-03
4419	2.986994850775027e-03	3.019951720402016e-03
4712	2.911793552992203e-03	2.951209226666387e-03
5516	2.880493031188647e-03	2.884031503126605e-03
5910	2.786428288291565e-03	2.818382931264455e-03
6348	2.753730889016315e-03	2.754228703338166e-03
7733	2.577947273889380e-03	2.630267991895381e-03
7896	2.568999214962564e-03	2.570395782768865e-03
8616	2.506870178709875e-03	2.511886431509579e-03
9672	2.454708733234723e-03	2.454708915685031e-03
12103	2.397813961032114e-03	2.398832919019490e-03
13061	2.343786021160810e-03	2.344228815319923e-03
15575	2.290789674433746e-03	2.290867652767772e-03
17347	2.229791397710956e-03	2.238721138568340e-03
20776	2.184803758807252e-03	2.187761623949552e-03
30446	2.135604504524768e-03	2.137962089502233e-03
41971	2.089098526849242e-03	2.089296130854039e-03
57307	2.030815045559353e-03	2.041737944669530e-03
64752	1.978876755556969e-03	1.995262314968879e-03
88118	1.948661574900812e-03	1.949844599758046e-03
180000	1.908502355479236e-03	1.949844599758046e-03
%
% index = 1279, name = bbob_f008_i11_d03__bbob_f015_i12_d03
% instance = 5, reference value = 9.756026822586640e-01
% function evaluation | indicator value | target hit
1	4.378207570946393e-01	4.466835921509631e-01
2	4.286537439464658e-01	4.365158322401660e-01
5	4.024902169437781e-01	4.073802778041127e-01
10	3.015027812763419e-01	3.019951720402016e-01
18	2.094080665934893e-01	2.137962089502232e-01
22	2.081348042700003e-01	2.089296130854039e-01
39	2.022626354554358e-01	2.041737944669530e-01
100	1.980062802296871e-01	1.995262314968880e-01
236	1.946513272792075e-01	1.949844599758045e-01
310	1.798188246605730e-01	1.819700858609984e-01
314	1.321333565685160e-01	1.348962882591654e-01
324	1.317360936542475e-01	1.318256738556407e-01
388	1.282398721296197e-01	1.288249551693134e-01
657	1.258711790883088e-01	1.258925411794167e-01
1441	1.213497364529952e-01	1.230268770812381e-01
1500	1.161782328282518e-01	1.174897554939529e-01
3009	1.147317833220033e-01	1.148153621496883e-01
183711	1.138838607263764e-01	1.148153621496883e-01
%
% index = 1280, name = bbob_f008_i13_d03__bbob_f015_i14_d03
% instance = 6, reference value = 9.977787165699910e-01
% function evaluation | indicator value | target hit
1	5.958878062893723e-01	6.025595860743578e-01
3	5.752739467598802e-01	5.754399373371569e-01
6	4.220400741825339e-01	4.265795188015927e-01
36	3.599397944413539e-01	3.630780547701014e-01
41	3.258683164355676e-01	3.311311214825911e-01
60	3.200767270096009e-01	3.235936569296283e-01
72	3.047296365667035e-01	3.090295432513591e-01
160	2.936809940839868e-01	2.951209226666385e-01
177	2.747803083750016e-01	2.754228703338166e-01
238	2.381988514916075e-01	2.398832919019490e-01
243	1.656574428478580e-01	1.659586907437560e-01
256	1.555848019752640e-01	1.584893192461113e-01
269	1.349953217026286e-01	1.380384264602885e-01
273	1.334690561341133e-01	1.348962882591654e-01
335	1.304839680989123e-01	1.318256738556407e-01
348	1.241440948960225e-01	1.258925411794167e-01
366	1.057150543070340e-01	1.071519305237607e-01
395	4.719407245416540e-02	4.786300923226382e-02
595	4.577786854609556e-02	4.677351412871981e-02
599	4.516597327781180e-02	4.570881896148749e-02
622	4.286631143515751e-02	4.365158322401658e-02
629	3.185809595339184e-02	3.235936569296283e-02
633	2.662092884939715e-02	2.691534803926915e-02
640	2.628714890728301e-02	2.630267991895381e-02
744	2.526818650215301e-02	2.570395782768863e-02
794	2.510308558259355e-02	2.511886431509579e-02
850	2.391590331952020e-02	2.398832919019490e-02
1130	1.914671782110922e-02	1.949844599758046e-02
1888	1.904861811481917e-02	1.905460717963247e-02
2760	1.518061264123471e-02	1.548816618912481e-02
2845	1.264016182801908e-02	1.288249551693134e-02
2910	1.253238874872198e-02	1.258925411794167e-02
3773	9.649307511811922e-03	9.772372209558112e-03
11292	7.880973711500205e-03	7.943282347242814e-03
37435	7.762350260670625e-03	7.762471166286920e-03
180454	7.645483291564892e-03	7.762471166286920e-03
%
% index = 1281, name = bbob_f008_i15_d03__bbob_f015_i16_d03
% instance = 7, reference value = 9.805299455323940e-01
% function evaluation | indicator value | target hit
1	9.570298778043302e-01	9.772372209558107e-01
23	8.126270367133714e-01	8.128305161640993e-01
51	4.855076961059318e-01	4.897788193684462e-01
143	4.786081039153500e-01	4.786300923226383e-01
151	4.297861141914551e-01	4.365158322401660e-01
157	4.057492724819166e-01	4.073802778041127e-01
204	3.944525144526192e-01	3.981071705534972e-01
215	3.878750923087331e-01	3.890451449942806e-01
226	3.794588513598847e-01	3.801893963205612e-01
234	3.709997350032093e-01	3.715352290971726e-01
254	3.625027179627053e-01	3.630780547701014e-01
285	3.467938825388038e-01	3.548133892335755e-01
326	3.460177198978982e-01	3.467368504525316e-01
358	2.584181886748065e-01	2.630267991895382e-01
370	1.505646026275570e-01	1.513561248436208e-01
383	1.468396273707991e-01	1.479108388168208e-01
385	1.430693053675529e-01	1.445439770745928e-01
425	1.405176210038313e-01	1.412537544622754e-01
470	8.409326571966957e-02	8.511380382023763e-02
472	8.203076169574031e-02	8.317637711026708e-02
632	7.706141216612883e-02	7.762471166286916e-02
674	7.326442694976054e-02	7.413102413009177e-02
681	7.148380558204737e-02	7.244359600749903e-02
790	7.008122695149643e-02	7.079457843841380e-02
933	6.808990001221193e-02	6.918309709189366e-02
1795	6.697591639721268e-02	6.760829753919818e-02
180000	6.657043628133785e-02	6.760829753919818e-02
%
% index = 1282, name = bbob_f008_i17_d03__bbob_f015_i18_d03
% instance = 8, reference value = 9.419456596697480e-01
% function evaluation | indicator value | target hit
1	1.078336278651555e+01	1.096478196143185e+01
9	4.960407839033747e+00	5.011872336272722e+00
14	7.170863337373445e-01	7.244359600749900e-01
162	6.982614131093612e-01	7.079457843841379e-01
163	6.897189722220374e-01	6.918309709189365e-01
202	6.602129972548487e-01	6.606934480075960e-01
245	6.249068462704792e-01	6.309573444801932e-01
260	6.119503512320628e-01	6.165950018614822e-01
269	5.262270542894707e-01	5.370317963702527e-01
280	4.811610509724344e-01	4.897788193684462e-01
330	4.724370913292382e-01	4.786300923226383e-01
339	4.646436678782608e-01	4.677351412871982e-01
350	4.306562544676646e-01	4.365158322401660e-01
357	4.255977812567043e-01	4.265795188015927e-01
370	4.167597315017364e-01	4.168693834703354e-01
373	4.018613560700470e-01	4.073802778041127e-01
388	3.747599028498066e-01	3.801893963205612e-01
431	3.682440986830506e-01	3.715352290971726e-01
458	3.620946541880740e-01	3.630780547701014e-01
491	1.874452449896283e-01	1.905460717963247e-01
512	1.849997206882980e-01	1.862087136662867e-01
519	1.802096032224221e-01	1.819700858609984e-01
539	1.672991550413839e-01	1.698243652461744e-01
644	1.533019410786097e-01	1.548816618912481e-01
647	1.492014940343585e-01	1.513561248436208e-01
675	1.227843463188205e-01	1.230268770812381e-01
682	1.197854016681902e-01	1.202264434617413e-01
690	1.090213788587219e-01	1.096478196143185e-01
692	1.064555221020876e-01	1.071519305237607e-01
694	1.030923986357012e-01	1.047128548050900e-01
744	1.016176634843617e-01	1.023292992280754e-01
798	9.931974243157426e-02	1.000000000000000e-01
800	9.769396076174852e-02	9.772372209558107e-02
856	9.344440897604556e-02	9.549925860214359e-02
860	9.324277945588444e-02	9.332543007969910e-02
873	9.094049273444305e-02	9.120108393559097e-02
875	8.785974797532792e-02	8.912509381337455e-02
882	7.330824107668410e-02	7.413102413009177e-02
898	6.493621990448895e-02	6.606934480075961e-02
905	6.331698128243890e-02	6.456542290346556e-02
970	6.308826377639243e-02	6.309573444801933e-02
1001	6.036379185944030e-02	6.165950018614822e-02
1007	5.832375950612223e-02	5.888436553555890e-02
1039	5.749314750897061e-02	5.754399373371569e-02
1152	5.376773576984462e-02	5.495408738576246e-02
1186	5.356115871547507e-02	5.370317963702527e-02
1265	5.246172370476387e-02	5.248074602497726e-02
1308	4.706836574566586e-02	4.786300923226382e-02
1362	4.675506308868460e-02	4.677351412871981e-02
1537	4.512446877861398e-02	4.570881896148749e-02
1563	4.441543823410266e-02	4.466835921509630e-02
1619	4.364187825270982e-02	4.365158322401658e-02
1715	4.258240836551064e-02	4.265795188015926e-02
1974	4.168049285835118e-02	4.168693834703355e-02
2095	4.067992355528915e-02	4.073802778041128e-02
2784	3.979353483258308e-02	3.981071705534973e-02
3412	3.727107213034730e-02	3.801893963205612e-02
3480	3.714119095052626e-02	3.715352290971726e-02
4554	3.315168625075371e-02	3.388441561392026e-02
4784	3.311270841884639e-02	3.311311214825911e-02
10874	3.235084591779025e-02	3.235936569296283e-02
18416	3.068160940301146e-02	3.090295432513590e-02
45222	3.015415341139704e-02	3.019951720402016e-02
180000	2.971625702404157e-02	3.019951720402016e-02
%
% index = 1283, name = bbob_f008_i19_d03__bbob_f015_i21_d03
% instance = 9, reference value = 9.461970971765840e-01
% function evaluation | indicator value | target hit
1	7.754833525644642e-01	7.762471166286917e-01
5	7.003710109039143e-01	7.079457843841379e-01
18	6.558400663738757e-01	6.606934480075960e-01
47	5.996825863298109e-01	6.025595860743578e-01
69	5.530167772995428e-01	5.623413251903491e-01
97	4.827048052459778e-01	4.897788193684462e-01
101	4.767394729230410e-01	4.786300923226383e-01
141	3.978520599476980e-01	3.981071705534972e-01
178	3.675899726078511e-01	3.715352290971726e-01
256	3.600795579115955e-01	3.630780547701014e-01
274	3.229422185743830e-01	3.235936569296283e-01
300	3.004032859893568e-01	3.019951720402016e-01
304	2.686415429094843e-01	2.691534803926916e-01
374	2.499387328113629e-01	2.511886431509580e-01
416	2.274603362879051e-01	2.290867652767773e-01
426	2.212242326360241e-01	2.238721138568339e-01
440	2.180214119053753e-01	2.187761623949552e-01
469	1.713121918622370e-01	1.737800828749375e-01
513	1.684897868071241e-01	1.698243652461744e-01
554	1.650369942060596e-01	1.659586907437560e-01
569	1.409844549062944e-01	1.412537544622754e-01
602	1.376427460040606e-01	1.380384264602885e-01
643	1.346492763170065e-01	1.348962882591654e-01
660	1.154563166424545e-01	1.174897554939529e-01
713	1.143857691241708e-01	1.148153621496883e-01
774	1.115279891518067e-01	1.122018454301964e-01
798	1.095891693837410e-01	1.096478196143185e-01
890	1.062745198986964e-01	1.071519305237607e-01
893	9.384836580270983e-02	9.549925860214359e-02
1033	9.181324046822525e-02	9.332543007969910e-02
1115	9.011518882750214e-02	9.120108393559097e-02
1261	8.848591283048635e-02	8.912509381337455e-02
1298	8.263231495542367e-02	8.317637711026708e-02
1705	8.114803137607540e-02	8.128305161640990e-02
2013	7.675189601687860e-02	7.762471166286916e-02
2128	6.732514241731102e-02	6.760829753919818e-02
2515	6.471477822410909e-02	6.606934480075961e-02
2533	6.045713956305165e-02	6.165950018614822e-02
2605	6.008521946001077e-02	6.025595860743578e-02
2754	5.300012642199603e-02	5.370317963702527e-02
3215	5.231474246804535e-02	5.248074602497726e-02
3582	4.911511042257766e-02	5.011872336272722e-02
4198	4.892503835582340e-02	4.897788193684462e-02
4910	4.761452418028311e-02	4.786300923226382e-02
10237	4.293414920981797e-02	4.365158322401658e-02
10690	4.262364610786817e-02	4.265795188015926e-02
11082	3.961651576796443e-02	3.981071705534973e-02
13288	3.684948295460522e-02	3.715352290971726e-02
15188	3.609815824279705e-02	3.630780547701014e-02
25590	3.548112672209491e-02	3.548133892335755e-02
36056	3.443939397994511e-02	3.467368504525317e-02
56220	3.350876967410465e-02	3.388441561392026e-02
65788	3.284119120543727e-02	3.311311214825911e-02
81185	3.167178121107506e-02	3.235936569296283e-02
87832	3.143515335798230e-02	3.162277660168379e-02
93768	3.088368821645548e-02	3.090295432513590e-02
182287	3.041744895724308e-02	3.090295432513590e-02
%
% index = 1284, name = bbob_f008_i21_d03__bbob_f015_i22_d03
% instance = 10, reference value = 9.619403859937350e-01
% function evaluation | indicator value | target hit
1	4.471116701295864e-01	4.570881896148750e-01
5	4.451736638974179e-01	4.466835921509631e-01
13	3.930160842132757e-01	3.981071705534972e-01
16	2.454074279988682e-01	2.454708915685030e-01
51	1.878592975567661e-01	1.905460717963247e-01
52	1.855527483812180e-01	1.862087136662867e-01
56	1.744082953256008e-01	1.778279410038923e-01
70	1.725595959162740e-01	1.737800828749375e-01
76	1.637422706507962e-01	1.659586907437560e-01
83	1.515990908947882e-01	1.548816618912481e-01
85	1.470357774692237e-01	1.479108388168208e-01
106	1.433389141821885e-01	1.445439770745928e-01
114	1.409377106265741e-01	1.412537544622754e-01
162	1.353557463658899e-01	1.380384264602885e-01
168	1.332785776344128e-01	1.348962882591654e-01
189	1.284795731444592e-01	1.288249551693134e-01
195	1.235182089744873e-01	1.258925411794167e-01
202	1.229595434642892e-01	1.230268770812381e-01
221	1.199138596766043e-01	1.202264434617413e-01
231	1.174368490050849e-01	1.174897554939529e-01
234	1.120738149518014e-01	1.122018454301964e-01
268	1.035813898252860e-01	1.047128548050900e-01
274	9.423814190382429e-02	9.549925860214359e-02
295	8.461336206191894e-02	8.511380382023763e-02
307	8.183825982467563e-02	8.317637711026708e-02
321	8.054988431717403e-02	8.128305161640990e-02
341	7.751132599599753e-02	7.762471166286916e-02
372	7.443248240323919e-02	7.585775750291836e-02
392	7.412779104571221e-02	7.413102413009177e-02
409	7.203806629319010e-02	7.244359600749903e-02
466	7.078813845537135e-02	7.079457843841380e-02
503	6.782450013223451e-02	6.918309709189366e-02
504	6.357340857189286e-02	6.456542290346556e-02
528	6.302755869904419e-02	6.309573444801933e-02
609	5.626395924713956e-02	5.754399373371569e-02
611	5.615426873231455e-02	5.623413251903491e-02
618	5.371408948796030e-02	5.495408738576246e-02
639	5.301544405217218e-02	5.370317963702527e-02
680	5.212963138030102e-02	5.248074602497726e-02
735	5.100180145325584e-02	5.128613839913648e-02
745	4.996071999864504e-02	5.011872336272722e-02
796	4.873331018724847e-02	4.897788193684462e-02
802	4.767664705670638e-02	4.786300923226382e-02
984	4.094347720713754e-02	4.168693834703355e-02
999	3.279891545341818e-02	3.311311214825911e-02
1030	3.232179587823969e-02	3.235936569296283e-02
1047	3.086933476266618e-02	3.090295432513590e-02
1123	3.017732280200192e-02	3.019951720402016e-02
1180	2.949297409304774e-02	2.951209226666385e-02
1252	2.654585129857501e-02	2.691534803926915e-02
1291	2.627943272075317e-02	2.630267991895381e-02
1464	2.569438980650218e-02	2.570395782768863e-02
1494	2.479295641600776e-02	2.511886431509579e-02
1521	2.448417858505281e-02	2.454708915685030e-02
1527	2.329029006683847e-02	2.344228815319923e-02
1603	2.289999142753396e-02	2.290867652767773e-02
1729	2.207831643920521e-02	2.238721138568340e-02
1802	2.187732337589554e-02	2.187761623949553e-02
2091	2.137808495764948e-02	2.137962089502233e-02
2231	2.078442361163368e-02	2.089296130854040e-02
2381	1.938750270305323e-02	1.949844599758046e-02
2883	1.903485714414144e-02	1.905460717963247e-02
3259	1.861336427834481e-02	1.862087136662868e-02
4148	1.819690609772384e-02	1.819700858609984e-02
5614	1.725393892681049e-02	1.737800828749375e-02
6217	1.696844283573007e-02	1.698243652461744e-02
7578	1.659574857728963e-02	1.659586907437561e-02
7849	1.605348263710471e-02	1.621810097358930e-02
8558	1.548079929307744e-02	1.548816618912481e-02
12511	1.499955949782616e-02	1.513561248436208e-02
15506	1.478785202917554e-02	1.479108388168207e-02
23030	1.443746895941178e-02	1.445439770745927e-02
23831	1.225709156730437e-02	1.230268770812382e-02
34484	1.047060989635540e-02	1.047128548050900e-02
41389	9.786402969506502e-03	1.000000000000000e-02
41730	9.728264897112204e-03	9.772372209558112e-03
51750	9.546958788635762e-03	9.549925860214359e-03
96142	9.332511516590314e-03	9.332543007969915e-03
98172	8.725799373481724e-03	8.912509381337459e-03
103476	8.688142711110403e-03	8.709635899560805e-03
132021	8.501839392137112e-03	8.511380382023767e-03
180000	8.455856262587824e-03	8.511380382023767e-03
%
% index = 1285, name = bbob_f008_i23_d03__bbob_f015_i24_d03
% instance = 11, reference value = 1.000000000000000e+00
% function evaluation | indicator value | target hit
1	1.327812833850500e+00	1.348962882591654e+00
36	6.777262566039517e-01	6.918309709189365e-01
94	6.673022605890013e-01	6.760829753919817e-01
104	6.569868619359436e-01	6.606934480075960e-01
112	5.023657829867518e-01	5.128613839913648e-01
121	4.990087449664217e-01	5.011872336272722e-01
175	3.917979848045386e-01	3.981071705534972e-01
182	3.847321466735490e-01	3.890451449942806e-01
212	3.780650799667002e-01	3.801893963205612e-01
244	2.422262939797130e-01	2.454708915685030e-01
289	2.321215560978035e-01	2.344228815319922e-01
385	2.267286350321649e-01	2.290867652767773e-01
503	2.237277432752696e-01	2.238721138568339e-01
756	2.093112268756069e-01	2.137962089502232e-01
1150	1.760009166836315e-01	1.778279410038923e-01
1267	1.715536891391271e-01	1.737800828749375e-01
1277	1.474637448528054e-01	1.479108388168208e-01
1303	1.395522671727787e-01	1.412537544622754e-01
1521	1.373171636783189e-01	1.380384264602885e-01
1638	1.345082859620076e-01	1.348962882591654e-01
2186	1.311643679653869e-01	1.318256738556407e-01
2225	1.286204144112156e-01	1.288249551693134e-01
2674	1.252845821077163e-01	1.258925411794167e-01
4140	1.221579398209929e-01	1.230268770812381e-01
180000	1.203547161188712e-01	1.230268770812381e-01
%
% index = 1286, name = bbob_f008_i25_d03__bbob_f015_i26_d03
% instance = 12, reference value = 1.000000000000000e+00
% function evaluation | indicator value | target hit
1	2.097329217043000e+00	2.137962089502232e+00
12	2.047082601875000e+00	2.089296130854040e+00
66	8.050045647294670e-01	8.128305161640993e-01
112	6.873200227630372e-01	6.918309709189365e-01
123	6.677954163406187e-01	6.760829753919817e-01
258	6.127689936907649e-01	6.165950018614822e-01
270	5.420651764201423e-01	5.495408738576245e-01
322	3.054717109347163e-01	3.090295432513591e-01
378	2.167201303938244e-01	2.187761623949552e-01
399	2.125922037768013e-01	2.137962089502232e-01
421	1.843093274777701e-01	1.862087136662867e-01
426	1.815346192807769e-01	1.819700858609984e-01
489	1.750358965996605e-01	1.778279410038923e-01
527	1.736796554981483e-01	1.737800828749375e-01
559	1.632757558030941e-01	1.659586907437560e-01
597	1.619890286605296e-01	1.621810097358930e-01
767	1.582701446849819e-01	1.584893192461113e-01
1189	1.543587080396974e-01	1.548816618912481e-01
2746	1.474699501097677e-01	1.479108388168208e-01
7146	1.435390038989192e-01	1.445439770745928e-01
28433	1.410194309516786e-01	1.412537544622754e-01
56466	1.375754030160852e-01	1.380384264602885e-01
68536	1.314841665895593e-01	1.318256738556407e-01
95361	1.283531337400137e-01	1.288249551693134e-01
180000	1.279370309204304e-01	1.288249551693134e-01
%
% index = 1287, name = bbob_f008_i27_d03__bbob_f015_i28_d03
% instance = 13, reference value = 1.000000000000000e+00
% function evaluation | indicator value | target hit
1	9.997266236541298e-01	1.000000000000000e+00
6	9.614941641000146e-01	9.772372209558107e-01
7	8.984976343158549e-01	9.120108393559098e-01
27	6.558246912663432e-01	6.606934480075960e-01
59	4.308785378823154e-01	4.365158322401660e-01
62	4.249300771501840e-01	4.265795188015927e-01
122	4.002045571284164e-01	4.073802778041127e-01
162	3.544828659474791e-01	3.548133892335755e-01
299	3.371317194306221e-01	3.388441561392025e-01
302	3.304745527309344e-01	3.311311214825911e-01
376	3.073682549731839e-01	3.090295432513591e-01
426	2.947746477522007e-01	2.951209226666385e-01
600	2.705168619380691e-01	2.754228703338166e-01
609	2.452361169319826e-01	2.454708915685030e-01
614	2.073694724907892e-01	2.089296130854039e-01
632	2.012990175004460e-01	2.041737944669530e-01
703	1.990477703493053e-01	1.995262314968880e-01
744	1.886390362445259e-01	1.905460717963247e-01
776	1.840714505595465e-01	1.862087136662867e-01
808	1.818142858817843e-01	1.819700858609984e-01
980	1.777888490516560e-01	1.778279410038923e-01
1198	1.737672585327862e-01	1.737800828749375e-01
1374	1.696201074068328e-01	1.698243652461744e-01
1679	1.658389645682529e-01	1.659586907437560e-01
3486	1.621292141136592e-01	1.621810097358930e-01
141515	1.584846022062456e-01	1.584893192461113e-01
180000	1.584609056147993e-01	1.584893192461113e-01
%
% index = 1288, name = bbob_f008_i29_d03__bbob_f015_i30_d03
% instance = 14, reference value = 1.000000000000000e+00
% function evaluation | indicator value | target hit
1	1.765160428858000e+00	1.778279410038923e+00
8	1.371086419113000e+00	1.380384264602885e+00
68	1.225773975296000e+00	1.230268770812382e+00
223	8.818217308431154e-01	8.912509381337456e-01
231	8.303454285828795e-01	8.317637711026710e-01
236	6.056841696112198e-01	6.165950018614822e-01
244	5.514041076771919e-01	5.623413251903491e-01
261	5.342104757609429e-01	5.370317963702527e-01
285	5.013397750045507e-01	5.128613839913648e-01
302	4.974873132370400e-01	5.011872336272722e-01
445	4.181116690443467e-01	4.265795188015927e-01
477	4.148225306747129e-01	4.168693834703354e-01
516	4.047980559124978e-01	4.073802778041127e-01
524	3.786786760164802e-01	3.801893963205612e-01
596	3.215510984138210e-01	3.235936569296283e-01
614	2.900204674904288e-01	2.951209226666385e-01
616	2.878799839197526e-01	2.884031503126606e-01
637	2.586766320696752e-01	2.630267991895382e-01
731	2.430367614126880e-01	2.454708915685030e-01
733	2.367565364681943e-01	2.398832919019490e-01
774	2.340236425150062e-01	2.344228815319922e-01
856	2.290727093966417e-01	2.290867652767773e-01
995	2.088681776474786e-01	2.089296130854039e-01
1067	2.018639131792502e-01	2.041737944669530e-01
1086	1.954854919208387e-01	1.995262314968880e-01
1089	1.945023502976582e-01	1.949844599758045e-01
1096	1.873305985788007e-01	1.905460717963247e-01
1229	1.857398007114273e-01	1.862087136662867e-01
1244	1.650969871531572e-01	1.659586907437560e-01
1354	1.618793033392397e-01	1.621810097358930e-01
1888	1.584425560470369e-01	1.584893192461113e-01
2340	1.547372053489896e-01	1.548816618912481e-01
2819	1.419472858162473e-01	1.445439770745928e-01
2929	1.408939331711676e-01	1.412537544622754e-01
3457	1.379168623962479e-01	1.380384264602885e-01
8816	1.345511962171415e-01	1.348962882591654e-01
20360	1.310203056251027e-01	1.318256738556407e-01
21795	1.285105763977530e-01	1.288249551693134e-01
27348	1.256753603392232e-01	1.258925411794167e-01
47077	1.228621252892473e-01	1.230268770812381e-01
102064	1.201351100619911e-01	1.202264434617413e-01
180001	1.184835797259438e-01	1.202264434617413e-01
%
% index = 1289, name = bbob_f008_i31_d03__bbob_f015_i34_d03
% instance = 15, reference value = 1.000000000000000e+00
% function evaluation | indicator value | target hit
1	8.060997893540083e-01	8.128305161640993e-01
16	6.694913967851785e-01	6.760829753919817e-01
26	5.337152359276381e-01	5.370317963702527e-01
68	5.242879765470563e-01	5.248074602497725e-01
71	3.798141961917229e-01	3.801893963205612e-01
84	2.258150457164397e-01	2.290867652767773e-01
200	1.787848656093658e-01	1.819700858609984e-01
203	1.747429607792986e-01	1.778279410038923e-01
209	1.723873443920110e-01	1.737800828749375e-01
236	1.662754938506340e-01	1.698243652461744e-01
239	1.658147643754430e-01	1.659586907437560e-01
264	1.554411399508496e-01	1.584893192461113e-01
273	1.547478275861258e-01	1.548816618912481e-01
313	1.510873642629660e-01	1.513561248436208e-01
318	1.269244107499813e-01	1.288249551693134e-01
323	1.234327222637385e-01	1.258925411794167e-01
324	1.221458216325736e-01	1.230268770812381e-01
402	1.178330721172254e-01	1.202264434617413e-01
412	1.173737377273809e-01	1.174897554939529e-01
495	1.125840266915120e-01	1.148153621496883e-01
508	1.119371995487333e-01	1.122018454301964e-01
520	9.366540391251321e-02	9.549925860214359e-02
607	9.306023911881645e-02	9.332543007969910e-02
641	9.114414024325812e-02	9.120108393559097e-02
664	8.540752267022744e-02	8.709635899560805e-02
701	8.493561191076160e-02	8.511380382023763e-02
806	8.170051348373353e-02	8.317637711026708e-02
823	8.127942941929966e-02	8.128305161640990e-02
837	6.962113641899859e-02	7.079457843841380e-02
841	5.024250625370397e-02	5.128613839913648e-02
843	4.986559187669715e-02	5.011872336272722e-02
1008	4.897618134201165e-02	4.897788193684462e-02
1022	4.777879054824685e-02	4.786300923226382e-02
1289	4.546830767273202e-02	4.570881896148749e-02
1372	4.438912454523580e-02	4.466835921509630e-02
3311	4.364318282705015e-02	4.365158322401658e-02
80003	4.256242777194019e-02	4.265795188015926e-02
181780	4.243381268334634e-02	4.265795188015926e-02
