%
% index = 2115, name = bbob_f008_i02_d05__bbob_f017_i04_d05
% instance = 1, reference value = 9.728687593394419e-01
% function evaluation | indicator value | target hit
1	1.405002921327942e+00	1.412537544622754e+00
16	1.051200646293442e+00	1.071519305237606e+00
69	1.044053526618942e+00	1.047128548050900e+00
70	9.474909565911974e-01	9.549925860214360e-01
83	8.113893061558374e-01	8.128305161640993e-01
152	7.755141073323351e-01	7.762471166286917e-01
173	7.270628935313979e-01	7.413102413009175e-01
199	7.102774829453844e-01	7.244359600749900e-01
200	7.039804163086805e-01	7.079457843841379e-01
230	6.518708474535032e-01	6.606934480075960e-01
249	6.451873419259534e-01	6.456542290346555e-01
295	6.030839006279690e-01	6.165950018614822e-01
311	5.201115619099280e-01	5.248074602497725e-01
322	5.044157064631749e-01	5.128613839913648e-01
329	4.740038553855970e-01	4.786300923226383e-01
358	4.571817058644759e-01	4.677351412871982e-01
397	4.241463603221396e-01	4.265795188015927e-01
420	4.095374166953137e-01	4.168693834703354e-01
426	3.989224417618561e-01	4.073802778041127e-01
437	3.954452221667687e-01	3.981071705534972e-01
439	2.661992087006261e-01	2.691534803926916e-01
468	2.336745951110721e-01	2.344228815319922e-01
502	2.241036508753050e-01	2.290867652767773e-01
539	2.236413612684958e-01	2.238721138568339e-01
610	2.139893831654452e-01	2.187761623949552e-01
620	2.135763368545625e-01	2.137962089502232e-01
629	2.014272139880211e-01	2.041737944669530e-01
651	1.992925861097491e-01	1.995262314968880e-01
726	1.946737379498580e-01	1.949844599758045e-01
732	1.854247518454195e-01	1.862087136662867e-01
772	1.728200646328056e-01	1.737800828749375e-01
776	1.604791173215898e-01	1.621810097358930e-01
807	1.584257615495287e-01	1.584893192461113e-01
897	1.492535903226341e-01	1.513561248436208e-01
997	1.351623734565189e-01	1.380384264602885e-01
1058	1.110170673019452e-01	1.122018454301964e-01
1086	1.094773883460058e-01	1.096478196143185e-01
1100	1.069111432702808e-01	1.071519305237607e-01
1253	9.250399236334717e-02	9.332543007969910e-02
1399	8.926330494979040e-02	9.120108393559097e-02
1430	8.746158223888068e-02	8.912509381337455e-02
1574	8.709009638694043e-02	8.709635899560805e-02
1654	8.151548243113294e-02	8.317637711026708e-02
1697	8.080088093496818e-02	8.128305161640990e-02
2032	7.937539157910767e-02	7.943282347242814e-02
2301	7.734702412865369e-02	7.762471166286916e-02
2707	7.584590515913914e-02	7.585775750291836e-02
3329	7.354650997808310e-02	7.413102413009177e-02
3656	6.787965206009061e-02	6.918309709189366e-02
3732	6.758134490958001e-02	6.760829753919818e-02
4175	6.558624886414399e-02	6.606934480075961e-02
4553	6.452791041028194e-02	6.456542290346556e-02
5943	6.308992866850160e-02	6.309573444801933e-02
7807	6.071818278771646e-02	6.165950018614822e-02
9273	5.950883152723829e-02	6.025595860743578e-02
14993	5.888429099016512e-02	5.888436553555890e-02
109776	5.754341312478273e-02	5.754399373371569e-02
146933	5.614807916967079e-02	5.623413251903491e-02
167529	5.470989313777541e-02	5.495408738576246e-02
300000	5.371155237908276e-02	5.495408738576246e-02
%
% index = 2116, name = bbob_f008_i03_d05__bbob_f017_i05_d05
% instance = 2, reference value = 9.389264619799210e-01
% function evaluation | indicator value | target hit
1	2.734561746595892e+00	2.754228703338166e+00
30	2.569586257430878e+00	2.570395782768863e+00
38	2.060591193651863e+00	2.089296130854040e+00
45	9.429633063139210e-01	9.549925860214360e-01
68	9.325053767696777e-01	9.332543007969910e-01
76	8.636614130698679e-01	8.709635899560807e-01
109	8.271108065036781e-01	8.317637711026710e-01
124	6.494642978481415e-01	6.606934480075960e-01
223	6.429091150669198e-01	6.456542290346555e-01
273	5.886576549044776e-01	5.888436553555889e-01
293	5.643964319461765e-01	5.754399373371569e-01
321	5.581496093967806e-01	5.623413251903491e-01
357	5.485806618101123e-01	5.495408738576245e-01
358	5.318944542303849e-01	5.370317963702527e-01
380	5.153452169598243e-01	5.248074602497725e-01
391	5.121082438714293e-01	5.128613839913648e-01
405	3.889498712138347e-01	3.890451449942806e-01
429	3.060384913695451e-01	3.090295432513591e-01
463	2.997989931933467e-01	3.019951720402016e-01
468	2.717314734020954e-01	2.754228703338166e-01
542	2.611560467176910e-01	2.630267991895382e-01
573	2.499601254880668e-01	2.511886431509580e-01
578	2.441818704783689e-01	2.454708915685030e-01
619	2.320631851543650e-01	2.344228815319922e-01
622	2.227042711013221e-01	2.238721138568339e-01
641	2.136201961169795e-01	2.137962089502232e-01
688	2.087412501296202e-01	2.089296130854039e-01
751	2.004751664234025e-01	2.041737944669530e-01
752	1.959948149216003e-01	1.995262314968880e-01
764	1.869503446772008e-01	1.905460717963247e-01
782	1.803305273633169e-01	1.819700858609984e-01
826	1.758923926924184e-01	1.778279410038923e-01
887	1.725973443296174e-01	1.737800828749375e-01
977	1.683097028811678e-01	1.698243652461744e-01
1015	1.589401621226119e-01	1.621810097358930e-01
1092	1.575233174345800e-01	1.584893192461113e-01
1109	1.537383000330194e-01	1.548816618912481e-01
1163	1.511575345463915e-01	1.513561248436208e-01
1211	1.474989401378964e-01	1.479108388168208e-01
1256	1.432466658465985e-01	1.445439770745928e-01
1296	1.392093155337742e-01	1.412537544622754e-01
1358	1.370351101933682e-01	1.380384264602885e-01
1407	1.346212967257299e-01	1.348962882591654e-01
1478	1.313676494655003e-01	1.318256738556407e-01
1506	1.240082322560977e-01	1.258925411794167e-01
1628	1.219941183067168e-01	1.230268770812381e-01
1756	1.199339772197178e-01	1.202264434617413e-01
1992	1.173004041550834e-01	1.174897554939529e-01
2092	1.146483908255498e-01	1.148153621496883e-01
2118	1.111576964507163e-01	1.122018454301964e-01
2220	1.085418536166408e-01	1.096478196143185e-01
2266	1.059551978618373e-01	1.071519305237607e-01
2340	1.042238961829368e-01	1.047128548050900e-01
2462	1.016402456579116e-01	1.023292992280754e-01
2570	9.998899859046373e-02	1.000000000000000e-01
2695	9.759115356326453e-02	9.772372209558107e-02
2847	9.482058259258952e-02	9.549925860214359e-02
3100	9.174541234007871e-02	9.332543007969910e-02
3130	9.099443760335124e-02	9.120108393559097e-02
3209	8.469726171431424e-02	8.511380382023763e-02
3269	8.293779352297936e-02	8.317637711026708e-02
3350	8.101902361097335e-02	8.128305161640990e-02
3545	7.904651535040341e-02	7.943282347242814e-02
3745	7.739443105387955e-02	7.762471166286916e-02
4103	7.552563817350855e-02	7.585775750291836e-02
4659	7.394227546203658e-02	7.413102413009177e-02
5058	7.129911420222268e-02	7.244359600749903e-02
5088	7.077127542449935e-02	7.079457843841380e-02
6217	6.916392470175792e-02	6.918309709189366e-02
7238	6.760817098661731e-02	6.760829753919818e-02
7978	6.586365399621863e-02	6.606934480075961e-02
8919	6.456256351232659e-02	6.456542290346556e-02
9883	6.296576886104399e-02	6.309573444801933e-02
11885	6.159393539856839e-02	6.165950018614822e-02
15280	5.998350264745234e-02	6.025595860743578e-02
19981	5.888158742186300e-02	5.888436553555890e-02
29131	5.698995783607719e-02	5.754399373371569e-02
46829	5.621192845080991e-02	5.623413251903491e-02
111991	5.487788886832090e-02	5.495408738576246e-02
162759	5.365986925396504e-02	5.370317963702527e-02
216282	5.243822210285443e-02	5.248074602497726e-02
299706	5.126286750895181e-02	5.128613839913648e-02
300001	5.126275755386323e-02	5.128613839913648e-02
%
% index = 2117, name = bbob_f008_i07_d05__bbob_f017_i08_d05
% instance = 3, reference value = 9.832082378695250e-01
% function evaluation | indicator value | target hit
1	1.126638614881025e+00	1.148153621496883e+00
8	8.828501972608878e-01	8.912509381337456e-01
14	6.790192583705036e-01	6.918309709189365e-01
43	5.878022581763229e-01	5.888436553555889e-01
53	5.225790322137366e-01	5.248074602497725e-01
106	4.830018882476110e-01	4.897788193684462e-01
109	4.376197709895008e-01	4.466835921509631e-01
138	4.063207859270788e-01	4.073802778041127e-01
143	3.492133932382059e-01	3.548133892335755e-01
173	3.198184223416553e-01	3.235936569296283e-01
242	2.866826570250983e-01	2.884031503126606e-01
260	2.131796722779871e-01	2.137962089502232e-01
420	1.964201401703325e-01	1.995262314968880e-01
522	1.857322441584782e-01	1.862087136662867e-01
816	1.685164020144835e-01	1.698243652461744e-01
5966	1.633191181250063e-01	1.659586907437560e-01
9997	1.588067667355649e-01	1.621810097358930e-01
10499	1.581131857162322e-01	1.584893192461113e-01
21209	1.530377339106528e-01	1.548816618912481e-01
54859	1.468894812681805e-01	1.479108388168208e-01
59920	1.158550143698827e-01	1.174897554939529e-01
80314	1.148023292327002e-01	1.148153621496883e-01
99090	1.107693916829477e-01	1.122018454301964e-01
113343	1.077544729177182e-01	1.096478196143185e-01
124278	1.043316353895813e-01	1.047128548050900e-01
300001	1.030239175728999e-01	1.047128548050900e-01
%
% index = 2118, name = bbob_f008_i09_d05__bbob_f017_i10_d05
% instance = 4, reference value = 9.880630083946000e-01
% function evaluation | indicator value | target hit
1	9.791322089881840e-01	1.000000000000000e+00
12	4.234197597486883e-01	4.265795188015927e-01
18	3.282233316389740e-01	3.311311214825911e-01
222	2.811270841964192e-01	2.818382931264454e-01
281	2.744296305850132e-01	2.754228703338166e-01
310	2.674999511817616e-01	2.691534803926916e-01
320	2.222375594167927e-01	2.238721138568339e-01
341	2.151181649946077e-01	2.187761623949552e-01
354	2.135566034428482e-01	2.137962089502232e-01
362	2.064936731362909e-01	2.089296130854039e-01
367	1.947661396387242e-01	1.949844599758045e-01
368	1.680221939503868e-01	1.698243652461744e-01
446	1.587136076317092e-01	1.621810097358930e-01
448	1.582847806154334e-01	1.584893192461113e-01
484	1.543200350393471e-01	1.548816618912481e-01
488	1.456941090306970e-01	1.479108388168208e-01
512	1.045622208859853e-01	1.047128548050900e-01
612	1.022524959245786e-01	1.023292992280754e-01
705	9.961474495469558e-02	1.000000000000000e-01
811	9.744832897630018e-02	9.772372209558107e-02
1000	9.549763438164327e-02	9.549925860214359e-02
1094	9.008819953505820e-02	9.120108393559097e-02
1164	7.455572483626316e-02	7.585775750291836e-02
1297	7.412326924590396e-02	7.413102413009177e-02
2010	7.146994668624085e-02	7.244359600749903e-02
2179	7.053604537886127e-02	7.079457843841380e-02
3514	6.765870147915198e-02	6.918309709189366e-02
4504	6.760399068680445e-02	6.760829753919818e-02
81828	6.344375660670432e-02	6.456542290346556e-02
83224	6.301814732039668e-02	6.309573444801933e-02
301568	6.178948864770850e-02	6.309573444801933e-02
%
% index = 2119, name = bbob_f008_i11_d05__bbob_f017_i12_d05
% instance = 5, reference value = 9.826776571474179e-01
% function evaluation | indicator value | target hit
1	5.224787519863192e-01	5.248074602497725e-01
4	4.540791828233434e-01	4.570881896148750e-01
10	3.494763066681214e-01	3.548133892335755e-01
22	3.436665057863858e-01	3.467368504525316e-01
25	2.477651715441539e-01	2.511886431509580e-01
34	2.262256620303847e-01	2.290867652767773e-01
75	2.211658891568778e-01	2.238721138568339e-01
82	2.171977956645063e-01	2.187761623949552e-01
94	2.077614005086147e-01	2.089296130854039e-01
132	1.957858625078795e-01	1.995262314968880e-01
236	1.935363997998725e-01	1.949844599758045e-01
263	1.885856574216718e-01	1.905460717963247e-01
326	1.856299594964580e-01	1.862087136662867e-01
393	1.807692018614084e-01	1.819700858609984e-01
430	1.697293264928647e-01	1.698243652461744e-01
535	1.622499782308251e-01	1.659586907437560e-01
539	1.619439942967819e-01	1.621810097358930e-01
703	1.567152150723774e-01	1.584893192461113e-01
765	1.547587239729039e-01	1.548816618912481e-01
775	1.218488085525674e-01	1.230268770812381e-01
817	1.202248874637093e-01	1.202264434617413e-01
911	1.129043568166445e-01	1.148153621496883e-01
940	1.120467290961450e-01	1.122018454301964e-01
1101	9.748047057275266e-02	9.772372209558107e-02
1410	9.457279768845162e-02	9.549925860214359e-02
1883	9.332193455528415e-02	9.332543007969910e-02
3427	8.965233499536784e-02	9.120108393559097e-02
3468	8.856840690335444e-02	8.912509381337455e-02
3877	7.900648329834759e-02	7.943282347242814e-02
6544	7.736715858556831e-02	7.762471166286916e-02
10312	7.502967642938108e-02	7.585775750291836e-02
24694	7.405234152261964e-02	7.413102413009177e-02
306826	7.259331918969081e-02	7.413102413009177e-02
%
% index = 2120, name = bbob_f008_i13_d05__bbob_f017_i14_d05
% instance = 6, reference value = 9.501123905921059e-01
% function evaluation | indicator value | target hit
1	8.405140364619393e-01	8.511380382023764e-01
39	6.370875466398133e-01	6.456542290346555e-01
45	5.715723635593659e-01	5.754399373371569e-01
66	4.072248284821826e-01	4.073802778041127e-01
191	3.359766599944147e-01	3.388441561392025e-01
193	3.262993968040996e-01	3.311311214825911e-01
252	3.165224166523102e-01	3.235936569296283e-01
290	3.158928930604147e-01	3.162277660168379e-01
323	2.782638707289112e-01	2.818382931264454e-01
394	2.742752846193038e-01	2.754228703338166e-01
621	2.691104192403895e-01	2.691534803926916e-01
869	2.348528611280782e-01	2.398832919019490e-01
950	2.344212930842037e-01	2.344228815319922e-01
1658	2.270064818587841e-01	2.290867652767773e-01
4866	2.232171134660254e-01	2.238721138568339e-01
4964	2.152686741276977e-01	2.187761623949552e-01
7292	2.128743398719254e-01	2.137962089502232e-01
300001	2.120474868787287e-01	2.137962089502232e-01
%
% index = 2121, name = bbob_f008_i15_d05__bbob_f017_i16_d05
% instance = 7, reference value = 9.782296826537240e-01
% function evaluation | indicator value | target hit
1	8.380559545614493e-01	8.511380382023764e-01
25	4.672650334689215e-01	4.677351412871982e-01
27	4.389590288217453e-01	4.466835921509631e-01
36	3.874665926971943e-01	3.890451449942806e-01
43	3.355309373039319e-01	3.388441561392025e-01
59	2.878605724213233e-01	2.884031503126606e-01
65	2.674483030043879e-01	2.691534803926916e-01
124	2.207498995863965e-01	2.238721138568339e-01
207	2.155192160688493e-01	2.187761623949552e-01
225	2.095360832964297e-01	2.137962089502232e-01
226	2.012608852918493e-01	2.041737944669530e-01
250	1.567318309622565e-01	1.584893192461113e-01
260	1.485970048668042e-01	1.513561248436208e-01
268	1.453002981052155e-01	1.479108388168208e-01
271	1.408896776490618e-01	1.412537544622754e-01
288	1.356972033144718e-01	1.380384264602885e-01
304	1.339163439550040e-01	1.348962882591654e-01
351	1.297249927755059e-01	1.318256738556407e-01
368	1.239147574514694e-01	1.258925411794167e-01
372	1.225219969267960e-01	1.230268770812381e-01
392	1.109504611816274e-01	1.122018454301964e-01
410	1.070436483204671e-01	1.071519305237607e-01
411	9.761090392000660e-02	9.772372209558107e-02
446	9.431358618667818e-02	9.549925860214359e-02
447	9.301316026681183e-02	9.332543007969910e-02
470	9.069473712464149e-02	9.120108393559097e-02
479	8.730205941441715e-02	8.912509381337455e-02
483	8.604007058345420e-02	8.709635899560805e-02
535	8.472613857106281e-02	8.511380382023763e-02
555	8.296823381089680e-02	8.317637711026708e-02
556	7.723587365517393e-02	7.762471166286916e-02
615	7.306468078929240e-02	7.413102413009177e-02
638	7.153012209069376e-02	7.244359600749903e-02
680	6.971684819685398e-02	7.079457843841380e-02
699	6.892694753617334e-02	6.918309709189366e-02
800	6.685648883185091e-02	6.760829753919818e-02
834	6.290006944268278e-02	6.309573444801933e-02
849	6.105759426390167e-02	6.165950018614822e-02
856	5.752985286003109e-02	5.754399373371569e-02
874	5.355901093926851e-02	5.370317963702527e-02
923	5.214313862557429e-02	5.248074602497726e-02
1019	4.536463170440985e-02	4.570881896148749e-02
1030	4.253439984877494e-02	4.265795188015926e-02
1097	4.123875101905883e-02	4.168693834703355e-02
1105	4.068259107524252e-02	4.073802778041128e-02
1171	3.849634109415467e-02	3.890451449942807e-02
1221	3.801476877972543e-02	3.801893963205612e-02
1306	3.565203092015534e-02	3.630780547701014e-02
1316	3.541129276656996e-02	3.548133892335755e-02
1355	3.461218357864160e-02	3.467368504525317e-02
1427	3.381649175040435e-02	3.388441561392026e-02
1512	3.308839428807564e-02	3.311311214825911e-02
1532	3.165806997445586e-02	3.235936569296283e-02
1547	3.150050304876328e-02	3.162277660168379e-02
1679	3.071802406768664e-02	3.090295432513590e-02
1683	2.984338445604862e-02	3.019951720402016e-02
1716	2.942149952230866e-02	2.951209226666385e-02
1811	2.874008427214725e-02	2.884031503126606e-02
1891	2.816102772324491e-02	2.818382931264454e-02
2146	2.753249748420894e-02	2.754228703338166e-02
2221	2.657580963762518e-02	2.691534803926915e-02
2244	2.516464324794743e-02	2.570395782768863e-02
2270	2.504695511891009e-02	2.511886431509579e-02
2638	2.449429153254745e-02	2.454708915685030e-02
3113	2.393936769243488e-02	2.398832919019490e-02
3172	2.137771972943248e-02	2.137962089502233e-02
3355	2.044584386225812e-02	2.089296130854040e-02
3445	2.029947456107595e-02	2.041737944669529e-02
4103	1.994768767995325e-02	1.995262314968880e-02
4525	1.928350797269740e-02	1.949844599758046e-02
4531	1.900599387082036e-02	1.905460717963247e-02
4850	1.850931661260724e-02	1.862087136662868e-02
6277	1.817852181723301e-02	1.819700858609984e-02
7722	1.778119190920879e-02	1.778279410038923e-02
9993	1.736863520890009e-02	1.737800828749375e-02
16056	1.698201667900268e-02	1.698243652461744e-02
23106	1.657618283409867e-02	1.659586907437561e-02
25226	1.621714863156731e-02	1.621810097358930e-02
27461	1.584878088150976e-02	1.584893192461113e-02
37174	1.511869580343062e-02	1.513561248436208e-02
41490	1.477807728106029e-02	1.479108388168207e-02
44217	1.445377277799031e-02	1.445439770745927e-02
46912	1.411222660876477e-02	1.412537544622754e-02
56961	1.377622121405975e-02	1.380384264602885e-02
61510	1.347510411322728e-02	1.348962882591653e-02
64893	1.317340335963868e-02	1.318256738556407e-02
85324	1.283747269382396e-02	1.288249551693134e-02
104656	1.256950916940780e-02	1.258925411794167e-02
126148	1.230228626349594e-02	1.230268770812382e-02
275800	1.202097772647870e-02	1.202264434617413e-02
299188	1.171251884306357e-02	1.174897554939530e-02
300001	1.171191163339880e-02	1.174897554939530e-02
%
% index = 2122, name = bbob_f008_i17_d05__bbob_f017_i18_d05
% instance = 8, reference value = 9.873044244371710e-01
% function evaluation | indicator value | target hit
1	7.043878994012389e-01	7.079457843841379e-01
10	4.105441217544625e-01	4.168693834703354e-01
15	3.894834848100504e-01	3.981071705534972e-01
22	3.813290219427736e-01	3.890451449942806e-01
24	3.799373449636898e-01	3.801893963205612e-01
28	3.007037999414980e-01	3.019951720402016e-01
32	1.694110013904375e-01	1.698243652461744e-01
36	1.655166923098280e-01	1.659586907437560e-01
48	1.563741346572088e-01	1.584893192461113e-01
82	1.411348430407559e-01	1.412537544622754e-01
143	1.104924205453236e-01	1.122018454301964e-01
172	1.083071997819768e-01	1.096478196143185e-01
207	1.070856340162017e-01	1.071519305237607e-01
246	1.004747414369487e-01	1.023292992280754e-01
251	8.824355013971708e-02	8.912509381337455e-02
256	8.586599653295734e-02	8.709635899560805e-02
296	8.221269444909762e-02	8.317637711026708e-02
317	7.502217237618114e-02	7.585775750291836e-02
318	7.389500502499469e-02	7.413102413009177e-02
324	7.155731443020730e-02	7.244359600749903e-02
338	7.064841615393080e-02	7.079457843841380e-02
339	5.565355597881283e-02	5.623413251903491e-02
390	5.489118323593045e-02	5.495408738576246e-02
391	5.004378123585340e-02	5.011872336272722e-02
426	4.847986774839819e-02	4.897788193684462e-02
439	4.589909679545767e-02	4.677351412871981e-02
445	4.547557804746705e-02	4.570881896148749e-02
463	4.464257280308614e-02	4.466835921509630e-02
509	4.302863357964271e-02	4.365158322401658e-02
544	4.152799018515185e-02	4.168693834703355e-02
564	4.024750440199820e-02	4.073802778041128e-02
569	3.966604763672343e-02	3.981071705534973e-02
594	3.729304369361885e-02	3.801893963205612e-02
601	3.679120755810183e-02	3.715352290971726e-02
614	3.601175392695821e-02	3.630780547701014e-02
629	3.542614818584799e-02	3.548133892335755e-02
669	3.447288333815224e-02	3.467368504525317e-02
695	3.247505708645915e-02	3.311311214825911e-02
702	3.229279591513734e-02	3.235936569296283e-02
777	3.120104768031629e-02	3.162277660168379e-02
885	3.079327117626929e-02	3.090295432513590e-02
919	2.960644389354472e-02	3.019951720402016e-02
971	2.899068325922083e-02	2.951209226666385e-02
987	2.817380155589966e-02	2.818382931264454e-02
1242	2.678748700827760e-02	2.691534803926915e-02
1319	2.562379774261236e-02	2.570395782768863e-02
1381	2.506114169494911e-02	2.511886431509579e-02
1462	2.452988802422196e-02	2.454708915685030e-02
1493	2.392412492704676e-02	2.398832919019490e-02
1559	2.338125899569488e-02	2.344228815319923e-02
1731	2.283569746688630e-02	2.290867652767773e-02
2047	2.238103589148888e-02	2.238721138568340e-02
2805	2.186456640402423e-02	2.187761623949553e-02
3478	2.123263176308121e-02	2.137962089502233e-02
3483	2.059238121746632e-02	2.089296130854040e-02
3611	1.901285083976678e-02	1.905460717963247e-02
3850	1.832316453859772e-02	1.862087136662868e-02
4021	1.819483250182774e-02	1.819700858609984e-02
4828	1.776052388809513e-02	1.778279410038923e-02
5970	1.736602710112334e-02	1.737800828749375e-02
7048	1.680872455085025e-02	1.698243652461744e-02
7373	1.659131988549145e-02	1.659586907437561e-02
8303	1.620670875196917e-02	1.621810097358930e-02
9727	1.578483295269995e-02	1.584893192461113e-02
11811	1.548057705317230e-02	1.548816618912481e-02
12794	1.511647777754976e-02	1.513561248436208e-02
18948	1.478685785730660e-02	1.479108388168207e-02
29693	1.443161411752825e-02	1.445439770745927e-02
34845	1.412062750279619e-02	1.412537544622754e-02
49333	1.375232086362088e-02	1.380384264602885e-02
63136	1.346427740789102e-02	1.348962882591653e-02
94247	1.318233510890998e-02	1.318256738556407e-02
169802	1.288156171919019e-02	1.288249551693134e-02
300000	1.274637975205961e-02	1.288249551693134e-02
%
% index = 2123, name = bbob_f008_i19_d05__bbob_f017_i21_d05
% instance = 9, reference value = 9.703033668259410e-01
% function evaluation | indicator value | target hit
1	8.105435644252814e-01	8.128305161640993e-01
23	7.552444131526994e-01	7.585775750291838e-01
25	3.157568684807409e-01	3.162277660168379e-01
43	3.018450463577722e-01	3.019951720402016e-01
75	2.941412887470521e-01	2.951209226666385e-01
85	2.875612706869193e-01	2.884031503126606e-01
164	2.797397601646833e-01	2.818382931264454e-01
207	2.752370179790942e-01	2.754228703338166e-01
212	2.663673832699482e-01	2.691534803926916e-01
218	2.610444404738587e-01	2.630267991895382e-01
277	2.530275612066234e-01	2.570395782768864e-01
289	2.503474381981553e-01	2.511886431509580e-01
380	2.386011244216019e-01	2.398832919019490e-01
385	2.279530789509762e-01	2.290867652767773e-01
415	2.223785431524939e-01	2.238721138568339e-01
544	2.170272732559894e-01	2.187761623949552e-01
793	2.136894163533674e-01	2.137962089502232e-01
879	2.075093651039039e-01	2.089296130854039e-01
1007	1.944279386009090e-01	1.949844599758045e-01
1074	1.863856891753233e-01	1.905460717963247e-01
1086	1.861581950815238e-01	1.862087136662867e-01
1521	1.770399180436504e-01	1.778279410038923e-01
2211	1.728873028173494e-01	1.737800828749375e-01
2751	1.693332633214318e-01	1.698243652461744e-01
8817	1.612972536393319e-01	1.621810097358930e-01
21638	1.543032048111147e-01	1.548816618912481e-01
83701	1.513489555413342e-01	1.513561248436208e-01
304581	1.501015973689178e-01	1.513561248436208e-01
%
% index = 2124, name = bbob_f008_i21_d05__bbob_f017_i22_d05
% instance = 10, reference value = 9.659460782284560e-01
% function evaluation | indicator value | target hit
1	8.735012613738964e-01	8.912509381337456e-01
5	5.904476835945536e-01	6.025595860743578e-01
12	5.783803253572845e-01	5.888436553555889e-01
44	5.738687507679738e-01	5.754399373371569e-01
64	5.578602206720682e-01	5.623413251903491e-01
74	5.407523660980286e-01	5.495408738576245e-01
102	4.776749477712819e-01	4.786300923226383e-01
122	4.628300865897851e-01	4.677351412871982e-01
128	4.282430142276965e-01	4.365158322401660e-01
140	4.190438329454065e-01	4.265795188015927e-01
143	3.317490027081333e-01	3.388441561392025e-01
150	2.957364477444595e-01	3.019951720402016e-01
173	2.873504793266923e-01	2.884031503126606e-01
189	2.740176486998460e-01	2.754228703338166e-01
191	1.749897791114915e-01	1.778279410038923e-01
208	1.725748173380443e-01	1.737800828749375e-01
273	1.694232653015726e-01	1.698243652461744e-01
408	1.597321162633535e-01	1.621810097358930e-01
444	1.494760367111164e-01	1.513561248436208e-01
457	1.478421303974375e-01	1.479108388168208e-01
569	1.441001283591348e-01	1.445439770745928e-01
625	1.342311462923956e-01	1.348962882591654e-01
807	1.306482336030056e-01	1.318256738556407e-01
829	1.275422401251463e-01	1.288249551693134e-01
848	1.137585713981680e-01	1.148153621496883e-01
1175	7.994069597014042e-02	8.128305161640990e-02
1183	7.782338844038361e-02	7.943282347242814e-02
1362	7.698405430873101e-02	7.762471166286916e-02
1573	7.571688079328054e-02	7.585775750291836e-02
1810	7.388569802569678e-02	7.413102413009177e-02
2139	7.202017907465930e-02	7.244359600749903e-02
2553	7.077549788566451e-02	7.079457843841380e-02
3121	6.717336139422969e-02	6.760829753919818e-02
3720	6.604902079500519e-02	6.606934480075961e-02
4010	6.448419360347246e-02	6.456542290346556e-02
5820	6.051930703504704e-02	6.165950018614822e-02
7813	6.023278628870277e-02	6.025595860743578e-02
10285	5.496768535202223e-02	5.623413251903491e-02
10457	5.495279189498414e-02	5.495408738576246e-02
15538	4.990882135946639e-02	5.011872336272722e-02
19252	4.885626902505946e-02	4.897788193684462e-02
32818	4.770259431829260e-02	4.786300923226382e-02
52002	4.674385028755945e-02	4.677351412871981e-02
81424	4.506228016992286e-02	4.570881896148749e-02
110455	4.446492053864293e-02	4.466835921509630e-02
180572	4.326124780420204e-02	4.365158322401658e-02
186867	4.257516500772851e-02	4.265795188015926e-02
201725	4.096584841847439e-02	4.168693834703355e-02
237827	4.073620179934134e-02	4.073802778041128e-02
300000	4.043441404448844e-02	4.073802778041128e-02
%
% index = 2125, name = bbob_f008_i23_d05__bbob_f017_i24_d05
% instance = 11, reference value = 1.000000000000000e+00
% function evaluation | indicator value | target hit
1	1.957116242691000e+00	1.995262314968880e+00
13	1.540747988205500e+00	1.548816618912481e+00
19	1.192115931240500e+00	1.202264434617413e+00
23	9.773841176740375e-01	1.000000000000000e+00
36	6.571237996407762e-01	6.606934480075960e-01
125	4.987976374772939e-01	5.011872336272722e-01
248	4.892685698615071e-01	4.897788193684462e-01
298	4.784474886504048e-01	4.786300923226383e-01
308	4.645075390717240e-01	4.677351412871982e-01
362	4.215779079807030e-01	4.265795188015927e-01
470	4.163173196315967e-01	4.168693834703354e-01
579	4.042481715005969e-01	4.073802778041127e-01
631	3.975091845970439e-01	3.981071705534972e-01
1069	3.886677879904094e-01	3.890451449942806e-01
1496	3.781571916207739e-01	3.801893963205612e-01
2162	3.713194962109260e-01	3.715352290971726e-01
2509	3.471578109663859e-01	3.548133892335755e-01
2575	3.467145405280284e-01	3.467368504525316e-01
2951	3.366116533622294e-01	3.388441561392025e-01
3379	3.122375959160553e-01	3.162277660168379e-01
3992	3.065196864467562e-01	3.090295432513591e-01
9442	3.018652909159211e-01	3.019951720402016e-01
35903	2.948950722853136e-01	2.951209226666385e-01
39684	2.883877464161690e-01	2.884031503126606e-01
46511	2.791546052727381e-01	2.818382931264454e-01
65878	2.752951146839439e-01	2.754228703338166e-01
72107	2.646656410920792e-01	2.691534803926916e-01
89690	2.628904447269113e-01	2.630267991895382e-01
300001	2.573953618370159e-01	2.630267991895382e-01
%
% index = 2126, name = bbob_f008_i25_d05__bbob_f017_i26_d05
% instance = 12, reference value = 1.000000000000000e+00
% function evaluation | indicator value | target hit
1	4.367374752541151e-01	4.466835921509631e-01
11	3.925974025156598e-01	3.981071705534972e-01
25	3.866904147784117e-01	3.890451449942806e-01
35	3.660944545437065e-01	3.715352290971726e-01
41	2.083804977628296e-01	2.089296130854039e-01
72	1.911487478022901e-01	1.949844599758045e-01
85	1.846354345676208e-01	1.862087136662867e-01
128	1.811743664312950e-01	1.819700858609984e-01
160	1.777221226415350e-01	1.778279410038923e-01
163	1.720689976753069e-01	1.737800828749375e-01
200	1.566181648351077e-01	1.584893192461113e-01
206	1.463653899912899e-01	1.479108388168208e-01
242	1.444437881556929e-01	1.445439770745928e-01
250	1.405077637229991e-01	1.412537544622754e-01
293	1.222065076908427e-01	1.230268770812381e-01
325	1.196101982154359e-01	1.202264434617413e-01
326	1.168517444325452e-01	1.174897554939529e-01
385	1.146500298539274e-01	1.148153621496883e-01
440	1.119694708353816e-01	1.122018454301964e-01
461	1.095169375171159e-01	1.096478196143185e-01
468	1.054157930848818e-01	1.071519305237607e-01
479	1.040946981807711e-01	1.047128548050900e-01
529	1.023047541598306e-01	1.023292992280754e-01
533	9.692665464995931e-02	9.772372209558107e-02
570	9.264507963205482e-02	9.332543007969910e-02
639	9.069051578234755e-02	9.120108393559097e-02
646	8.870075915691789e-02	8.912509381337455e-02
754	8.425693522041722e-02	8.511380382023763e-02
796	7.830895489053302e-02	7.943282347242814e-02
811	7.645432920266781e-02	7.762471166286916e-02
871	7.580010743047649e-02	7.585775750291836e-02
952	7.259781117501307e-02	7.413102413009177e-02
987	7.240666401629292e-02	7.244359600749903e-02
1139	6.998743906817251e-02	7.079457843841380e-02
1314	6.915091440574483e-02	6.918309709189366e-02
1542	6.448040584691528e-02	6.456542290346556e-02
1589	6.286803298883359e-02	6.309573444801933e-02
1615	6.111781123989091e-02	6.165950018614822e-02
1801	5.833980018918128e-02	5.888436553555890e-02
1853	5.280935111092377e-02	5.370317963702527e-02
1937	5.227338515870839e-02	5.248074602497726e-02
2463	5.102536014205838e-02	5.128613839913648e-02
2806	4.896468470716964e-02	4.897788193684462e-02
2903	4.767519692039934e-02	4.786300923226382e-02
3114	4.616754132343215e-02	4.677351412871981e-02
3426	4.568791419629170e-02	4.570881896148749e-02
3440	4.399795246214955e-02	4.466835921509630e-02
5070	4.350588936129696e-02	4.365158322401658e-02
6184	4.264073916811473e-02	4.265795188015926e-02
11721	4.122671833078695e-02	4.168693834703355e-02
17381	4.071050352169014e-02	4.073802778041128e-02
37444	3.980651615423447e-02	3.981071705534973e-02
42562	3.882139551584807e-02	3.890451449942807e-02
48652	3.800668537411667e-02	3.801893963205612e-02
51588	3.637684265398833e-02	3.715352290971726e-02
51876	3.626628557844214e-02	3.630780547701014e-02
57066	3.503017097474670e-02	3.548133892335755e-02
62558	3.450577977262359e-02	3.467368504525317e-02
77842	3.385190194680454e-02	3.388441561392026e-02
131260	3.311069664502153e-02	3.311311214825911e-02
282138	3.220508455499527e-02	3.235936569296283e-02
300001	3.212840363714065e-02	3.235936569296283e-02
%
% index = 2127, name = bbob_f008_i27_d05__bbob_f017_i28_d05
% instance = 13, reference value = 1.000000000000000e+00
% function evaluation | indicator value | target hit
1	8.680819120085241e-01	8.709635899560807e-01
11	8.106045284905891e-01	8.128305161640993e-01
16	7.913958342389609e-01	7.943282347242815e-01
22	7.553371861441556e-01	7.585775750291838e-01
37	6.584592580519052e-01	6.606934480075960e-01
68	6.287661068804600e-01	6.309573444801932e-01
83	5.441363820147416e-01	5.495408738576245e-01
100	4.760678066696705e-01	4.786300923226383e-01
112	3.649904620880581e-01	3.715352290971726e-01
119	3.493755941398846e-01	3.548133892335755e-01
133	3.333865203931230e-01	3.388441561392025e-01
147	3.303094393106336e-01	3.311311214825911e-01
160	3.173329495935284e-01	3.235936569296283e-01
168	2.952791880451849e-01	3.019951720402016e-01
179	2.784054564641555e-01	2.818382931264454e-01
188	2.753268714480531e-01	2.754228703338166e-01
234	2.455534155786301e-01	2.511886431509580e-01
238	2.450319580056994e-01	2.454708915685030e-01
261	2.159190924364167e-01	2.187761623949552e-01
266	2.055115225446130e-01	2.089296130854039e-01
271	2.021310354771901e-01	2.041737944669530e-01
276	1.986613247939502e-01	1.995262314968880e-01
280	1.714846925822344e-01	1.737800828749375e-01
364	1.694434750234424e-01	1.698243652461744e-01
388	1.616653198297636e-01	1.621810097358930e-01
416	1.455520332968807e-01	1.479108388168208e-01
426	1.393363381586247e-01	1.412537544622754e-01
469	1.376089050584879e-01	1.380384264602885e-01
525	1.264220479965702e-01	1.288249551693134e-01
586	1.242084158228239e-01	1.258925411794167e-01
598	1.219964376036100e-01	1.230268770812381e-01
730	1.178340109985324e-01	1.202264434617413e-01
748	1.173605895774881e-01	1.174897554939529e-01
827	1.139040396365448e-01	1.148153621496883e-01
936	1.116697178408635e-01	1.122018454301964e-01
1237	1.093627606425591e-01	1.096478196143185e-01
1313	1.056731951325104e-01	1.071519305237607e-01
1345	1.045212610094099e-01	1.047128548050900e-01
1399	9.678676431510413e-02	9.772372209558107e-02
1564	9.109266628461232e-02	9.120108393559097e-02
5445	8.901385627448588e-02	8.912509381337455e-02
11080	8.676234033257535e-02	8.709635899560805e-02
11482	8.299826109266684e-02	8.317637711026708e-02
23214	8.125870654561718e-02	8.128305161640990e-02
283288	7.940910256278422e-02	7.943282347242814e-02
305131	7.939765999154724e-02	7.943282347242814e-02
%
% index = 2128, name = bbob_f008_i29_d05__bbob_f017_i30_d05
% instance = 14, reference value = 1.000000000000000e+00
% function evaluation | indicator value | target hit
1	9.676102538807088e-01	9.772372209558107e-01
72	9.518592348702791e-01	9.549925860214360e-01
163	8.480585200508528e-01	8.511380382023764e-01
248	7.782540925588380e-01	7.943282347242815e-01
253	7.616403081986080e-01	7.762471166286917e-01
370	7.344482196962090e-01	7.413102413009175e-01
504	6.525272392071864e-01	6.606934480075960e-01
609	6.435279993755285e-01	6.456542290346555e-01
928	5.471531166687683e-01	5.495408738576245e-01
3807	5.272332633638139e-01	5.370317963702527e-01
5333	5.242928515920549e-01	5.248074602497725e-01
304771	5.157142737184035e-01	5.248074602497725e-01
%
% index = 2129, name = bbob_f008_i31_d05__bbob_f017_i34_d05
% instance = 15, reference value = 1.000000000000000e+00
% function evaluation | indicator value | target hit
1	5.819772851001549e-01	5.888436553555889e-01
62	5.561536212327549e-01	5.623413251903491e-01
131	5.484243211589435e-01	5.495408738576245e-01
177	5.281545793332512e-01	5.370317963702527e-01
194	5.080168782532042e-01	5.128613839913648e-01
219	4.996782922406987e-01	5.011872336272722e-01
337	4.812210473561777e-01	4.897788193684462e-01
344	4.784810147638263e-01	4.786300923226383e-01
378	4.044879802485920e-01	4.073802778041127e-01
443	3.373144295061825e-01	3.388441561392025e-01
487	3.286003676626655e-01	3.311311214825911e-01
580	3.220414388258438e-01	3.235936569296283e-01
591	3.158801735330284e-01	3.162277660168379e-01
649	3.029343217827196e-01	3.090295432513591e-01
652	2.980807106301120e-01	3.019951720402016e-01
670	2.659678730843655e-01	2.691534803926916e-01
733	2.609466076113615e-01	2.630267991895382e-01
742	2.428319363434294e-01	2.454708915685030e-01
789	2.310713854399822e-01	2.344228815319922e-01
816	2.275092016245450e-01	2.290867652767773e-01
823	2.223799149773910e-01	2.238721138568339e-01
859	2.184207593041003e-01	2.187761623949552e-01
898	2.081243290502794e-01	2.089296130854039e-01
921	1.861069701541846e-01	1.862087136662867e-01
1036	1.818125755779688e-01	1.819700858609984e-01
1271	1.759678683859854e-01	1.778279410038923e-01
1299	1.637287475098638e-01	1.659586907437560e-01
1382	1.614364699233226e-01	1.621810097358930e-01
1587	1.579621899777630e-01	1.584893192461113e-01
1782	1.510127175952326e-01	1.513561248436208e-01
2058	1.477398875004088e-01	1.479108388168208e-01
2974	1.439979375497846e-01	1.445439770745928e-01
4310	1.328060251469425e-01	1.348962882591654e-01
5562	1.316720883751181e-01	1.318256738556407e-01
11227	1.283644414371937e-01	1.288249551693134e-01
16548	1.258833668157548e-01	1.258925411794167e-01
103412	1.230233750311981e-01	1.230268770812381e-01
301197	1.214309002197032e-01	1.230268770812381e-01
