%
% index = 465, name = bbob_f008_i02_d02__bbob_f017_i04_d02
% instance = 1, reference value = 9.203308075930560e-01
% function evaluation | indicator value | target hit
1	6.322958010548840e+01	6.456542290346556e+01
4	5.780725845567392e+01	5.888436553555890e+01
10	5.858624370137647e+00	5.888436553555890e+00
16	3.430953408903955e+00	3.467368504525317e+00
18	2.991968885397056e+00	3.019951720402016e+00
35	1.155699276624056e+00	1.174897554939530e+00
82	5.225124396910779e-01	5.248074602497725e-01
162	2.064948662867099e-01	2.089296130854039e-01
164	1.834606629078838e-01	1.862087136662867e-01
183	1.740897734601387e-01	1.778279410038923e-01
194	1.708997813399897e-01	1.737800828749375e-01
202	1.563826596840283e-01	1.584893192461113e-01
203	8.468735773855385e-02	8.511380382023763e-02
251	8.275159425693523e-02	8.317637711026708e-02
270	7.690254891409409e-02	7.762471166286916e-02
356	7.510720204130483e-02	7.585775750291836e-02
361	7.402356424164203e-02	7.413102413009177e-02
415	6.111453310521331e-02	6.165950018614822e-02
421	4.249238321659232e-02	4.265795188015926e-02
438	3.895256970111738e-02	3.981071705534973e-02
443	3.880033364327840e-02	3.890451449942807e-02
446	3.767994414307962e-02	3.801893963205612e-02
473	3.623898254721825e-02	3.630780547701014e-02
486	3.437025073313249e-02	3.467368504525317e-02
507	3.300907594421221e-02	3.311311214825911e-02
508	2.351243119392654e-02	2.398832919019490e-02
511	2.281513425365433e-02	2.290867652767773e-02
519	1.926172230761825e-02	1.949844599758046e-02
529	1.802823138014287e-02	1.819700858609984e-02
534	1.636114803321420e-02	1.659586907437561e-02
539	1.358543896993758e-02	1.380384264602885e-02
562	9.884882598635181e-03	1.000000000000000e-02
567	9.670284247477401e-03	9.772372209558112e-03
628	8.613236561686000e-03	8.709635899560805e-03
629	7.565018844113980e-03	7.585775750291836e-03
716	7.318899278570878e-03	7.413102413009177e-03
726	7.001124563765004e-03	7.079457843841380e-03
732	6.864765395169781e-03	6.918309709189363e-03
793	6.745579096862242e-03	6.760829753919818e-03
816	6.543880856752504e-03	6.606934480075957e-03
828	6.403526647004609e-03	6.456542290346556e-03
836	6.081576240391406e-03	6.165950018614822e-03
886	5.722751775838142e-03	5.754399373371567e-03
926	5.447525353404870e-03	5.495408738576248e-03
998	4.579369254819721e-03	4.677351412871981e-03
1043	4.411058588070560e-03	4.466835921509630e-03
1135	4.350030038499431e-03	4.365158322401661e-03
1167	4.033263244244578e-03	4.073802778041126e-03
1168	3.923786857475520e-03	3.981071705534973e-03
1328	3.749946964599071e-03	3.801893963205613e-03
1330	3.454658610711259e-03	3.467368504525317e-03
1391	3.386754740153486e-03	3.388441561392024e-03
1532	3.307627970966731e-03	3.311311214825911e-03
1742	3.167359583114537e-03	3.235936569296281e-03
1772	2.927354913571323e-03	2.951209226666387e-03
1875	2.369198527140570e-03	2.398832919019490e-03
1943	2.343492728318575e-03	2.344228815319923e-03
2015	2.285679070198721e-03	2.290867652767772e-03
2034	2.237833796674416e-03	2.238721138568340e-03
2054	2.135786087477443e-03	2.137962089502233e-03
2078	2.042916457995370e-03	2.089296130854039e-03
2091	2.034829313212416e-03	2.041737944669530e-03
2116	1.954372116411141e-03	1.995262314968879e-03
2351	1.903700872766034e-03	1.905460717963246e-03
2401	1.861984973114961e-03	1.862087136662868e-03
2816	1.819007552825713e-03	1.819700858609983e-03
3357	1.770921611742748e-03	1.778279410038923e-03
3392	1.668997638135328e-03	1.698243652461744e-03
3876	1.659516851859499e-03	1.659586907437561e-03
3982	1.618996201180223e-03	1.621810097358930e-03
4153	1.569869154452230e-03	1.584893192461114e-03
4173	1.466488093224250e-03	1.479108388168207e-03
4942	1.396349425206167e-03	1.412537544622754e-03
4977	1.318674875038561e-03	1.348962882591653e-03
5006	1.318162571588899e-03	1.318256738556408e-03
7343	1.284571000653711e-03	1.288249551693134e-03
9316	1.200632691814030e-03	1.202264434617413e-03
9852	1.171131161485595e-03	1.174897554939529e-03
10335	1.127690704416318e-03	1.148153621496883e-03
10706	1.081542112643996e-03	1.096478196143185e-03
10728	1.058452894968309e-03	1.071519305237606e-03
11372	1.037466381833996e-03	1.047128548050900e-03
11839	9.523001507550921e-04	9.549925860214359e-04
12876	9.200782970675281e-04	9.332543007969915e-04
13286	8.255653797318852e-04	8.317637711026709e-04
13579	7.621359623780632e-04	7.762471166286919e-04
14098	7.555516395278961e-04	7.585775750291835e-04
14169	7.405286996022831e-04	7.413102413009177e-04
14174	7.122052171140147e-04	7.244359600749898e-04
14180	6.954537230543512e-04	7.079457843841380e-04
14226	6.909971963365846e-04	6.918309709189362e-04
14529	6.578568208895907e-04	6.606934480075957e-04
14574	6.325122131987104e-04	6.456542290346556e-04
14603	6.297925905768276e-04	6.309573444801930e-04
14696	6.106711593032443e-04	6.165950018614823e-04
14716	5.978689095607059e-04	6.025595860743575e-04
14744	5.675777313468577e-04	5.754399373371566e-04
14803	5.529938915752597e-04	5.623413251903491e-04
14847	5.445438031270733e-04	5.495408738576248e-04
14917	5.369772612906498e-04	5.370317963702527e-04
14994	5.203791136181302e-04	5.248074602497728e-04
15004	5.098852137502830e-04	5.128613839913648e-04
15099	4.997624808151802e-04	5.011872336272725e-04
15154	4.893361951092690e-04	4.897788193684461e-04
15202	4.730509898107638e-04	4.786300923226385e-04
15282	4.661182779854833e-04	4.677351412871981e-04
15359	4.509711972090491e-04	4.570881896148752e-04
15391	4.393947251654096e-04	4.466835921509630e-04
15432	4.346285202969646e-04	4.365158322401661e-04
15467	4.262976263833540e-04	4.265795188015926e-04
15568	4.134872839829384e-04	4.168693834703355e-04
15608	3.988325739547882e-04	4.073802778041126e-04
15667	3.980293746964625e-04	3.981071705534974e-04
15809	3.884803643585677e-04	3.890451449942805e-04
15933	3.797565395747826e-04	3.801893963205612e-04
15948	3.714823830464065e-04	3.715352290971724e-04
16047	3.622437634650533e-04	3.630780547701014e-04
16158	3.546799677398571e-04	3.548133892335753e-04
16212	3.429159414297667e-04	3.467368504525317e-04
16266	3.343109824925916e-04	3.388441561392024e-04
16777	3.230395767848115e-04	3.235936569296281e-04
16815	3.153759050188443e-04	3.162277660168379e-04
16827	3.086498125567383e-04	3.090295432513592e-04
16887	3.018827450744777e-04	3.019951720402016e-04
16939	2.636331276998360e-04	2.691534803926917e-04
16941	2.628744244287384e-04	2.630267991895381e-04
16992	2.570292497141580e-04	2.570395782768865e-04
17053	2.417816550615015e-04	2.454708915685031e-04
17059	2.390406308055981e-04	2.398832919019490e-04
17069	2.316994564943720e-04	2.344228815319923e-04
17111	2.248479512046986e-04	2.290867652767772e-04
17146	2.238691003746407e-04	2.238721138568340e-04
17202	2.151757905262119e-04	2.187761623949552e-04
17217	2.133921403544292e-04	2.137962089502232e-04
17280	2.088346193070967e-04	2.089296130854039e-04
17988	2.040334544314293e-04	2.041737944669530e-04
18021	1.988549427160979e-04	1.995262314968879e-04
18063	1.947714946678447e-04	1.949844599758046e-04
18130	1.902309436507821e-04	1.905460717963246e-04
18169	1.861786749955963e-04	1.862087136662868e-04
18214	1.816288769146412e-04	1.819700858609983e-04
18292	1.778171701461995e-04	1.778279410038923e-04
18385	1.736494408370870e-04	1.737800828749376e-04
18484	1.695977522906400e-04	1.698243652461744e-04
19433	1.659372508268087e-04	1.659586907437562e-04
19489	1.607156360400319e-04	1.621810097358930e-04
19526	1.583382495343733e-04	1.584893192461114e-04
19693	1.547695259637161e-04	1.548816618912481e-04
19807	1.512541700441350e-04	1.513561248436209e-04
19894	1.478991018701858e-04	1.479108388168207e-04
20158	1.445226489568130e-04	1.445439770745928e-04
20370	1.412060233196843e-04	1.412537544622754e-04
21709	1.379590168660849e-04	1.380384264602885e-04
21826	1.347515388715470e-04	1.348962882591653e-04
21976	1.296742455705324e-04	1.318256738556407e-04
22034	1.288049776430045e-04	1.288249551693134e-04
22156	1.258636061172158e-04	1.258925411794167e-04
22383	1.229947667420461e-04	1.230268770812381e-04
22478	1.201850183292219e-04	1.202264434617413e-04
22792	1.174694075668503e-04	1.174897554939529e-04
24607	1.147262185408060e-04	1.148153621496883e-04
24819	1.121390128392408e-04	1.122018454301963e-04
24897	9.629033436275858e-05	9.772372209558111e-05
24980	9.548653592184042e-05	9.549925860214369e-05
25333	9.321503001713527e-05	9.332543007969905e-05
25643	9.111576245579567e-05	9.120108393559096e-05
25943	8.910978641962775e-05	8.912509381337459e-05
26460	8.629776423274560e-05	8.709635899560814e-05
26699	8.510789978344313e-05	8.511380382023759e-05
29226	8.315535255876139e-05	8.317637711026709e-05
29709	8.127531863377779e-05	8.128305161640995e-05
30350	7.942536316896120e-05	7.943282347242822e-05
30803	7.759444155586159e-05	7.762471166286911e-05
31820	7.567452095780247e-05	7.585775750291836e-05
32658	7.412789527083685e-05	7.413102413009176e-05
33458	7.230710917704997e-05	7.244359600749906e-05
37484	7.076422882468236e-05	7.079457843841373e-05
38617	6.913046057355210e-05	6.918309709189363e-05
39685	6.757812723812151e-05	6.760829753919819e-05
40800	6.605542289106481e-05	6.606934480075965e-05
42007	6.450506996791283e-05	6.456542290346549e-05
43781	6.309521872505108e-05	6.309573444801929e-05
45972	6.165851116379795e-05	6.165950018614822e-05
48374	6.020915853299780e-05	6.025595860743581e-05
50797	5.881568753740574e-05	5.888436553555884e-05
53246	5.751385370944551e-05	5.754399373371566e-05
56763	5.608726376338247e-05	5.623413251903491e-05
61935	5.487668457959671e-05	5.495408738576248e-05
63668	5.370317558683890e-05	5.370317963702532e-05
67980	5.247982605127710e-05	5.248074602497723e-05
72011	5.128512803942442e-05	5.128613839913648e-05
77560	5.010898826030008e-05	5.011872336272725e-05
84739	4.897681200399795e-05	4.897788193684466e-05
87811	4.785605095880552e-05	4.786300923226380e-05
90011	4.662339309213781e-05	4.677351412871981e-05
94452	4.539429537364637e-05	4.570881896148752e-05
97416	4.441555097067784e-05	4.466835921509635e-05
101960	4.307617349630366e-05	4.365158322401657e-05
109467	4.265361605870766e-05	4.265795188015926e-05
111470	4.160739305225647e-05	4.168693834703355e-05
117449	4.073654400926774e-05	4.073802778041130e-05
120001	4.053468920051095e-05	4.073802778041130e-05
%
% index = 466, name = bbob_f008_i03_d02__bbob_f017_i05_d02
% instance = 2, reference value = 6.752345265902751e-01
% function evaluation | indicator value | target hit
1	3.568862975788275e+00	3.630780547701014e+00
51	1.466964903683775e+00	1.479108388168207e+00
79	6.617468166607676e-01	6.760829753919817e-01
218	6.600016142610639e-01	6.606934480075960e-01
236	3.536137690378278e-01	3.548133892335755e-01
247	2.787699823838988e-01	2.818382931264454e-01
316	2.713191572560513e-01	2.754228703338166e-01
333	2.192071806031722e-01	2.238721138568339e-01
353	1.854016018421050e-01	1.862087136662867e-01
391	1.636749309081978e-01	1.659586907437560e-01
403	1.490176493822297e-01	1.513561248436208e-01
422	1.431270504326606e-01	1.445439770745928e-01
425	1.344601276232080e-01	1.348962882591654e-01
427	1.311858631673541e-01	1.318256738556407e-01
436	1.145601500976360e-01	1.148153621496883e-01
443	1.026834806911638e-01	1.047128548050900e-01
445	1.018713890276519e-01	1.023292992280754e-01
462	9.270240751388381e-02	9.332543007969910e-02
497	9.006282249494424e-02	9.120108393559097e-02
504	8.794938368897154e-02	8.912509381337455e-02
559	8.472404847730541e-02	8.511380382023763e-02
593	7.339848171415619e-02	7.413102413009177e-02
597	6.933654852846960e-02	7.079457843841380e-02
604	6.851352097688213e-02	6.918309709189366e-02
633	6.750330729593179e-02	6.760829753919818e-02
648	4.946989935650270e-02	5.011872336272722e-02
682	4.848612394562035e-02	4.897788193684462e-02
692	4.411870145183128e-02	4.466835921509630e-02
723	4.308708693953678e-02	4.365158322401658e-02
771	2.718568205152161e-02	2.754228703338166e-02
831	2.655213122106148e-02	2.691534803926915e-02
846	2.626328030130320e-02	2.630267991895381e-02
849	2.488292826444194e-02	2.511886431509579e-02
854	2.430448648640682e-02	2.454708915685030e-02
900	2.072028211115584e-02	2.089296130854040e-02
905	1.931086678965033e-02	1.949844599758046e-02
928	1.598434450249619e-02	1.621810097358930e-02
970	1.561558967266896e-02	1.584893192461113e-02
1000	1.531583829068550e-02	1.548816618912481e-02
1019	1.475073114033143e-02	1.479108388168207e-02
1029	1.444196950008714e-02	1.445439770745927e-02
1060	1.402523594878935e-02	1.412537544622754e-02
1115	1.376955943791602e-02	1.380384264602885e-02
1119	1.341733418948665e-02	1.348962882591653e-02
1266	1.312601371396327e-02	1.318256738556407e-02
1344	1.276674377711340e-02	1.288249551693134e-02
1393	1.257667277766994e-02	1.258925411794167e-02
1404	1.143954914199785e-02	1.148153621496883e-02
1430	1.102611594789771e-02	1.122018454301964e-02
1451	1.054024172613222e-02	1.071519305237606e-02
1477	1.046433181482842e-02	1.047128548050900e-02
1482	1.011343376639051e-02	1.023292992280754e-02
1500	9.901164682234787e-03	1.000000000000000e-02
1718	9.735260876522100e-03	9.772372209558112e-03
1742	9.498232768478276e-03	9.549925860214359e-03
1775	9.087782713727233e-03	9.120108393559097e-03
1883	8.875811715057247e-03	8.912509381337459e-03
1886	8.683825782858423e-03	8.709635899560805e-03
2179	8.398494758210306e-03	8.511380382023767e-03
2180	7.750554370786200e-03	7.762471166286920e-03
2206	7.391542691672859e-03	7.413102413009177e-03
2275	7.242932516766332e-03	7.244359600749898e-03
2345	7.078165428266225e-03	7.079457843841380e-03
2736	6.912271898159905e-03	6.918309709189363e-03
2770	6.586299657316386e-03	6.606934480075957e-03
2773	6.331345765387075e-03	6.456542290346556e-03
2786	6.095900191026460e-03	6.165950018614822e-03
2819	5.981307538314051e-03	6.025595860743574e-03
2860	5.887541962208420e-03	5.888436553555890e-03
2924	5.612506425061725e-03	5.623413251903491e-03
2962	5.403361170698839e-03	5.495408738576248e-03
2967	5.356449264651952e-03	5.370317963702527e-03
2972	4.857315620585778e-03	4.897788193684461e-03
3019	4.774089490896416e-03	4.786300923226385e-03
3030	4.660625236308946e-03	4.677351412871981e-03
3706	4.339379257287224e-03	4.365158322401661e-03
3813	3.840917083707596e-03	3.890451449942805e-03
3821	3.783434166546473e-03	3.801893963205613e-03
3868	3.688985501513642e-03	3.715352290971724e-03
4010	3.609104677145147e-03	3.630780547701014e-03
4949	3.114375231973998e-03	3.162277660168379e-03
4991	3.033081496182644e-03	3.090295432513592e-03
4993	3.001925603714706e-03	3.019951720402016e-03
5217	2.779768426046214e-03	2.818382931264455e-03
5308	2.727769357714016e-03	2.754228703338166e-03
5453	2.685752407954323e-03	2.691534803926917e-03
5514	2.562685480360982e-03	2.570395782768865e-03
6567	2.376988160993743e-03	2.398832919019490e-03
6735	2.132577463059393e-03	2.137962089502233e-03
6807	1.953962580616531e-03	1.995262314968879e-03
6843	1.924652047074149e-03	1.949844599758046e-03
6847	1.816688183975290e-03	1.819700858609983e-03
7149	1.777981918859584e-03	1.778279410038923e-03
7177	1.614841006992607e-03	1.621810097358930e-03
7248	1.578601188818696e-03	1.584893192461114e-03
7295	1.546388047923175e-03	1.548816618912481e-03
7438	1.506104957229915e-03	1.513561248436209e-03
7496	1.477525840309690e-03	1.479108388168207e-03
7710	1.413708607026831e-03	1.445439770745928e-03
7728	1.410446368033447e-03	1.412537544622754e-03
7815	1.301471100549123e-03	1.318256738556408e-03
7823	1.287195637093452e-03	1.288249551693134e-03
9291	1.230466684854492e-03	1.258925411794167e-03
9297	1.206497646280003e-03	1.230268770812381e-03
9332	1.200571680812335e-03	1.202264434617413e-03
9336	1.109621755222556e-03	1.122018454301963e-03
9480	1.096399924544245e-03	1.096478196143185e-03
9650	1.051672689273753e-03	1.071519305237606e-03
9759	1.037087227341416e-03	1.047128548050900e-03
9760	1.008188916510222e-03	1.023292992280754e-03
9820	9.963634545392397e-04	1.000000000000000e-03
9883	9.769856195921411e-04	9.772372209558111e-04
10144	9.523498684161913e-04	9.549925860214359e-04
10259	9.121462343453235e-04	9.332543007969915e-04
10265	9.100624991921213e-04	9.120108393559096e-04
10366	8.872939079659359e-04	8.912509381337459e-04
10618	8.703562042808866e-04	8.709635899560805e-04
12919	8.507876780735613e-04	8.511380382023768e-04
12949	8.288258342439292e-04	8.317637711026709e-04
12991	7.997185065290457e-04	8.128305161640995e-04
13115	7.936283331606564e-04	7.943282347242813e-04
13283	7.316076063873522e-04	7.413102413009177e-04
13421	7.238810340297608e-04	7.244359600749898e-04
13735	7.046487514578148e-04	7.079457843841380e-04
14089	6.913453213409637e-04	6.918309709189362e-04
14202	6.550921345975791e-04	6.606934480075957e-04
14394	6.322519945495264e-04	6.456542290346556e-04
14442	6.304484247032782e-04	6.309573444801930e-04
14689	6.164121270567646e-04	6.165950018614823e-04
15348	6.023212442110015e-04	6.025595860743575e-04
15690	5.888249361390985e-04	5.888436553555889e-04
15925	5.635417821261424e-04	5.754399373371566e-04
15961	5.616354209095897e-04	5.623413251903491e-04
16336	5.347735305722967e-04	5.370317963702527e-04
16565	5.199560996426156e-04	5.248074602497728e-04
16983	5.116715574839947e-04	5.128613839913648e-04
20215	4.984520429507366e-04	5.011872336272725e-04
20903	3.792753340878807e-04	3.801893963205612e-04
21101	3.634999858839194e-04	3.715352290971724e-04
21155	3.628534913536763e-04	3.630780547701014e-04
21167	3.463444770966939e-04	3.467368504525317e-04
21830	3.385382362705025e-04	3.388441561392024e-04
22452	3.310731520956844e-04	3.311311214825911e-04
22819	3.235747720550242e-04	3.235936569296281e-04
22837	3.102599948729967e-04	3.162277660168379e-04
22925	3.081566601856878e-04	3.090295432513592e-04
23125	2.874422460865667e-04	2.884031503126605e-04
23261	2.671764496110507e-04	2.691534803926917e-04
24254	2.605616991334658e-04	2.630267991895381e-04
25644	2.570327231129488e-04	2.570395782768865e-04
25741	2.486040807055945e-04	2.511886431509580e-04
27199	2.409793909723401e-04	2.454708915685031e-04
27394	2.321347225664461e-04	2.344228815319923e-04
28239	2.288588382978185e-04	2.290867652767772e-04
29185	2.234658220620078e-04	2.238721138568340e-04
30166	2.187729900329227e-04	2.187761623949552e-04
32522	2.135636932198981e-04	2.137962089502232e-04
33982	2.080727653730463e-04	2.089296130854039e-04
35049	1.994389242553352e-04	1.995262314968879e-04
36743	1.853396696976928e-04	1.862087136662868e-04
37940	1.806904455045055e-04	1.819700858609983e-04
43215	1.742173718611850e-04	1.778279410038923e-04
43350	1.725428349017566e-04	1.737800828749376e-04
43573	1.696112639014702e-04	1.698243652461744e-04
44509	1.579216431747410e-04	1.584893192461114e-04
45187	1.548019291066627e-04	1.548816618912481e-04
46097	1.506279907708130e-04	1.513561248436209e-04
46575	1.477880401435927e-04	1.479108388168207e-04
47456	1.443606335904679e-04	1.445439770745928e-04
48920	1.411401348652142e-04	1.412537544622754e-04
49841	1.379279687397927e-04	1.380384264602885e-04
50694	1.343444382191361e-04	1.348962882591653e-04
51698	1.310549278975559e-04	1.318256738556407e-04
53866	1.277222420045243e-04	1.288249551693134e-04
54774	1.258760307631945e-04	1.258925411794167e-04
55156	1.230195296834102e-04	1.230268770812381e-04
57270	1.188760006433087e-04	1.202264434617413e-04
57446	1.172835160737629e-04	1.174897554939529e-04
58904	1.134820047495877e-04	1.148153621496883e-04
60100	1.112464931374291e-04	1.122018454301963e-04
62406	1.095951072533907e-04	1.096478196143185e-04
66460	1.067347920201689e-04	1.071519305237606e-04
67195	1.046472320036518e-04	1.047128548050900e-04
68020	1.022200477825974e-04	1.023292992280754e-04
68338	9.910078140884515e-05	1.000000000000000e-04
69085	9.768119787667562e-05	9.772372209558111e-05
70168	9.549917063444990e-05	9.549925860214369e-05
70878	9.331783244082015e-05	9.332543007969905e-05
71036	9.087287426179369e-05	9.120108393559096e-05
72113	8.907013445169643e-05	8.912509381337459e-05
73779	8.687773185178660e-05	8.709635899560814e-05
76337	8.495875425962307e-05	8.511380382023759e-05
77928	8.305267005292993e-05	8.317637711026709e-05
78577	8.121962119567172e-05	8.128305161640995e-05
80289	7.941542456690875e-05	7.943282347242822e-05
82872	7.745960289784470e-05	7.762471166286911e-05
84551	7.575477936194730e-05	7.585775750291836e-05
89946	7.396927297287359e-05	7.413102413009176e-05
90399	7.242368687732093e-05	7.244359600749906e-05
90961	7.074195499201519e-05	7.079457843841373e-05
91697	6.918168273029046e-05	6.918309709189363e-05
92711	6.758163086684199e-05	6.760829753919819e-05
93806	6.606462693758974e-05	6.606934480075965e-05
94947	6.446729865483558e-05	6.456542290346549e-05
96480	6.292089435144810e-05	6.309573444801929e-05
97505	6.062438265652670e-05	6.165950018614822e-05
98437	6.025272028153950e-05	6.025595860743581e-05
99636	5.887468448495525e-05	5.888436553555884e-05
104860	5.753445308431804e-05	5.754399373371566e-05
105964	5.622563901608313e-05	5.623413251903491e-05
107316	5.494643464332150e-05	5.495408738576248e-05
108743	5.369125747300973e-05	5.370317963702532e-05
110192	5.244435358486843e-05	5.248074602497723e-05
112121	5.123883334545720e-05	5.128613839913648e-05
114632	5.010154293116909e-05	5.011872336272725e-05
121770	4.911295181453390e-05	5.011872336272725e-05
%
% index = 467, name = bbob_f008_i07_d02__bbob_f017_i08_d02
% instance = 3, reference value = 9.217678535915440e-01
% function evaluation | indicator value | target hit
1	4.141402725721044e+00	4.168693834703354e+00
7	1.696590614551605e+00	1.698243652461744e+00
22	5.079937610625532e-01	5.128613839913648e-01
112	4.418914985786704e-01	4.466835921509631e-01
237	4.258651814153698e-01	4.265795188015927e-01
240	3.921802376774338e-01	3.981071705534972e-01
248	3.858110292464831e-01	3.890451449942806e-01
307	3.801832747218644e-01	3.801893963205612e-01
324	3.693748842714258e-01	3.715352290971726e-01
371	3.505462264781337e-01	3.548133892335755e-01
392	2.803263661148873e-01	2.818382931264454e-01
424	1.841494964841416e-01	1.862087136662867e-01
427	1.427741661858535e-01	1.445439770745928e-01
476	1.324098818270955e-01	1.348962882591654e-01
511	1.313630195057226e-01	1.318256738556407e-01
615	1.287253787174905e-01	1.288249551693134e-01
697	1.242697613218636e-01	1.258925411794167e-01
820	8.958049366950604e-02	9.120108393559097e-02
1143	8.866588271624576e-02	8.912509381337455e-02
1234	4.731258373432312e-02	4.786300923226382e-02
1245	4.437556705759949e-02	4.466835921509630e-02
1481	4.153968738902825e-02	4.168693834703355e-02
1482	3.964666376842163e-02	3.981071705534973e-02
1541	3.697212751571077e-02	3.715352290971726e-02
1910	3.413159346062888e-02	3.467368504525317e-02
1956	3.368075207240917e-02	3.388441561392026e-02
1976	3.158256542639282e-02	3.162277660168379e-02
4655	3.072638659288296e-02	3.090295432513590e-02
6045	2.997684913493548e-02	3.019951720402016e-02
6191	2.939541736372109e-02	2.951209226666385e-02
10203	2.870196662740609e-02	2.884031503126606e-02
14536	2.597249873300689e-02	2.630267991895381e-02
17073	2.394405463642924e-02	2.398832919019490e-02
20013	1.690965018057178e-02	1.698243652461744e-02
22959	1.566273234418059e-02	1.584893192461113e-02
23912	1.379533812753364e-02	1.380384264602885e-02
24514	1.238545028831128e-02	1.258925411794167e-02
24563	1.225484204108240e-02	1.230268770812382e-02
25911	1.202195793738625e-02	1.202264434617413e-02
27926	1.172523801253922e-02	1.174897554939530e-02
30905	9.986739147487600e-03	1.000000000000000e-02
36903	9.641987730581114e-03	9.772372209558112e-03
40396	9.384790992188474e-03	9.549925860214359e-03
41608	9.302907212031641e-03	9.332543007969915e-03
42125	8.784759820235521e-03	8.912509381337459e-03
42671	7.994097648566068e-03	8.128305161640995e-03
43920	7.533605905046703e-03	7.585775750291836e-03
43921	7.406635054270749e-03	7.413102413009177e-03
45998	7.174482600359133e-03	7.244359600749898e-03
53963	7.077172968522061e-03	7.079457843841380e-03
56652	6.745044513224663e-03	6.760829753919818e-03
59416	6.362605302646096e-03	6.456542290346556e-03
59967	6.248336127727572e-03	6.309573444801930e-03
61218	5.939292319925848e-03	6.025595860743574e-03
64960	5.888192272825443e-03	5.888436553555890e-03
66985	5.654395507035948e-03	5.754399373371567e-03
67548	5.604616891282777e-03	5.623413251903491e-03
72294	5.452815197687921e-03	5.495408738576248e-03
72680	5.340699369929092e-03	5.370317963702527e-03
73814	5.176482126241333e-03	5.248074602497728e-03
76224	4.867599033814618e-03	4.897788193684461e-03
78319	4.672279389356437e-03	4.677351412871981e-03
84839	4.567641577589820e-03	4.570881896148752e-03
91967	4.414904250449991e-03	4.466835921509630e-03
92163	4.193709534433210e-03	4.265795188015926e-03
92269	4.149864594991559e-03	4.168693834703355e-03
98503	3.973729480024946e-03	3.981071705534973e-03
101639	3.886067002036198e-03	3.890451449942805e-03
102920	3.800561791071688e-03	3.801893963205613e-03
107501	3.713279067627862e-03	3.715352290971724e-03
123664	3.664756480735942e-03	3.715352290971724e-03
%
% index = 468, name = bbob_f008_i09_d02__bbob_f017_i10_d02
% instance = 4, reference value = 9.440039996519290e-01
% function evaluation | indicator value | target hit
1	4.158639915287984e+00	4.168693834703354e+00
13	2.565889434746929e+00	2.570395782768863e+00
19	2.004175633866929e+00	2.041737944669529e+00
22	1.755179095469435e+00	1.778279410038923e+00
43	1.182329870333429e+00	1.202264434617413e+00
143	8.811499736086468e-01	8.912509381337456e-01
157	4.670496022480789e-01	4.677351412871982e-01
249	4.372363452810832e-01	4.466835921509631e-01
273	3.306205108210012e-01	3.311311214825911e-01
339	2.969960039292640e-01	3.019951720402016e-01
379	2.925998197726671e-01	2.951209226666385e-01
419	2.701146498765323e-01	2.754228703338166e-01
423	2.446089347064098e-01	2.454708915685030e-01
464	2.194522789777285e-01	2.238721138568339e-01
466	2.157524741488064e-01	2.187761623949552e-01
476	2.134053293899938e-01	2.137962089502232e-01
477	2.070582976062261e-01	2.089296130854039e-01
483	2.013608769326353e-01	2.041737944669530e-01
489	1.937737993155150e-01	1.949844599758045e-01
497	1.407662610244151e-01	1.412537544622754e-01
502	1.178849982375137e-01	1.202264434617413e-01
511	1.144664758359878e-01	1.148153621496883e-01
523	1.112336747492544e-01	1.122018454301964e-01
534	9.195123821180273e-02	9.332543007969910e-02
536	8.229071102722496e-02	8.317637711026708e-02
574	5.787175100891873e-02	5.888436553555890e-02
583	3.120748199265677e-02	3.162277660168379e-02
601	2.549171170891573e-02	2.570395782768863e-02
618	2.258122683943087e-02	2.290867652767773e-02
645	2.206077455057776e-02	2.238721138568340e-02
646	1.845515796371788e-02	1.862087136662868e-02
673	1.789780618960157e-02	1.819700858609984e-02
733	1.682159778795123e-02	1.698243652461744e-02
746	1.657350676206337e-02	1.659586907437561e-02
787	1.432144368167587e-02	1.445439770745927e-02
792	1.322325938910363e-02	1.348962882591653e-02
805	1.314875191261333e-02	1.318256738556407e-02
810	1.238595714864688e-02	1.258925411794167e-02
869	1.197765061710521e-02	1.202264434617413e-02
902	1.173034243550430e-02	1.174897554939530e-02
979	1.139305834034243e-02	1.148153621496883e-02
1106	1.047838397502532e-02	1.071519305237606e-02
1126	1.046303156761696e-02	1.047128548050900e-02
1185	9.881841775230549e-03	1.000000000000000e-02
1190	9.741052266110994e-03	9.772372209558112e-03
1391	7.038669890743976e-03	7.079457843841380e-03
1418	6.736880122959366e-03	6.760829753919818e-03
1444	6.055825511491864e-03	6.165950018614822e-03
1450	5.836807843461744e-03	5.888436553555890e-03
1666	5.750388306473786e-03	5.754399373371567e-03
1743	5.622937909991355e-03	5.623413251903491e-03
1757	5.383358724615483e-03	5.495408738576248e-03
1784	5.100942149021459e-03	5.128613839913648e-03
1821	5.011724888255520e-03	5.011872336272725e-03
1844	4.800549807709498e-03	4.897788193684461e-03
1854	4.778314289569208e-03	4.786300923226385e-03
1857	4.642423250267758e-03	4.677351412871981e-03
2101	4.564771880668506e-03	4.570881896148752e-03
2115	4.460042503092287e-03	4.466835921509630e-03
2170	4.345135137244105e-03	4.365158322401661e-03
2188	4.238487919528411e-03	4.265795188015926e-03
2198	3.462819194461342e-03	3.467368504525317e-03
2202	3.108447022826089e-03	3.162277660168379e-03
2223	3.085446712972173e-03	3.090295432513592e-03
2228	2.994968117079555e-03	3.019951720402016e-03
2725	2.933730593017381e-03	2.951209226666387e-03
2792	2.883241283377913e-03	2.884031503126605e-03
2941	2.646978215816387e-03	2.691534803926917e-03
2972	2.622617629430501e-03	2.630267991895381e-03
2999	2.477405601825522e-03	2.511886431509579e-03
3702	2.437456887342093e-03	2.454708915685031e-03
3709	1.413234531189245e-03	1.445439770745928e-03
3712	1.410762621753769e-03	1.412537544622754e-03
3742	1.223375942834948e-03	1.230268770812381e-03
3781	1.178302350138494e-03	1.202264434617413e-03
3802	9.274682674711432e-04	9.332543007969915e-04
3958	9.098237694867839e-04	9.120108393559096e-04
4890	8.832020256109852e-04	8.912509381337459e-04
5019	8.324242447995678e-04	8.511380382023768e-04
5070	8.314541453104951e-04	8.317637711026709e-04
5094	8.104183864446890e-04	8.128305161640995e-04
5753	7.288061378729616e-04	7.413102413009177e-04
5766	7.161464492965175e-04	7.244359600749898e-04
6101	7.052354847434383e-04	7.079457843841380e-04
6124	6.918017329762272e-04	6.918309709189362e-04
6212	5.877539810820176e-04	5.888436553555889e-04
7318	5.726697589519825e-04	5.754399373371566e-04
7469	5.611268938539027e-04	5.623413251903491e-04
7682	5.363001920585253e-04	5.370317963702527e-04
8048	5.197711707326524e-04	5.248074602497728e-04
8159	5.069724300734713e-04	5.128613839913648e-04
8180	4.897091324598257e-04	4.897788193684461e-04
8228	4.768557662145900e-04	4.786300923226385e-04
8392	4.676043759224147e-04	4.677351412871981e-04
8559	4.566282237430386e-04	4.570881896148752e-04
8678	4.119820839000310e-04	4.168693834703355e-04
8897	4.068879422803873e-04	4.073802778041126e-04
9277	3.950455702205202e-04	3.981071705534974e-04
9735	3.796462314963334e-04	3.801893963205612e-04
10068	3.715125982618472e-04	3.715352290971724e-04
10618	3.584447241246069e-04	3.630780547701014e-04
10683	3.543241318998414e-04	3.548133892335753e-04
11426	3.460593488006092e-04	3.467368504525317e-04
11604	3.237690868608256e-04	3.311311214825911e-04
11618	3.233491189211790e-04	3.235936569296281e-04
11811	2.983032899368521e-04	3.019951720402016e-04
12219	2.946596071987662e-04	2.951209226666387e-04
12579	2.862272806362087e-04	2.884031503126605e-04
13263	2.776514709448286e-04	2.818382931264455e-04
13341	2.746938684407008e-04	2.754228703338166e-04
13464	2.660721936176280e-04	2.691534803926917e-04
14406	2.629180360684824e-04	2.630267991895381e-04
16453	2.567290574868597e-04	2.570395782768865e-04
16647	2.511355693785022e-04	2.511886431509580e-04
16760	2.422931540461137e-04	2.454708915685031e-04
16884	2.386885124308069e-04	2.398832919019490e-04
16971	2.321960221407515e-04	2.344228815319923e-04
17232	2.290453862796582e-04	2.290867652767772e-04
17518	2.232861783668660e-04	2.238721138568340e-04
17778	2.186686944058991e-04	2.187761623949552e-04
17988	2.137272512150457e-04	2.137962089502232e-04
18507	2.087442187111987e-04	2.089296130854039e-04
18734	2.041128042176155e-04	2.041737944669530e-04
18863	1.990821485702288e-04	1.995262314968879e-04
19384	1.946557639549429e-04	1.949844599758046e-04
19720	1.872700311037478e-04	1.905460717963246e-04
19787	1.855404038829667e-04	1.862087136662868e-04
20142	1.818986576925807e-04	1.819700858609983e-04
20416	1.762529410408442e-04	1.778279410038923e-04
21024	1.737135980859339e-04	1.737800828749376e-04
21873	1.645128081547709e-04	1.659586907437562e-04
22148	1.620254826876222e-04	1.621810097358930e-04
23463	1.583867800263317e-04	1.584893192461114e-04
25200	1.545791979407074e-04	1.548816618912481e-04
26685	1.512637444408549e-04	1.513561248436209e-04
28822	1.478590131286373e-04	1.479108388168207e-04
30943	1.445150885402979e-04	1.445439770745928e-04
33502	1.411992548586705e-04	1.412537544622754e-04
38064	1.378822438448113e-04	1.380384264602885e-04
38330	1.348844968350749e-04	1.348962882591653e-04
38476	1.318224889647057e-04	1.318256738556407e-04
38563	1.280179151070815e-04	1.288249551693134e-04
38720	1.257163546239948e-04	1.258925411794167e-04
38889	1.230243202580139e-04	1.230268770812381e-04
39248	1.198285870956939e-04	1.202264434617413e-04
39382	1.168635080679437e-04	1.174897554939529e-04
39459	1.146222298593624e-04	1.148153621496883e-04
39742	1.121785582388624e-04	1.122018454301963e-04
40148	1.092907429540713e-04	1.096478196143185e-04
40446	1.071070606887270e-04	1.071519305237606e-04
40886	1.047116071701826e-04	1.047128548050900e-04
41061	1.016290224949978e-04	1.023292992280754e-04
41276	9.987126194199725e-05	1.000000000000000e-04
41748	9.770937456698991e-05	9.772372209558111e-05
41976	9.537831391570606e-05	9.549925860214369e-05
42867	9.330079889480203e-05	9.332543007969905e-05
43608	9.119894548204055e-05	9.120108393559096e-05
44481	8.912495395363429e-05	8.912509381337459e-05
44925	8.708844871574417e-05	8.709635899560814e-05
45258	8.509094249786742e-05	8.511380382023759e-05
46041	8.317575552718726e-05	8.317637711026709e-05
47093	8.124386324326327e-05	8.128305161640995e-05
48723	7.930814804413266e-05	7.943282347242822e-05
50310	7.759186231459658e-05	7.762471166286911e-05
53142	7.583954248324698e-05	7.585775750291836e-05
53277	7.412492829284023e-05	7.413102413009176e-05
53464	7.240549793074980e-05	7.244359600749906e-05
53763	7.079347119176571e-05	7.079457843841373e-05
54034	6.917515325144397e-05	6.918309709189363e-05
54235	6.737174818616243e-05	6.760829753919819e-05
54358	6.604466683335364e-05	6.606934480075965e-05
55013	6.455901571289502e-05	6.456542290346549e-05
55400	6.307662524485114e-05	6.309573444801929e-05
55433	5.988690167846311e-05	6.025595860743581e-05
55933	5.887339293486615e-05	5.888436553555884e-05
56419	5.707519189990240e-05	5.754399373371566e-05
56938	5.623141927457720e-05	5.623413251903491e-05
57545	5.495099652597091e-05	5.495408738576248e-05
58475	5.368315157239234e-05	5.370317963702532e-05
59191	5.185671666407821e-05	5.248074602497723e-05
59813	5.128442099200381e-05	5.128613839913648e-05
61077	5.009366407582316e-05	5.011872336272725e-05
62676	4.897688090343966e-05	4.897788193684466e-05
64374	4.785151236541552e-05	4.786300923226380e-05
67681	4.665137542758657e-05	4.677351412871981e-05
75175	4.529041966672143e-05	4.570881896148752e-05
75380	4.464046434005109e-05	4.466835921509635e-05
76818	4.363090842596229e-05	4.365158322401657e-05
77383	4.212076236409512e-05	4.265795188015926e-05
78378	4.138374834372627e-05	4.168693834703355e-05
78961	4.047262711059929e-05	4.073802778041130e-05
79882	3.973290195791179e-05	3.981071705534969e-05
80822	3.880619616070113e-05	3.890451449942805e-05
84144	3.801891145716052e-05	3.801893963205612e-05
88537	3.715293417505539e-05	3.715352290971728e-05
95535	3.627327449928774e-05	3.630780547701010e-05
97405	3.538245083178904e-05	3.548133892335753e-05
100914	3.467275386581647e-05	3.467368504525317e-05
103877	3.387948073796387e-05	3.388441561392028e-05
106235	3.274449448809058e-05	3.311311214825908e-05
107832	3.235842064897021e-05	3.235936569296281e-05
111223	3.152502255676648e-05	3.162277660168380e-05
112990	3.089627093366687e-05	3.090295432513592e-05
118287	3.019932373815593e-05	3.019951720402019e-05
120000	2.992847382476960e-05	3.019951720402019e-05
%
% index = 469, name = bbob_f008_i11_d02__bbob_f017_i12_d02
% instance = 5, reference value = 8.449645894774720e-01
% function evaluation | indicator value | target hit
1	1.981182715487972e+00	1.995262314968880e+00
3	1.360665436128972e+00	1.380384264602885e+00
7	9.570046445949720e-01	9.772372209558107e-01
11	5.988356222287310e-01	6.025595860743578e-01
29	3.175614640203944e-01	3.235936569296283e-01
38	3.022847264338799e-01	3.090295432513591e-01
46	2.795183830111907e-01	2.818382931264454e-01
47	1.769404615798988e-01	1.778279410038923e-01
66	1.549251493562778e-01	1.584893192461113e-01
113	1.547857673314128e-01	1.548816618912481e-01
114	1.451553700225023e-01	1.479108388168208e-01
136	1.361597274988597e-01	1.380384264602885e-01
180	1.347883189413885e-01	1.348962882591654e-01
190	1.161403440852663e-01	1.174897554939529e-01
204	1.040898552377518e-01	1.047128548050900e-01
231	9.474139168552653e-02	9.549925860214359e-02
269	9.328057787514010e-02	9.332543007969910e-02
327	8.707229980002484e-02	8.709635899560805e-02
346	8.113103669297050e-02	8.128305161640990e-02
356	6.540259132942783e-02	6.606934480075961e-02
359	6.400014539443788e-02	6.456542290346556e-02
389	5.781528347732356e-02	5.888436553555890e-02
393	5.619838639896280e-02	5.623413251903491e-02
421	4.979014310198271e-02	5.011872336272722e-02
424	4.542805812133865e-02	4.570881896148749e-02
486	4.421806549609086e-02	4.466835921509630e-02
497	4.209012181577643e-02	4.265795188015926e-02
499	4.111155202332761e-02	4.168693834703355e-02
506	4.020690578038921e-02	4.073802778041128e-02
530	3.831062015147968e-02	3.890451449942807e-02
553	3.745712292228554e-02	3.801893963205612e-02
554	3.607128006248328e-02	3.630780547701014e-02
558	3.397126879327461e-02	3.467368504525317e-02
562	3.352697818829631e-02	3.388441561392026e-02
580	3.308282033484344e-02	3.311311214825911e-02
760	3.122312152592288e-02	3.162277660168379e-02
768	3.008614819338573e-02	3.019951720402016e-02
805	2.658006872772789e-02	2.691534803926915e-02
812	2.507025337035362e-02	2.511886431509579e-02
839	2.355039075792464e-02	2.398832919019490e-02
849	2.344060776843093e-02	2.344228815319923e-02
858	2.279399319697761e-02	2.290867652767773e-02
919	2.199936996855123e-02	2.238721138568340e-02
975	2.185835924966995e-02	2.187761623949553e-02
1083	2.105877976293713e-02	2.137962089502233e-02
1100	2.062908278932951e-02	2.089296130854040e-02
1118	2.011909089219166e-02	2.041737944669529e-02
1327	1.862499379539295e-02	1.905460717963247e-02
1337	1.860742058205578e-02	1.862087136662868e-02
1348	1.809540086608097e-02	1.819700858609984e-02
1351	1.768614935344592e-02	1.778279410038923e-02
1397	1.734371061125473e-02	1.737800828749375e-02
1504	1.691394316935657e-02	1.698243652461744e-02
1979	1.427068119998276e-02	1.445439770745927e-02
2056	1.406995391154509e-02	1.412537544622754e-02
2075	1.364697803393777e-02	1.380384264602885e-02
2093	1.334318723605454e-02	1.348962882591653e-02
2294	1.313849546710799e-02	1.318256738556407e-02
2901	1.280296277398463e-02	1.288249551693134e-02
2993	1.248989603221373e-02	1.258925411794167e-02
3140	1.117924090320821e-02	1.122018454301964e-02
3333	1.035114890976141e-02	1.047128548050900e-02
4064	9.439125254191216e-03	9.549925860214359e-03
4216	9.277246543926920e-03	9.332543007969915e-03
4804	8.990892155721797e-03	9.120108393559097e-03
5721	8.145265996551632e-03	8.317637711026709e-03
5731	8.127020132058904e-03	8.128305161640995e-03
7752	7.722198899759891e-03	7.762471166286920e-03
9410	7.460353512870666e-03	7.585775750291836e-03
9495	7.406031668202528e-03	7.413102413009177e-03
11964	7.243704160755815e-03	7.244359600749898e-03
13019	6.832408645697674e-03	6.918309709189363e-03
13281	6.758527734217923e-03	6.760829753919818e-03
17130	6.584805804367710e-03	6.606934480075957e-03
21412	6.441061028863215e-03	6.456542290346556e-03
39381	6.291117690577441e-03	6.309573444801930e-03
40097	6.119057646889914e-03	6.165950018614822e-03
41113	5.812254976984566e-03	5.888436553555890e-03
43290	5.664278800785794e-03	5.754399373371567e-03
47451	5.606109001727533e-03	5.623413251903491e-03
49235	5.473810193888595e-03	5.495408738576248e-03
53061	5.369550366749576e-03	5.370317963702527e-03
53645	5.112964631189820e-03	5.128613839913648e-03
57883	4.932765337216871e-03	5.011872336272725e-03
65379	4.896899515883124e-03	4.897788193684461e-03
80128	4.688544029552544e-03	4.786300923226385e-03
90824	4.674804963683443e-03	4.677351412871981e-03
102886	4.527185375408638e-03	4.570881896148752e-03
106512	4.403115241458533e-03	4.466835921509630e-03
115352	4.357476456291254e-03	4.365158322401661e-03
119524	4.258952273904382e-03	4.265795188015926e-03
120001	4.258867981746794e-03	4.265795188015926e-03
%
% index = 470, name = bbob_f008_i13_d02__bbob_f017_i14_d02
% instance = 6, reference value = 9.362040976985180e-01
% function evaluation | indicator value | target hit
1	4.245940313352370e-01	4.265795188015927e-01
119	3.116243391772601e-01	3.162277660168379e-01
244	3.050678903816367e-01	3.090295432513591e-01
274	9.648555558553640e-02	9.772372209558107e-02
311	7.920992698966312e-02	7.943282347242814e-02
345	6.866246588555902e-02	6.918309709189366e-02
360	6.432949088903406e-02	6.456542290346556e-02
418	6.167007081250575e-02	6.309573444801933e-02
419	5.854562938470431e-02	5.888436553555890e-02
481	5.731664426585203e-02	5.754399373371569e-02
502	5.433005215985554e-02	5.495408738576246e-02
509	5.143466108384132e-02	5.248074602497726e-02
530	5.094060018583124e-02	5.128613839913648e-02
717	4.994396745438623e-02	5.011872336272722e-02
875	4.890882468693458e-02	4.897788193684462e-02
942	4.782060787071374e-02	4.786300923226382e-02
972	4.492763385955245e-02	4.570881896148749e-02
1183	4.462282104388493e-02	4.466835921509630e-02
2115	4.363072668725010e-02	4.365158322401658e-02
3676	4.219200382917576e-02	4.265795188015926e-02
7357	4.165725466251602e-02	4.168693834703355e-02
13601	3.980320108745261e-02	3.981071705534973e-02
24122	3.882668356007168e-02	3.890451449942807e-02
40055	3.798452056830870e-02	3.801893963205612e-02
60531	3.714972727543953e-02	3.715352290971726e-02
78742	3.630771911698649e-02	3.630780547701014e-02
87490	3.539834715225987e-02	3.548133892335755e-02
99313	3.467137594214043e-02	3.467368504525317e-02
115274	3.219952388722347e-02	3.235936569296283e-02
115724	2.982982743884866e-02	3.019951720402016e-02
120000	2.980107825035438e-02	3.019951720402016e-02
%
% index = 471, name = bbob_f008_i15_d02__bbob_f017_i16_d02
% instance = 7, reference value = 9.574369793400030e-01
% function evaluation | indicator value | target hit
1	6.285828420608746e-01	6.309573444801932e-01
4	3.850284525917036e-01	3.890451449942806e-01
5	2.434453196231356e-01	2.454708915685030e-01
32	2.000556991786046e-01	2.041737944669530e-01
80	1.977978250225376e-01	1.995262314968880e-01
99	1.946702689344603e-01	1.949844599758045e-01
143	1.516037758084434e-01	1.548816618912481e-01
155	1.498328017547476e-01	1.513561248436208e-01
165	1.252204555420080e-01	1.258925411794167e-01
175	1.206898802129234e-01	1.230268770812381e-01
215	4.717725079806900e-02	4.786300923226382e-02
247	4.525927473182279e-02	4.570881896148749e-02
251	3.742770229168846e-02	3.801893963205612e-02
297	3.507474196424964e-02	3.548133892335755e-02
357	3.422803247791462e-02	3.467368504525317e-02
380	2.626678617644629e-02	2.630267991895381e-02
400	2.555398933561892e-02	2.570395782768863e-02
415	1.876761321419218e-02	1.905460717963247e-02
434	1.782818327725799e-02	1.819700858609984e-02
543	1.711100948675204e-02	1.737800828749375e-02
572	1.658564474474988e-02	1.659586907437561e-02
625	1.271727469065742e-02	1.288249551693134e-02
668	1.152939063521730e-02	1.174897554939530e-02
698	1.021529716890635e-02	1.023292992280754e-02
762	8.705106079656577e-03	8.709635899560805e-03
848	6.209719271708325e-03	6.309573444801930e-03
876	6.128530437625068e-03	6.165950018614822e-03
905	5.742826369700582e-03	5.754399373371567e-03
924	4.327385058316091e-03	4.365158322401661e-03
929	4.255971285397786e-03	4.265795188015926e-03
1153	3.973131387287054e-03	3.981071705534973e-03
1160	3.858571029463409e-03	3.890451449942805e-03
1185	3.489525181845199e-03	3.548133892335753e-03
1192	3.460189196943575e-03	3.467368504525317e-03
1276	3.356110781603916e-03	3.388441561392024e-03
1281	2.407638296756165e-03	2.454708915685031e-03
1285	2.391592859272484e-03	2.398832919019490e-03
1306	2.277380931340112e-03	2.290867652767772e-03
1489	2.233899773441461e-03	2.238721138568340e-03
1518	2.168692362533697e-03	2.187761623949552e-03
1552	2.121346379403755e-03	2.137962089502233e-03
1614	1.813324484177148e-03	1.819700858609983e-03
1645	1.752064239675888e-03	1.778279410038923e-03
1652	1.671441232216186e-03	1.698243652461744e-03
1970	1.645298136406348e-03	1.659586907437561e-03
2009	1.536904288434671e-03	1.548816618912481e-03
2027	1.105561082543671e-03	1.122018454301963e-03
2076	1.011840021543864e-03	1.023292992280754e-03
2117	8.464197528990081e-04	8.511380382023768e-04
2143	8.271536382049582e-04	8.317637711026709e-04
2563	8.090061274138582e-04	8.128305161640995e-04
2633	7.928061769220118e-04	7.943282347242813e-04
2701	7.717781116434175e-04	7.762471166286919e-04
3228	7.358774108664479e-04	7.413102413009177e-04
3454	7.061493317774836e-04	7.079457843841380e-04
3502	6.787448348654079e-04	6.918309709189362e-04
4484	6.758058123031985e-04	6.760829753919819e-04
4580	6.554395349009923e-04	6.606934480075957e-04
5800	6.034341498941664e-04	6.165950018614823e-04
5871	6.000696822234808e-04	6.025595860743575e-04
5993	5.836395252716287e-04	5.888436553555889e-04
6030	5.728277056730180e-04	5.754399373371566e-04
7780	5.548948411969734e-04	5.623413251903491e-04
8116	5.406233948415107e-04	5.495408738576248e-04
8394	5.327027337682644e-04	5.370317963702527e-04
10730	5.207628606975767e-04	5.248074602497728e-04
11047	5.103787107278990e-04	5.128613839913648e-04
11348	4.924368283858449e-04	5.011872336272725e-04
14130	4.894119541172248e-04	4.897788193684461e-04
14727	4.657916977296450e-04	4.677351412871981e-04
14772	4.543599074987581e-04	4.570881896148752e-04
15766	4.466801833536982e-04	4.466835921509630e-04
20221	4.342664239999072e-04	4.365158322401661e-04
21129	4.265782211632096e-04	4.265795188015926e-04
22691	4.141639932256913e-04	4.168693834703355e-04
28833	3.863592614032907e-04	3.890451449942805e-04
31188	3.783500618972369e-04	3.801893963205612e-04
31727	3.558940315763204e-04	3.630780547701014e-04
32253	3.547295131679506e-04	3.548133892335753e-04
33284	3.424873021462549e-04	3.467368504525317e-04
34733	3.380144065012747e-04	3.388441561392024e-04
42050	3.287230359233506e-04	3.311311214825911e-04
54516	2.968810573209524e-04	3.019951720402016e-04
54636	2.950922010090951e-04	2.951209226666387e-04
58586	2.874391328616666e-04	2.884031503126605e-04
61368	2.551689437778615e-04	2.570395782768865e-04
63529	2.492211443120285e-04	2.511886431509580e-04
66689	2.447958828266650e-04	2.454708915685031e-04
81494	2.398488681586430e-04	2.398832919019490e-04
84028	2.339412937536478e-04	2.344228815319923e-04
86089	2.245716888030769e-04	2.290867652767772e-04
86543	2.228009268697706e-04	2.238721138568340e-04
87707	2.141385603628976e-04	2.187761623949552e-04
87904	2.135696112787189e-04	2.137962089502232e-04
95998	2.082666725520266e-04	2.089296130854039e-04
97592	2.020041613781665e-04	2.041737944669530e-04
98084	1.984512505274205e-04	1.995262314968879e-04
112375	1.946629662306076e-04	1.949844599758046e-04
119514	1.871167699103449e-04	1.905460717963246e-04
120000	1.871013299259427e-04	1.905460717963246e-04
%
% index = 472, name = bbob_f008_i17_d02__bbob_f017_i18_d02
% instance = 8, reference value = 9.691238223943810e-01
% function evaluation | indicator value | target hit
1	1.204504605341418e+02	1.230268770812381e+02
12	3.918687939652288e+01	3.981071705534973e+01
28	3.813599530726791e+01	3.890451449942807e+01
53	6.727668537967155e-01	6.760829753919817e-01
190	4.867165599236960e-01	4.897788193684462e-01
225	4.763107022776111e-01	4.786300923226383e-01
229	4.618233688732755e-01	4.677351412871982e-01
246	3.494729310437081e-01	3.548133892335755e-01
255	3.452991056217941e-01	3.467368504525316e-01
269	3.355433693842507e-01	3.388441561392025e-01
285	3.024293258363026e-01	3.090295432513591e-01
380	2.426937248380203e-01	2.454708915685030e-01
386	2.099153315188358e-01	2.137962089502232e-01
409	1.933164552574933e-01	1.949844599758045e-01
446	1.890860578299576e-01	1.905460717963247e-01
471	1.641693769422745e-01	1.659586907437560e-01
472	1.369863709522208e-01	1.380384264602885e-01
488	8.350134122165787e-02	8.511380382023763e-02
489	8.233925741205184e-02	8.317637711026708e-02
490	8.098813886245715e-02	8.128305161640990e-02
518	7.601226389367277e-02	7.762471166286916e-02
528	7.566856247198861e-02	7.585775750291836e-02
601	7.280292169071101e-02	7.413102413009177e-02
606	4.278975455205725e-02	4.365158322401658e-02
612	4.159736343759435e-02	4.168693834703355e-02
614	3.873440990442523e-02	3.890451449942807e-02
627	3.779574466840729e-02	3.801893963205612e-02
629	3.693083791918794e-02	3.715352290971726e-02
644	3.615516679312425e-02	3.630780547701014e-02
682	3.538872898390555e-02	3.548133892335755e-02
704	2.750224531588985e-02	2.754228703338166e-02
779	2.570731118882996e-02	2.630267991895381e-02
783	2.570115965896347e-02	2.570395782768863e-02
827	2.195151356940772e-02	2.238721138568340e-02
866	2.182906606370316e-02	2.187761623949553e-02
885	1.466089079991262e-02	1.479108388168207e-02
892	1.360573188589531e-02	1.380384264602885e-02
901	1.282637956021848e-02	1.288249551693134e-02
934	1.257383694102576e-02	1.258925411794167e-02
945	1.162124301156642e-02	1.174897554939530e-02
951	7.946127053570784e-03	8.128305161640995e-03
989	7.935443630345596e-03	7.943282347242814e-03
1003	7.603937767209690e-03	7.762471166286920e-03
1012	7.207093430349309e-03	7.244359600749898e-03
1020	5.848742276410634e-03	5.888436553555890e-03
1070	5.716906563542734e-03	5.754399373371567e-03
1095	4.825966606911924e-03	4.897788193684461e-03
1096	4.674423127091987e-03	4.677351412871981e-03
1110	3.221611455728524e-03	3.235936569296281e-03
1122	3.102108378545854e-03	3.162277660168379e-03
1153	3.078265901456212e-03	3.090295432513592e-03
1203	2.901815978049838e-03	2.951209226666387e-03
1215	1.762591700872895e-03	1.778279410038923e-03
1245	1.691696744245408e-03	1.698243652461744e-03
1271	1.651686824103771e-03	1.659586907437561e-03
1274	1.619913456477495e-03	1.621810097358930e-03
1315	1.445164444223823e-03	1.445439770745928e-03
1320	1.398443668952698e-03	1.412537544622754e-03
1342	1.322291538595977e-03	1.348962882591653e-03
1345	1.318098918356436e-03	1.318256738556408e-03
1348	1.263541296775084e-03	1.288249551693134e-03
1349	1.234616744582806e-03	1.258925411794167e-03
1357	1.225647810238595e-03	1.230268770812381e-03
1380	1.190898934624873e-03	1.202264434617413e-03
1392	1.166694262663581e-03	1.174897554939529e-03
1561	9.028083538025200e-04	9.120108393559096e-04
1571	8.732118515850651e-04	8.912509381337459e-04
1590	8.707531863306750e-04	8.709635899560805e-04
1618	8.312124074462135e-04	8.317637711026709e-04
1623	8.117558290656746e-04	8.128305161640995e-04
1676	7.932978641983501e-04	7.943282347242813e-04
1697	7.761605932549154e-04	7.762471166286919e-04
1703	7.268080763919160e-04	7.413102413009177e-04
1705	7.243415392322872e-04	7.244359600749898e-04
1742	6.813374359063706e-04	6.918309709189362e-04
2006	6.749607196125940e-04	6.760829753919819e-04
2046	6.601032982653798e-04	6.606934480075957e-04
2127	6.405168123747584e-04	6.456542290346556e-04
2134	6.301392584435739e-04	6.309573444801930e-04
2189	6.059041462480597e-04	6.165950018614823e-04
2207	5.999865664406689e-04	6.025595860743575e-04
2211	5.817016966246369e-04	5.888436553555889e-04
2248	5.680413216968550e-04	5.754399373371566e-04
2273	5.618743631914391e-04	5.623413251903491e-04
2299	5.458579808104158e-04	5.495408738576248e-04
2326	5.366823066640380e-04	5.370317963702527e-04
2716	5.124703371430783e-04	5.128613839913648e-04
2775	5.010120433875942e-04	5.011872336272725e-04
2852	4.826591656122980e-04	4.897788193684461e-04
2902	4.785746307280903e-04	4.786300923226385e-04
2981	4.676714826784556e-04	4.677351412871981e-04
3585	4.568264018455226e-04	4.570881896148752e-04
3709	4.465759047765916e-04	4.466835921509630e-04
3877	4.364722566160273e-04	4.365158322401661e-04
4026	4.263934514343592e-04	4.265795188015926e-04
4885	4.168456698963041e-04	4.168693834703355e-04
5050	3.965505896952326e-04	3.981071705534974e-04
5242	3.858333419315407e-04	3.890451449942805e-04
5510	3.643114270753811e-04	3.715352290971724e-04
5552	3.630234795340970e-04	3.630780547701014e-04
6649	3.446202673578203e-04	3.467368504525317e-04
7322	3.349185571331903e-04	3.388441561392024e-04
7558	3.284674576623514e-04	3.311311214825911e-04
7680	3.181834368289893e-04	3.235936569296281e-04
7817	3.162220817304329e-04	3.162277660168379e-04
9462	3.010221110796296e-04	3.019951720402016e-04
9981	2.938124110465345e-04	2.951209226666387e-04
10743	2.883508841876603e-04	2.884031503126605e-04
11039	2.811978443488794e-04	2.818382931264455e-04
11748	2.754166419215442e-04	2.754228703338166e-04
12730	2.691501425213794e-04	2.691534803926917e-04
13449	2.610585097483353e-04	2.630267991895381e-04
14282	2.564395021988908e-04	2.570395782768865e-04
15805	2.505874737395164e-04	2.511886431509580e-04
19452	2.448747857028977e-04	2.454708915685031e-04
25666	2.397954587394224e-04	2.398832919019490e-04
28456	2.343666721091875e-04	2.344228815319923e-04
30368	2.289873817081789e-04	2.290867652767772e-04
31692	2.234698253105183e-04	2.238721138568340e-04
31779	2.165714248616446e-04	2.187761623949552e-04
31821	2.127917256541378e-04	2.137962089502232e-04
35095	2.089295851159800e-04	2.089296130854039e-04
35950	1.918307216531856e-04	1.949844599758046e-04
36711	1.896470709801257e-04	1.905460717963246e-04
38406	1.845856672261226e-04	1.862087136662868e-04
38723	1.810007144272818e-04	1.819700858609983e-04
39786	1.613024461012413e-04	1.621810097358930e-04
39791	1.537485206422051e-04	1.548816618912481e-04
43144	1.513378675292998e-04	1.513561248436209e-04
46634	1.468475905613831e-04	1.479108388168207e-04
47980	1.442305191151627e-04	1.445439770745928e-04
50438	1.410838698796546e-04	1.412537544622754e-04
56178	1.379934378362702e-04	1.380384264602885e-04
57630	1.348487460038905e-04	1.348962882591653e-04
58846	1.291067975544014e-04	1.318256738556407e-04
59736	1.284634374908444e-04	1.288249551693134e-04
63240	1.257746025564721e-04	1.258925411794167e-04
63559	1.179874538007608e-04	1.202264434617413e-04
64611	1.174750665048352e-04	1.174897554939529e-04
64953	1.145753498313917e-04	1.148153621496883e-04
70751	1.121428037885730e-04	1.122018454301963e-04
71221	9.924934720972889e-05	1.000000000000000e-04
80876	9.772161568355475e-05	9.772372209558111e-05
89015	8.706989052054137e-05	8.709635899560814e-05
117322	8.510865727195949e-05	8.511380382023759e-05
120001	8.502637530083401e-05	8.511380382023759e-05
%
% index = 473, name = bbob_f008_i19_d02__bbob_f017_i21_d02
% instance = 9, reference value = 7.216002178822410e-01
% function evaluation | indicator value | target hit
1	1.429604766057241e+00	1.445439770745927e+00
25	9.475371234562410e-01	9.549925860214360e-01
57	8.437082974067410e-01	8.511380382023764e-01
86	7.047052039797819e-01	7.079457843841379e-01
87	5.597905199329563e-01	5.623413251903491e-01
209	4.976312061492578e-01	5.011872336272722e-01
261	2.526659265385241e-01	2.570395782768864e-01
359	2.192101697681744e-01	2.238721138568339e-01
367	1.993127853117339e-01	1.995262314968880e-01
387	1.876612769998512e-01	1.905460717963247e-01
394	1.752051712037561e-01	1.778279410038923e-01
401	1.487680402643714e-01	1.513561248436208e-01
431	1.373688634654412e-01	1.380384264602885e-01
478	1.307199628034960e-01	1.318256738556407e-01
518	1.238592332371732e-01	1.258925411794167e-01
552	1.227268682851561e-01	1.230268770812381e-01
582	1.144176952926538e-01	1.148153621496883e-01
608	1.010609086462719e-01	1.023292992280754e-01
692	9.717204596522921e-02	9.772372209558107e-02
801	7.645026496600826e-02	7.762471166286916e-02
855	6.263312820011568e-02	6.309573444801933e-02
1087	6.018301497121059e-02	6.025595860743578e-02
1165	5.267735597191736e-02	5.370317963702527e-02
1324	5.041531283256107e-02	5.128613839913648e-02
1399	4.997448595855147e-02	5.011872336272722e-02
1486	4.075555224613248e-02	4.168693834703355e-02
1488	4.071807347981304e-02	4.073802778041128e-02
1489	3.877363439273052e-02	3.890451449942807e-02
1554	3.759487803253914e-02	3.801893963205612e-02
1598	2.838046313021325e-02	2.884031503126606e-02
1604	2.781809757218556e-02	2.818382931264454e-02
1652	2.309492071633001e-02	2.344228815319923e-02
1708	2.239997173544861e-02	2.290867652767773e-02
1714	2.029325727303688e-02	2.041737944669529e-02
1903	1.988922169388885e-02	1.995262314968880e-02
2085	1.898347543055556e-02	1.905460717963247e-02
2146	1.846580019448563e-02	1.862087136662868e-02
2523	1.817468481614515e-02	1.819700858609984e-02
3169	1.737809171588933e-02	1.778279410038923e-02
3180	1.737637030101713e-02	1.737800828749375e-02
3183	1.680394934397544e-02	1.698243652461744e-02
3188	1.499978509569655e-02	1.513561248436208e-02
3275	1.463759227904404e-02	1.479108388168207e-02
3355	1.438851145109998e-02	1.445439770745927e-02
4087	1.411652442137978e-02	1.412537544622754e-02
4255	1.373511486057510e-02	1.380384264602885e-02
7012	1.347284479034783e-02	1.348962882591653e-02
7225	1.305947560856602e-02	1.318256738556407e-02
9438	1.229725103458468e-02	1.230268770812382e-02
9743	1.200759873360424e-02	1.202264434617413e-02
9757	9.541526122009092e-03	9.549925860214359e-03
12950	9.147281326734369e-03	9.332543007969915e-03
13780	9.108679245974360e-03	9.120108393559097e-03
17759	8.855219451263441e-03	8.912509381337459e-03
18626	8.614872821891106e-03	8.709635899560805e-03
26067	8.502399380340919e-03	8.511380382023767e-03
28607	7.489502820394733e-03	7.585775750291836e-03
29445	7.402690528547362e-03	7.413102413009177e-03
29908	7.029938368850130e-03	7.079457843841380e-03
30180	6.918139206290141e-03	6.918309709189363e-03
34048	6.735264102531113e-03	6.760829753919818e-03
43785	5.327460595023203e-03	5.370317963702527e-03
45385	5.225218953451516e-03	5.248074602497728e-03
48600	5.076420385374925e-03	5.128613839913648e-03
48927	4.982563075956015e-03	5.011872336272725e-03
51261	4.878972343813293e-03	4.897788193684461e-03
54177	4.645725229237563e-03	4.677351412871981e-03
55855	4.096152053670865e-03	4.168693834703355e-03
55943	4.070482995177982e-03	4.073802778041126e-03
60564	3.900604526763440e-03	3.981071705534973e-03
71279	3.890376471833989e-03	3.890451449942805e-03
72792	3.778758845255803e-03	3.801893963205613e-03
74073	3.712833629735512e-03	3.715352290971724e-03
76917	3.616286410461300e-03	3.630780547701014e-03
77278	3.542432875887402e-03	3.548133892335753e-03
78817	3.379763536043079e-03	3.388441561392024e-03
79700	3.293456935763883e-03	3.311311214825911e-03
80530	3.210738566461147e-03	3.235936569296281e-03
81834	3.150933289423508e-03	3.162277660168379e-03
99023	3.082184352004913e-03	3.090295432513592e-03
100832	2.980123441819416e-03	3.019951720402016e-03
103032	2.609670320475987e-03	2.630267991895381e-03
104013	2.564819296724918e-03	2.570395782768865e-03
106101	2.449604156389951e-03	2.454708915685031e-03
109842	2.398173122719394e-03	2.398832919019490e-03
113513	2.336690180810286e-03	2.344228815319923e-03
125396	2.316203211468193e-03	2.344228815319923e-03
%
% index = 474, name = bbob_f008_i21_d02__bbob_f017_i22_d02
% instance = 10, reference value = 6.508413088131760e-01
% function evaluation | indicator value | target hit
1	2.312493202322890e+01	2.344228815319923e+01
21	1.495618138817069e+01	1.513561248436208e+01
65	1.300440426041631e+01	1.318256738556407e+01
72	1.115202239396660e+01	1.122018454301964e+01
81	6.281497542619045e+00	6.309573444801933e+00
149	5.247381611329176e+00	5.248074602497725e+00
183	1.653241233587676e+00	1.659586907437561e+00
353	1.191906076788676e+00	1.202264434617413e+00
355	9.959929409646761e-01	1.000000000000000e+00
396	3.601883569387565e-01	3.630780547701014e-01
399	2.131965017625999e-01	2.137962089502232e-01
418	1.741384698945116e-01	1.778279410038923e-01
436	1.689347952911515e-01	1.698243652461744e-01
484	1.421839107525964e-01	1.445439770745928e-01
489	1.301969480583447e-01	1.318256738556407e-01
496	1.254452380227963e-01	1.258925411794167e-01
616	6.752987287213752e-02	6.760829753919818e-02
619	6.290344942173243e-02	6.309573444801933e-02
630	4.625956230528050e-02	4.677351412871981e-02
637	4.169058689333538e-02	4.265795188015926e-02
690	4.160388461690878e-02	4.168693834703355e-02
710	3.878708364217220e-02	3.890451449942807e-02
726	3.788621090112776e-02	3.801893963205612e-02
734	3.657119434574663e-02	3.715352290971726e-02
748	3.627597911006541e-02	3.630780547701014e-02
793	3.538335444620011e-02	3.548133892335755e-02
803	3.451919150743465e-02	3.467368504525317e-02
845	3.045170976253664e-02	3.090295432513590e-02
849	3.018173263657387e-02	3.019951720402016e-02
936	2.944051486162780e-02	2.951209226666385e-02
983	2.868744562655201e-02	2.884031503126606e-02
999	2.814219207069946e-02	2.818382931264454e-02
1063	2.748715800039570e-02	2.754228703338166e-02
1067	2.674902071792573e-02	2.691534803926915e-02
1120	2.629174203493811e-02	2.630267991895381e-02
1394	1.606553574203795e-02	1.621810097358930e-02
1414	1.581034491068367e-02	1.584893192461113e-02
1463	1.463228808325212e-02	1.479108388168207e-02
1464	1.383173843631813e-02	1.412537544622754e-02
1465	1.379572566261511e-02	1.380384264602885e-02
1925	1.037723178607142e-02	1.047128548050900e-02
1991	1.012059938535281e-02	1.023292992280754e-02
2069	9.989807414954810e-03	1.000000000000000e-02
2518	9.511937038162777e-03	9.549925860214359e-03
2686	8.988855488660019e-03	9.120108393559097e-03
2704	8.891053354647238e-03	8.912509381337459e-03
2749	8.399368616056502e-03	8.511380382023767e-03
3589	8.314916198845390e-03	8.317637711026709e-03
3761	6.792512964360786e-03	6.918309709189363e-03
3850	6.758286503590671e-03	6.760829753919818e-03
5201	5.571414393939156e-03	5.623413251903491e-03
5231	5.486087335708545e-03	5.495408738576248e-03
5317	5.368603255931359e-03	5.370317963702527e-03
5379	5.190193396955145e-03	5.248074602497728e-03
5469	4.885621772678705e-03	4.897788193684461e-03
5608	4.779718925051579e-03	4.786300923226385e-03
5919	4.591280177803414e-03	4.677351412871981e-03
7700	4.556546089203528e-03	4.570881896148752e-03
7763	4.425143705653611e-03	4.466835921509630e-03
7764	4.227764202150430e-03	4.265795188015926e-03
7968	4.103047768116541e-03	4.168693834703355e-03
8396	4.043399122734881e-03	4.073802778041126e-03
8458	3.852538044674003e-03	3.890451449942805e-03
8861	3.762925005918016e-03	3.801893963205613e-03
9471	3.605225503346854e-03	3.630780547701014e-03
9860	3.366913987097209e-03	3.388441561392024e-03
9888	3.225650234013000e-03	3.235936569296281e-03
11929	3.146348127416654e-03	3.162277660168379e-03
12151	2.541826966498517e-03	2.570395782768865e-03
15543	2.510910686300827e-03	2.511886431509579e-03
19887	2.320303404418134e-03	2.344228815319923e-03
22289	2.289686835032723e-03	2.290867652767772e-03
22871	2.215568215991448e-03	2.238721138568340e-03
23232	2.136720705754214e-03	2.137962089502233e-03
23537	1.782828627824529e-03	1.819700858609983e-03
23540	1.762996426133534e-03	1.778279410038923e-03
24258	1.737106734804872e-03	1.737800828749376e-03
24625	1.616868375203362e-03	1.621810097358930e-03
24649	1.316458137380128e-03	1.318256738556408e-03
25341	1.284648872790894e-03	1.288249551693134e-03
25543	1.211904352575455e-03	1.230268770812381e-03
25608	1.201178187590912e-03	1.202264434617413e-03
25709	1.081661536946554e-03	1.096478196143185e-03
26237	1.068166922610136e-03	1.071519305237606e-03
27186	1.046407863001808e-03	1.047128548050900e-03
27529	1.021609461885897e-03	1.023292992280754e-03
28195	9.967266571515587e-04	1.000000000000000e-03
29210	9.602261552826841e-04	9.772372209558111e-04
29658	9.541210319442550e-04	9.549925860214359e-04
32222	8.930210824560358e-04	9.120108393559096e-04
32344	8.903430898394848e-04	8.912509381337459e-04
32406	8.630570106336055e-04	8.709635899560805e-04
32512	8.460991167485998e-04	8.511380382023768e-04
32959	8.192798009659663e-04	8.317637711026709e-04
33140	8.120643544330397e-04	8.128305161640995e-04
33570	7.914163731960189e-04	7.943282347242813e-04
34237	7.682130963226896e-04	7.762471166286919e-04
34478	7.572349988692606e-04	7.585775750291835e-04
34691	7.216003510071012e-04	7.244359600749898e-04
34961	7.050972159012847e-04	7.079457843841380e-04
35141	6.880117793282015e-04	6.918309709189362e-04
35811	6.760254040337754e-04	6.760829753919819e-04
36767	6.604809459422878e-04	6.606934480075957e-04
37813	6.455123073891844e-04	6.456542290346556e-04
39667	6.307690628261087e-04	6.309573444801930e-04
42027	6.088347025715590e-04	6.165950018614823e-04
42815	6.013852658235397e-04	6.025595860743575e-04
45501	5.887249104954417e-04	5.888436553555889e-04
46034	5.742679231321990e-04	5.754399373371566e-04
46421	5.383591810991240e-04	5.495408738576248e-04
46593	5.361847126846842e-04	5.370317963702527e-04
46752	5.240153086499832e-04	5.248074602497728e-04
47298	5.126659091519992e-04	5.128613839913648e-04
47997	5.008646573837483e-04	5.011872336272725e-04
49061	4.897227182785180e-04	4.897788193684461e-04
49876	4.786094441030508e-04	4.786300923226385e-04
51509	4.676522932699489e-04	4.677351412871981e-04
53493	4.570049406685817e-04	4.570881896148752e-04
54526	4.380646960016055e-04	4.466835921509630e-04
55106	4.364649101981088e-04	4.365158322401661e-04
58161	4.261182113493023e-04	4.265795188015926e-04
58748	4.168389907586167e-04	4.168693834703355e-04
59237	4.072441879805488e-04	4.073802778041126e-04
59940	3.971523679460187e-04	3.981071705534974e-04
60392	3.890275360978190e-04	3.890451449942805e-04
60890	3.780067023230194e-04	3.801893963205612e-04
61526	3.714136906823873e-04	3.715352290971724e-04
62243	3.621219723463076e-04	3.630780547701014e-04
63430	3.547327597374084e-04	3.548133892335753e-04
64192	3.421946528224806e-04	3.467368504525317e-04
64246	3.304677706583714e-04	3.311311214825911e-04
64783	3.132079714335267e-04	3.162277660168379e-04
66105	3.008552887082683e-04	3.019951720402016e-04
66719	2.903288546689531e-04	2.951209226666387e-04
66793	2.847171638574730e-04	2.884031503126605e-04
67536	2.808194064806147e-04	2.818382931264455e-04
67659	2.741408713288207e-04	2.754228703338166e-04
71244	2.658778158610708e-04	2.691534803926917e-04
71248	2.551806521206013e-04	2.570395782768865e-04
71523	2.508881699118115e-04	2.511886431509580e-04
71630	2.413594304976341e-04	2.454708915685031e-04
71649	2.296458206528795e-04	2.344228815319923e-04
71685	2.290155258034554e-04	2.290867652767772e-04
71789	2.237750772947633e-04	2.238721138568340e-04
71972	2.141668289645793e-04	2.187761623949552e-04
71993	2.122608921908409e-04	2.137962089502232e-04
72325	2.052361914763878e-04	2.089296130854039e-04
72528	2.033738363723669e-04	2.041737944669530e-04
72654	1.989104150974530e-04	1.995262314968879e-04
72898	1.949643184150363e-04	1.949844599758046e-04
73149	1.904822379232840e-04	1.905460717963246e-04
73205	1.853818482406844e-04	1.862087136662868e-04
73370	1.818992423863186e-04	1.819700858609983e-04
73567	1.755655221837849e-04	1.778279410038923e-04
73692	1.700442962300208e-04	1.737800828749376e-04
73745	1.678251257726249e-04	1.698243652461744e-04
73807	1.659278657963892e-04	1.659586907437562e-04
74178	1.607919495805188e-04	1.621810097358930e-04
74531	1.574995069174578e-04	1.584893192461114e-04
74641	1.526887060739890e-04	1.548816618912481e-04
74794	1.513379644232371e-04	1.513561248436209e-04
75501	1.478857873948858e-04	1.479108388168207e-04
75838	1.424158709208978e-04	1.445439770745928e-04
75972	1.395673050000878e-04	1.412537544622754e-04
76136	1.378451723484941e-04	1.380384264602885e-04
76350	1.339060538878556e-04	1.348962882591653e-04
76759	1.317590608981289e-04	1.318256738556407e-04
77023	1.287894939814294e-04	1.288249551693134e-04
77783	1.258391682974480e-04	1.258925411794167e-04
78070	1.229686578756439e-04	1.230268770812381e-04
78784	1.201025809849376e-04	1.202264434617413e-04
79357	1.172027001021814e-04	1.174897554939529e-04
82196	1.143673781994758e-04	1.148153621496883e-04
82325	1.119172398936774e-04	1.122018454301963e-04
82455	1.095564954080031e-04	1.096478196143185e-04
82616	1.067512697612294e-04	1.071519305237606e-04
82827	1.041801792471819e-04	1.047128548050900e-04
83229	1.021344772302868e-04	1.023292992280754e-04
83541	9.994471858543186e-05	1.000000000000000e-04
83849	9.698191280482771e-05	9.772372209558111e-05
84117	9.547511888552407e-05	9.549925860214369e-05
84339	9.315870937476323e-05	9.332543007969905e-05
84787	9.104579495566867e-05	9.120108393559096e-05
85269	8.895765186145432e-05	8.912509381337459e-05
85678	8.667230833803163e-05	8.709635899560814e-05
86076	8.507373712707267e-05	8.511380382023759e-05
86629	8.293111223844907e-05	8.317637711026709e-05
87546	8.118994409667124e-05	8.128305161640995e-05
88144	7.943162912116275e-05	7.943282347242822e-05
88576	7.445497240632371e-05	7.585775750291836e-05
88700	7.405544130245634e-05	7.413102413009176e-05
89119	7.128264215316982e-05	7.244359600749906e-05
89672	7.076132795158507e-05	7.079457843841373e-05
94141	6.915021022912970e-05	6.918309709189363e-05
94854	6.760808020234155e-05	6.760829753919819e-05
95607	6.606290965061046e-05	6.606934480075965e-05
96372	6.455350010603489e-05	6.456542290346549e-05
97447	6.307987303189044e-05	6.309573444801929e-05
98030	6.163994875896250e-05	6.165950018614822e-05
98490	5.945503333393276e-05	6.025595860743581e-05
98901	5.825391657376944e-05	5.888436553555884e-05
99642	5.749328581650115e-05	5.754399373371566e-05
100899	5.621528043209256e-05	5.623413251903491e-05
102360	5.494686537010907e-05	5.495408738576248e-05
103106	5.370130888726621e-05	5.370317963702532e-05
107134	5.247029812094350e-05	5.248074602497723e-05
107834	5.127158292517198e-05	5.128613839913648e-05
108707	5.005725078932599e-05	5.011872336272725e-05
109623	4.804297701388460e-05	4.897788193684466e-05
113014	4.784440624883146e-05	4.786300923226380e-05
113945	4.677345779080522e-05	4.677351412871981e-05
114394	4.488697933602293e-05	4.570881896148752e-05
114635	4.465786069496325e-05	4.466835921509635e-05
115621	4.365124314564817e-05	4.365158322401657e-05
116565	4.254015237736830e-05	4.265795188015926e-05
120533	4.174245612575955e-05	4.265795188015926e-05
%
% index = 475, name = bbob_f008_i23_d02__bbob_f017_i24_d02
% instance = 11, reference value = 1.000000000000000e+00
% function evaluation | indicator value | target hit
1	2.745889086948321e+01	2.754228703338166e+01
3	1.410839202833450e+01	1.412537544622754e+01
4	1.173754772693750e+01	1.174897554939530e+01
34	1.004117576605588e+01	1.023292992280754e+01
69	8.719072934796262e+00	8.912509381337454e+00
72	3.670084581686277e+00	3.715352290971725e+00
75	2.099069482568848e+00	2.137962089502232e+00
215	1.280104445985812e+00	1.288249551693134e+00
387	9.803333060783118e-01	1.000000000000000e+00
512	9.543696257045702e-01	9.549925860214360e-01
532	9.320565371205900e-01	9.332543007969910e-01
551	8.555641284948260e-01	8.709635899560807e-01
649	8.081107862799903e-01	8.128305161640993e-01
773	7.654935138480053e-01	7.762471166286917e-01
980	7.581062355765199e-01	7.585775750291838e-01
1070	7.320693468674051e-01	7.413102413009175e-01
1207	7.241109587846476e-01	7.244359600749900e-01
1818	7.079323359141321e-01	7.079457843841379e-01
4095	6.907284791961619e-01	6.918309709189365e-01
5365	6.748440688551272e-01	6.760829753919817e-01
120000	6.611154603734266e-01	6.760829753919817e-01
%
% index = 476, name = bbob_f008_i25_d02__bbob_f017_i26_d02
% instance = 12, reference value = 1.000000000000000e+00
% function evaluation | indicator value | target hit
1	5.707646324319605e-01	5.754399373371569e-01
9	4.413303390376576e-01	4.466835921509631e-01
34	3.262402265826135e-01	3.311311214825911e-01
61	3.176811240493395e-01	3.235936569296283e-01
73	2.305459630829195e-01	2.344228815319922e-01
131	1.894909519905780e-01	1.905460717963247e-01
135	1.775973596461197e-01	1.778279410038923e-01
142	7.163996042729659e-02	7.244359600749903e-02
169	6.952019941464871e-02	7.079457843841380e-02
179	6.914925129351790e-02	6.918309709189366e-02
216	5.220407174942809e-02	5.248074602497726e-02
221	4.698493137658266e-02	4.786300923226382e-02
233	4.663021705084314e-02	4.677351412871981e-02
270	4.544969385285325e-02	4.570881896148749e-02
272	4.460195709176529e-02	4.466835921509630e-02
284	4.357697476645206e-02	4.365158322401658e-02
285	4.224612536567796e-02	4.265795188015926e-02
331	4.149662812420829e-02	4.168693834703355e-02
344	4.036487611597239e-02	4.073802778041128e-02
355	3.933200579525586e-02	3.981071705534973e-02
363	3.865723765415940e-02	3.890451449942807e-02
368	3.801173957129722e-02	3.801893963205612e-02
425	3.682443581341810e-02	3.715352290971726e-02
511	3.616332753097939e-02	3.630780547701014e-02
536	3.529421098238239e-02	3.548133892335755e-02
643	3.418111566290538e-02	3.467368504525317e-02
649	3.339329359243981e-02	3.388441561392026e-02
693	3.304750245500232e-02	3.311311214825911e-02
951	3.221645334202239e-02	3.235936569296283e-02
1369	3.159793688546564e-02	3.162277660168379e-02
1736	3.089970982447632e-02	3.090295432513590e-02
7628	3.019427867937186e-02	3.019951720402016e-02
120001	2.967541835753029e-02	3.019951720402016e-02
%
% index = 477, name = bbob_f008_i27_d02__bbob_f017_i28_d02
% instance = 13, reference value = 1.000000000000000e+00
% function evaluation | indicator value | target hit
1	3.803172452863000e+00	3.890451449942806e+00
19	3.295844253353670e-01	3.311311214825911e-01
21	3.079954140655657e-01	3.090295432513591e-01
36	2.494119136507964e-01	2.511886431509580e-01
81	2.228234491557430e-01	2.238721138568339e-01
115	2.152649758534438e-01	2.187761623949552e-01
118	2.134639929228839e-01	2.137962089502232e-01
163	2.003186891852415e-01	2.041737944669530e-01
203	1.793280507177364e-01	1.819700858609984e-01
218	1.773061030561015e-01	1.778279410038923e-01
251	1.679536697895514e-01	1.698243652461744e-01
256	1.651621695014069e-01	1.659586907437560e-01
360	1.372972130576846e-01	1.380384264602885e-01
391	1.266902900817068e-01	1.288249551693134e-01
413	1.228330608634631e-01	1.230268770812381e-01
515	1.200248377997508e-01	1.202264434617413e-01
529	1.164776618873082e-01	1.174897554939529e-01
567	1.146015945815210e-01	1.148153621496883e-01
586	1.084655532322233e-01	1.096478196143185e-01
652	1.070769343169927e-01	1.071519305237607e-01
763	9.931044497346475e-02	1.000000000000000e-01
795	9.732660821491090e-02	9.772372209558107e-02
843	9.540247230024290e-02	9.549925860214359e-02
887	9.221313924575569e-02	9.332543007969910e-02
1182	9.050693145105138e-02	9.120108393559097e-02
1422	8.910154675641135e-02	8.912509381337455e-02
1799	8.456455356670345e-02	8.511380382023763e-02
2309	8.315028208016262e-02	8.317637711026708e-02
8257	8.068851556823098e-02	8.128305161640990e-02
105788	7.942330848236023e-02	7.943282347242814e-02
120000	7.937621043486243e-02	7.943282347242814e-02
%
% index = 478, name = bbob_f008_i29_d02__bbob_f017_i30_d02
% instance = 14, reference value = 1.000000000000000e+00
% function evaluation | indicator value | target hit
1	6.806042768739500e+00	6.918309709189364e+00
35	3.428750435043500e+00	3.467368504525317e+00
45	1.542689509773934e+00	1.548816618912481e+00
46	1.212104952826000e+00	1.230268770812382e+00
205	7.959699828495519e-01	8.128305161640993e-01
221	5.278264792276346e-01	5.370317963702527e-01
224	5.085671489652562e-01	5.128613839913648e-01
228	3.998367803513984e-01	4.073802778041127e-01
245	3.485243794197221e-01	3.548133892335755e-01
251	3.406237833330185e-01	3.467368504525316e-01
267	2.907043687476777e-01	2.951209226666385e-01
278	1.560809858350569e-01	1.584893192461113e-01
285	1.511935644034622e-01	1.513561248436208e-01
305	1.289134803534842e-01	1.318256738556407e-01
312	1.170638665306393e-01	1.174897554939529e-01
345	8.774602038893864e-02	8.912509381337455e-02
361	7.991130260216406e-02	8.128305161640990e-02
385	7.326497307483781e-02	7.413102413009177e-02
399	6.747996709365778e-02	6.760829753919818e-02
408	5.279442236166410e-02	5.370317963702527e-02
410	5.168767327811497e-02	5.248074602497726e-02
418	5.073187082555897e-02	5.128613839913648e-02
424	5.011754428491066e-02	5.011872336272722e-02
458	4.864037837835677e-02	4.897788193684462e-02
500	4.195552099498268e-02	4.265795188015926e-02
504	4.111024855980949e-02	4.168693834703355e-02
519	4.037344739290549e-02	4.073802778041128e-02
554	3.911759370676715e-02	3.981071705534973e-02
631	3.862437848034450e-02	3.890451449942807e-02
710	3.796160894649581e-02	3.801893963205612e-02
746	3.713230394172107e-02	3.715352290971726e-02
786	3.625032597826816e-02	3.630780547701014e-02
794	3.531475753343638e-02	3.548133892335755e-02
878	3.466994288267800e-02	3.467368504525317e-02
1210	3.269515389410793e-02	3.311311214825911e-02
1509	3.235870039898869e-02	3.235936569296283e-02
1943	3.119731812835147e-02	3.162277660168379e-02
2692	3.055412848136385e-02	3.090295432513590e-02
3102	3.012291173156301e-02	3.019951720402016e-02
4045	2.949957863256891e-02	2.951209226666385e-02
10260	2.882663043558009e-02	2.884031503126606e-02
26318	2.818247756488124e-02	2.818382931264454e-02
118902	2.703783607194810e-02	2.754228703338166e-02
120000	2.703782665504928e-02	2.754228703338166e-02
%
% index = 479, name = bbob_f008_i31_d02__bbob_f017_i34_d02
% instance = 15, reference value = 1.000000000000000e+00
% function evaluation | indicator value | target hit
1	5.584190282472500e+00	5.623413251903491e+00
2	1.057432418003000e+00	1.071519305237606e+00
8	6.913676072952442e-01	6.918309709189365e-01
33	6.651237466370805e-01	6.760829753919817e-01
69	5.966117099902879e-01	6.025595860743578e-01
70	5.380606225644615e-01	5.495408738576245e-01
91	5.260617805284242e-01	5.370317963702527e-01
94	5.119353477682506e-01	5.128613839913648e-01
162	4.846188228720142e-01	4.897788193684462e-01
192	4.371818318039415e-01	4.466835921509631e-01
204	4.350355694817225e-01	4.365158322401660e-01
228	3.272224703058779e-01	3.311311214825911e-01
272	3.119567281784741e-01	3.162277660168379e-01
284	2.759254451456645e-01	2.818382931264454e-01
323	2.728698188461205e-01	2.754228703338166e-01
400	2.646096150596065e-01	2.691534803926916e-01
408	2.624332292668442e-01	2.630267991895382e-01
436	2.569825634514308e-01	2.570395782768864e-01
507	2.499511888350746e-01	2.511886431509580e-01
678	2.395241524246399e-01	2.398832919019490e-01
711	2.276851532771108e-01	2.290867652767773e-01
958	2.236769340402497e-01	2.238721138568339e-01
1316	2.170213856371096e-01	2.187761623949552e-01
2303	2.130999707359498e-01	2.137962089502232e-01
3257	2.087064437298985e-01	2.089296130854039e-01
66132	2.037959421053539e-01	2.041737944669530e-01
120001	2.030197551965093e-01	2.041737944669530e-01
