%
% index = 885, name = bbob_f001_i02_d03__bbob_f013_i04_d03
% instance = 1, reference value = 7.284753484741970e-01
% function evaluation | indicator value | target hit
1	3.558396766152174e-01	3.630780547701014e-01
2	2.872940360573112e-01	2.884031503126606e-01
9	2.638849237576165e-01	2.691534803926916e-01
11	2.597006124723115e-01	2.630267991895382e-01
12	2.246539900131951e-01	2.290867652767773e-01
15	2.178412125610897e-01	2.187761623949552e-01
19	2.135806940760787e-01	2.137962089502232e-01
40	2.057902813944239e-01	2.089296130854039e-01
65	2.018641384473062e-01	2.041737944669530e-01
83	1.965379541399459e-01	1.995262314968880e-01
102	1.770703613713012e-01	1.778279410038923e-01
104	1.505331989078308e-01	1.513561248436208e-01
129	1.466355187318216e-01	1.479108388168208e-01
181	1.423414459722901e-01	1.445439770745928e-01
192	1.358993737202974e-01	1.380384264602885e-01
205	1.325435496050491e-01	1.348962882591654e-01
220	1.317627046884551e-01	1.318256738556407e-01
230	1.246471224579062e-01	1.258925411794167e-01
231	1.210556038426001e-01	1.230268770812381e-01
265	1.198540429508554e-01	1.202264434617413e-01
273	1.169156662726489e-01	1.174897554939529e-01
290	1.128841508452537e-01	1.148153621496883e-01
291	1.121635192342203e-01	1.122018454301964e-01
317	1.026000611387952e-01	1.047128548050900e-01
331	1.022344092853122e-01	1.023292992280754e-01
363	9.675938975313503e-02	9.772372209558107e-02
398	9.514879203383197e-02	9.549925860214359e-02
405	8.311406658557097e-02	8.317637711026708e-02
415	7.948230515754151e-02	8.128305161640990e-02
419	7.873026912668157e-02	7.943282347242814e-02
439	7.747991094052187e-02	7.762471166286916e-02
469	6.365781197164377e-02	6.456542290346556e-02
479	6.293642388655452e-02	6.309573444801933e-02
524	6.130512375093711e-02	6.165950018614822e-02
546	5.831283676567633e-02	5.888436553555890e-02
561	5.743385772826115e-02	5.754399373371569e-02
583	5.618817650961561e-02	5.623413251903491e-02
628	4.446481766002874e-02	4.466835921509630e-02
755	4.351011913011393e-02	4.365158322401658e-02
805	4.234552675102221e-02	4.265795188015926e-02
825	3.828732252818257e-02	3.890451449942807e-02
847	3.725348460530953e-02	3.801893963205612e-02
851	3.713802894246099e-02	3.715352290971726e-02
899	3.583486519455092e-02	3.630780547701014e-02
934	3.516963139965645e-02	3.548133892335755e-02
1162	3.465632582950817e-02	3.467368504525317e-02
1173	3.382232129834373e-02	3.388441561392026e-02
1178	3.308885756393132e-02	3.311311214825911e-02
1195	3.230769669020050e-02	3.235936569296283e-02
1205	3.139650376758008e-02	3.162277660168379e-02
1207	3.049800402582237e-02	3.090295432513590e-02
1208	3.006036262671408e-02	3.019951720402016e-02
1235	2.859210152985936e-02	2.884031503126606e-02
1249	2.814283683621932e-02	2.818382931264454e-02
1276	2.753867871439197e-02	2.754228703338166e-02
1306	2.682788906799483e-02	2.691534803926915e-02
1334	2.628968447234836e-02	2.630267991895381e-02
1351	2.562111260336997e-02	2.570395782768863e-02
1664	2.461597740415189e-02	2.511886431509579e-02
1667	2.448910797022563e-02	2.454708915685030e-02
1699	2.397411462784604e-02	2.398832919019490e-02
1705	2.297667773599299e-02	2.344228815319923e-02
1706	2.215950858719018e-02	2.238721138568340e-02
1718	2.029962069644553e-02	2.041737944669529e-02
1720	1.972595752554518e-02	1.995262314968880e-02
1735	1.949377619144443e-02	1.949844599758046e-02
1744	1.876145686479380e-02	1.905460717963247e-02
1750	1.861883821734933e-02	1.862087136662868e-02
1781	1.805636916803055e-02	1.819700858609984e-02
1793	1.739876427483233e-02	1.778279410038923e-02
1794	1.731688179225921e-02	1.737800828749375e-02
1797	1.698239295127202e-02	1.698243652461744e-02
1819	1.636360261426151e-02	1.659586907437561e-02
1856	1.540453841247946e-02	1.548816618912481e-02
2359	1.476865702802499e-02	1.479108388168207e-02
2406	1.443994930172099e-02	1.445439770745927e-02
2417	1.360958108309629e-02	1.380384264602885e-02
2431	1.347457643922279e-02	1.348962882591653e-02
2436	1.148786502756383e-02	1.174897554939530e-02
2438	1.143406652036205e-02	1.148153621496883e-02
2439	1.101724633364531e-02	1.122018454301964e-02
2449	1.089060462886260e-02	1.096478196143185e-02
2470	1.052084942050990e-02	1.071519305237606e-02
2503	1.045337813245162e-02	1.047128548050900e-02
2514	9.677881685511647e-03	9.772372209558112e-03
2525	9.530545570340720e-03	9.549925860214359e-03
2565	9.325382154103612e-03	9.332543007969915e-03
2589	9.081340326719367e-03	9.120108393559097e-03
2617	8.903077550508343e-03	8.912509381337459e-03
2713	8.527817220068679e-03	8.709635899560805e-03
2718	8.501291300030855e-03	8.511380382023767e-03
3489	8.221388619497172e-03	8.317637711026709e-03
3497	8.087092379027383e-03	8.128305161640995e-03
3557	7.939500172191916e-03	7.943282347242814e-03
3634	7.739507599443862e-03	7.762471166286920e-03
3690	7.561982257340394e-03	7.585775750291836e-03
3744	7.212933574419322e-03	7.244359600749898e-03
3789	7.073183926983861e-03	7.079457843841380e-03
3843	6.901500426606089e-03	6.918309709189363e-03
5095	6.759166299635244e-03	6.760829753919818e-03
5111	6.605977255652484e-03	6.606934480075957e-03
5173	6.455517336247052e-03	6.456542290346556e-03
5210	6.298119402051605e-03	6.309573444801930e-03
5254	6.165021687657091e-03	6.165950018614822e-03
5365	6.018266609758682e-03	6.025595860743574e-03
5389	5.878315831365888e-03	5.888436553555890e-03
5391	5.743107997175367e-03	5.754399373371567e-03
5430	5.552752210943090e-03	5.623413251903491e-03
7188	5.471157293805429e-03	5.495408738576248e-03
7266	5.361329007022020e-03	5.370317963702527e-03
7322	5.247927954668330e-03	5.248074602497728e-03
7394	5.111726893878621e-03	5.128613839913648e-03
7494	5.008807102819812e-03	5.011872336272725e-03
7567	4.897623353682157e-03	4.897788193684461e-03
10103	4.781321042373166e-03	4.786300923226385e-03
10256	4.676351076648100e-03	4.677351412871981e-03
10352	4.554852675172305e-03	4.570881896148752e-03
10487	4.466822014360217e-03	4.466835921509630e-03
10511	4.360864193512115e-03	4.365158322401661e-03
10670	4.259484337090114e-03	4.265795188015926e-03
10861	4.168574483842891e-03	4.168693834703355e-03
14343	4.072988839755598e-03	4.073802778041126e-03
14486	3.964426568985324e-03	3.981071705534973e-03
14642	3.878197377706005e-03	3.890451449942805e-03
14822	3.801799794168503e-03	3.801893963205613e-03
15808	3.657062280480239e-03	3.715352290971724e-03
19751	3.629301520677086e-03	3.630780547701014e-03
19886	3.547539154100776e-03	3.548133892335753e-03
20179	3.467222880225052e-03	3.467368504525317e-03
20692	3.375253421269986e-03	3.388441561392024e-03
21964	3.275319482658023e-03	3.311311214825911e-03
27282	3.232400213665443e-03	3.235936569296281e-03
27810	3.153513240181871e-03	3.162277660168379e-03
28161	3.047726069966616e-03	3.090295432513592e-03
28520	3.013537184066051e-03	3.019951720402016e-03
28738	2.926379234844068e-03	2.951209226666387e-03
29134	2.871415693941559e-03	2.884031503126605e-03
30067	2.809695788281941e-03	2.818382931264455e-03
30894	2.754123070010994e-03	2.754228703338166e-03
31645	2.676149081365375e-03	2.691534803926917e-03
32163	2.607667650281753e-03	2.630267991895381e-03
32632	2.570376926267270e-03	2.570395782768865e-03
34358	2.510636997906768e-03	2.511886431509579e-03
35906	2.454504042534889e-03	2.454708915685031e-03
37235	2.398767668697399e-03	2.398832919019490e-03
37860	2.281806153462074e-03	2.290867652767772e-03
39571	2.238718986904531e-03	2.238721138568340e-03
40377	2.129998624416207e-03	2.137962089502233e-03
42457	2.089213455499062e-03	2.089296130854039e-03
45047	2.040680892458013e-03	2.041737944669530e-03
51296	1.995163711874248e-03	1.995262314968879e-03
52519	1.949357574311694e-03	1.949844599758046e-03
54142	1.803946347399776e-03	1.819700858609983e-03
56091	1.778220119095675e-03	1.778279410038923e-03
60542	1.732906229256148e-03	1.737800828749376e-03
65793	1.698216610005243e-03	1.698243652461744e-03
75323	1.659473312880744e-03	1.659586907437561e-03
84414	1.621791917843396e-03	1.621810097358930e-03
105165	1.584504980138846e-03	1.584893192461114e-03
130991	1.548760244457936e-03	1.548816618912481e-03
180000	1.522892020234146e-03	1.548816618912481e-03
%
% index = 886, name = bbob_f001_i03_d03__bbob_f013_i05_d03
% instance = 2, reference value = 6.880435842473011e-01
% function evaluation | indicator value | target hit
1	3.468688874729303e-01	3.548133892335755e-01
2	2.970006581877992e-01	3.019951720402016e-01
10	2.950977283441995e-01	2.951209226666385e-01
17	2.773791993573140e-01	2.818382931264454e-01
21	2.745907169360455e-01	2.754228703338166e-01
29	2.646135583027066e-01	2.691534803926916e-01
34	2.609788059222927e-01	2.630267991895382e-01
37	2.493398516669327e-01	2.511886431509580e-01
40	2.376351871375267e-01	2.398832919019490e-01
88	2.334656040172809e-01	2.344228815319922e-01
130	2.275186929588199e-01	2.290867652767773e-01
157	2.180381046587170e-01	2.187761623949552e-01
164	2.053082386951017e-01	2.089296130854039e-01
170	2.038631765666004e-01	2.041737944669530e-01
197	1.947542952991771e-01	1.949844599758045e-01
200	1.896879661523198e-01	1.905460717963247e-01
234	1.777634884838538e-01	1.778279410038923e-01
247	1.496760524862739e-01	1.513561248436208e-01
274	1.476833720344887e-01	1.479108388168208e-01
282	1.394467980101068e-01	1.412537544622754e-01
301	1.365258624983533e-01	1.380384264602885e-01
310	1.089298468464405e-01	1.096478196143185e-01
327	1.065873961128463e-01	1.071519305237607e-01
334	1.012718743097037e-01	1.023292992280754e-01
383	9.984801351953798e-02	1.000000000000000e-01
386	9.712509010338122e-02	9.772372209558107e-02
397	8.902174351475156e-02	8.912509381337455e-02
406	8.687459632153882e-02	8.709635899560805e-02
413	7.870443438220354e-02	7.943282347242814e-02
419	7.724458193089700e-02	7.762471166286916e-02
424	7.585482530541110e-02	7.585775750291836e-02
426	6.381794414461717e-02	6.456542290346556e-02
449	6.130449208741517e-02	6.165950018614822e-02
456	6.007615198058636e-02	6.025595860743578e-02
470	5.863177537205999e-02	5.888436553555890e-02
477	5.517025931385111e-02	5.623413251903491e-02
486	5.431171044625682e-02	5.495408738576246e-02
524	5.338411385762742e-02	5.370317963702527e-02
529	5.197498128788347e-02	5.248074602497726e-02
545	5.110196223486341e-02	5.128613839913648e-02
567	4.908855311170945e-02	5.011872336272722e-02
574	4.859214430006742e-02	4.897788193684462e-02
576	4.255836790621059e-02	4.265795188015926e-02
577	3.943564779372011e-02	3.981071705534973e-02
591	3.887370599119910e-02	3.890451449942807e-02
594	3.795670315835331e-02	3.801893963205612e-02
597	3.196291758682956e-02	3.235936569296283e-02
599	3.142591632442537e-02	3.162277660168379e-02
776	2.987718733395150e-02	3.019951720402016e-02
794	2.942414325456522e-02	2.951209226666385e-02
799	2.871691875653792e-02	2.884031503126606e-02
811	2.797381910211016e-02	2.818382931264454e-02
822	2.728572858565503e-02	2.754228703338166e-02
839	2.679577429609281e-02	2.691534803926915e-02
845	2.630038907037857e-02	2.630267991895381e-02
852	2.565304191696838e-02	2.570395782768863e-02
857	2.435635570467609e-02	2.454708915685030e-02
876	2.314449463817081e-02	2.344228815319923e-02
884	2.285716303666196e-02	2.290867652767773e-02
937	2.234255023885312e-02	2.238721138568340e-02
959	2.163679809869590e-02	2.187761623949553e-02
975	2.131496699933100e-02	2.137962089502233e-02
1307	2.087280365559130e-02	2.089296130854040e-02
1340	2.040422397156239e-02	2.041737944669529e-02
1386	1.976561051590398e-02	1.995262314968880e-02
1395	1.945958255977531e-02	1.949844599758046e-02
1420	1.895279460908172e-02	1.905460717963247e-02
1423	1.856289744540240e-02	1.862087136662868e-02
1974	1.819152204114260e-02	1.819700858609984e-02
2015	1.778189597618829e-02	1.778279410038923e-02
2095	1.704242967459169e-02	1.737800828749375e-02
2111	1.684555380791064e-02	1.698243652461744e-02
2144	1.624739124302221e-02	1.659586907437561e-02
2162	1.618656031207133e-02	1.621810097358930e-02
2932	1.579216436283293e-02	1.584893192461113e-02
2978	1.548774456375956e-02	1.548816618912481e-02
2983	1.509095777415093e-02	1.513561248436208e-02
3059	1.449150940825916e-02	1.479108388168207e-02
3087	1.436618555914204e-02	1.445439770745927e-02
3112	1.410019113600114e-02	1.412537544622754e-02
4251	1.356696794890722e-02	1.380384264602885e-02
4285	1.348914386917777e-02	1.348962882591653e-02
4353	1.315244176270536e-02	1.318256738556407e-02
4369	1.124909818646713e-02	1.148153621496883e-02
4372	1.115327371260033e-02	1.122018454301964e-02
4402	1.096435193521361e-02	1.096478196143185e-02
4474	1.028583238414604e-02	1.047128548050900e-02
4501	1.022040843306771e-02	1.023292992280754e-02
4628	8.628888907752708e-03	8.709635899560805e-03
5745	8.344615535602840e-03	8.511380382023767e-03
6210	8.287128554187451e-03	8.317637711026709e-03
6284	8.070157242911824e-03	8.128305161640995e-03
6426	7.146688624289244e-03	7.244359600749898e-03
6503	6.956945904163181e-03	7.079457843841380e-03
6529	6.884950630604347e-03	6.918309709189363e-03
6565	6.744431340701351e-03	6.760829753919818e-03
6594	6.293176675333689e-03	6.309573444801930e-03
6614	6.028279777263279e-03	6.165950018614822e-03
6621	6.024958070781516e-03	6.025595860743574e-03
6742	5.888409314834142e-03	5.888436553555890e-03
9045	5.752279107824498e-03	5.754399373371567e-03
9173	5.613495652142309e-03	5.623413251903491e-03
9205	5.161270497147874e-03	5.248074602497728e-03
9238	5.075087900833775e-03	5.128613839913648e-03
9272	4.883000449187325e-03	4.897788193684461e-03
9356	4.786075634599096e-03	4.786300923226385e-03
9480	4.674676647146048e-03	4.677351412871981e-03
9562	4.567200062406740e-03	4.570881896148752e-03
9654	4.424739374433662e-03	4.466835921509630e-03
12966	4.359321265676952e-03	4.365158322401661e-03
12972	4.213083740328694e-03	4.265795188015926e-03
13043	4.086442083666375e-03	4.168693834703355e-03
13062	3.990353173693784e-03	4.073802778041126e-03
13092	3.980915443491884e-03	3.981071705534973e-03
13207	3.889774118363443e-03	3.890451449942805e-03
13404	3.801441523046400e-03	3.801893963205613e-03
13493	3.692040214425485e-03	3.715352290971724e-03
13625	3.613333110584094e-03	3.630780547701014e-03
13883	3.531850120729207e-03	3.548133892335753e-03
17724	3.444788049984382e-03	3.467368504525317e-03
18483	3.385661037061838e-03	3.388441561392024e-03
18631	3.309462715479494e-03	3.311311214825911e-03
18874	3.234579878125809e-03	3.235936569296281e-03
19253	3.156177873696042e-03	3.162277660168379e-03
25699	3.089511058989358e-03	3.090295432513592e-03
26317	3.017054937733299e-03	3.019951720402016e-03
26741	2.950919229115612e-03	2.951209226666387e-03
26921	2.881377559534326e-03	2.884031503126605e-03
27417	2.813400148662049e-03	2.818382931264455e-03
27653	2.749851062590958e-03	2.754228703338166e-03
28352	2.637470357029104e-03	2.691534803926917e-03
28441	2.630157051974336e-03	2.630267991895381e-03
29274	2.568451802965166e-03	2.570395782768865e-03
30048	2.511504823965338e-03	2.511886431509579e-03
30796	2.289592025253695e-03	2.290867652767772e-03
31337	2.237323925333046e-03	2.238721138568340e-03
32496	2.000472747907933e-03	2.041737944669530e-03
32613	1.993724354035997e-03	1.995262314968879e-03
33445	1.944427625328649e-03	1.949844599758046e-03
34471	1.905272496417587e-03	1.905460717963246e-03
35877	1.861957566513750e-03	1.862087136662868e-03
37598	1.819697761109684e-03	1.819700858609983e-03
37727	1.668961656364876e-03	1.698243652461744e-03
38503	1.659020540336620e-03	1.659586907437561e-03
40764	1.621284757490349e-03	1.621810097358930e-03
41605	1.544745447279339e-03	1.548816618912481e-03
42852	1.502620742892313e-03	1.513561248436209e-03
44794	1.478523511090679e-03	1.479108388168207e-03
47529	1.441176563033664e-03	1.445439770745928e-03
49684	1.412258367827435e-03	1.412537544622754e-03
51199	1.380358975395568e-03	1.380384264602885e-03
54917	1.348704006214008e-03	1.348962882591653e-03
57476	1.297106990080232e-03	1.318256738556408e-03
58730	1.286206317087757e-03	1.288249551693134e-03
61458	1.224695576649393e-03	1.230268770812381e-03
62939	1.202243288830895e-03	1.202264434617413e-03
66041	1.174897359653815e-03	1.174897554939529e-03
66584	1.143773263543313e-03	1.148153621496883e-03
73405	1.118858552440871e-03	1.122018454301963e-03
76415	1.096293492415024e-03	1.096478196143185e-03
84032	1.066069837709183e-03	1.071519305237606e-03
90142	1.047125665763149e-03	1.047128548050900e-03
94311	1.023152909265579e-03	1.023292992280754e-03
98372	9.986980617485708e-04	1.000000000000000e-03
101708	9.730481318812600e-04	9.772372209558111e-04
107900	9.531317443101095e-04	9.549925860214359e-04
111350	9.310966268611942e-04	9.332543007969915e-04
119601	9.101722578381821e-04	9.120108393559096e-04
129332	8.894433055017803e-04	8.912509381337459e-04
137653	8.709634003787325e-04	8.709635899560805e-04
149316	8.511347344504205e-04	8.511380382023768e-04
153119	8.314823972603858e-04	8.317637711026709e-04
156702	8.127482978073086e-04	8.128305161640995e-04
159957	7.867253651847594e-04	7.943282347242813e-04
169581	7.760934061235014e-04	7.762471166286919e-04
177123	7.584888705641779e-04	7.585775750291835e-04
180001	7.508192692513571e-04	7.585775750291835e-04
%
% index = 887, name = bbob_f001_i07_d03__bbob_f013_i08_d03
% instance = 3, reference value = 8.028892242822790e-01
% function evaluation | indicator value | target hit
1	8.705985538912789e-01	8.709635899560807e-01
21	5.760113955923971e-01	5.888436553555889e-01
23	5.732618734086297e-01	5.754399373371569e-01
35	4.911253609758490e-01	5.011872336272722e-01
36	4.776393450681133e-01	4.786300923226383e-01
104	3.664632524227388e-01	3.715352290971726e-01
129	3.125362148791742e-01	3.162277660168379e-01
137	3.078543856292599e-01	3.090295432513591e-01
186	3.006502260147964e-01	3.019951720402016e-01
210	2.842943682981810e-01	2.884031503126606e-01
213	2.670802638639891e-01	2.691534803926916e-01
216	2.359252302175214e-01	2.398832919019490e-01
217	2.309315977171564e-01	2.344228815319922e-01
232	2.290258359550879e-01	2.290867652767773e-01
279	2.213143485020939e-01	2.238721138568339e-01
288	2.030124136582675e-01	2.041737944669530e-01
330	1.994104357648271e-01	1.995262314968880e-01
333	1.796604022482994e-01	1.819700858609984e-01
335	1.589958431950982e-01	1.621810097358930e-01
361	1.580725453639835e-01	1.584893192461113e-01
389	1.520617744645647e-01	1.548816618912481e-01
399	1.493827633806792e-01	1.513561248436208e-01
534	1.454395095409778e-01	1.479108388168208e-01
550	1.444951509180534e-01	1.445439770745928e-01
554	1.177860737213933e-01	1.202264434617413e-01
589	1.172205147847654e-01	1.174897554939529e-01
606	1.072442398358199e-01	1.096478196143185e-01
608	1.071112243574956e-01	1.071519305237607e-01
629	1.046746864100674e-01	1.047128548050900e-01
716	1.022779598999060e-01	1.023292992280754e-01
946	9.826284924820816e-02	1.000000000000000e-01
954	9.770691262948172e-02	9.772372209558107e-02
1120	9.545690903197801e-02	9.549925860214359e-02
1465	9.317232598626202e-02	9.332543007969910e-02
1546	8.974064575178675e-02	9.120108393559097e-02
1625	8.904826592565329e-02	8.912509381337455e-02
2192	8.610058045917879e-02	8.709635899560805e-02
2215	8.375313287277986e-02	8.511380382023763e-02
2305	8.315435520625447e-02	8.317637711026708e-02
2474	7.881435193567976e-02	7.943282347242814e-02
3239	7.736857919127782e-02	7.762471166286916e-02
4814	7.585553510736887e-02	7.585775750291836e-02
4962	5.933102241115795e-02	6.025595860743578e-02
6804	5.887611530368297e-02	5.888436553555890e-02
11664	5.695833520191251e-02	5.754399373371569e-02
12999	5.623354715535722e-02	5.623413251903491e-02
18276	5.350040888375185e-02	5.370317963702527e-02
24684	5.201054481565326e-02	5.248074602497726e-02
31711	5.105341978233324e-02	5.128613839913648e-02
34580	5.008430627784421e-02	5.011872336272722e-02
36858	4.888205547470714e-02	4.897788193684462e-02
40097	4.703194226498741e-02	4.786300923226382e-02
46246	4.642228487203248e-02	4.677351412871981e-02
60871	4.523444634447960e-02	4.570881896148749e-02
63090	4.156828043570082e-02	4.168693834703355e-02
74134	4.063229465754781e-02	4.073802778041128e-02
84926	3.904794015526447e-02	3.981071705534973e-02
92252	3.890215542327780e-02	3.890451449942807e-02
98932	3.768758685458418e-02	3.801893963205612e-02
107060	2.869747901970676e-02	2.884031503126606e-02
110101	2.776359578943399e-02	2.818382931264454e-02
123684	2.722918550604636e-02	2.754228703338166e-02
148624	2.630173341042330e-02	2.630267991895381e-02
174755	2.563996384158262e-02	2.570395782768863e-02
180001	2.559959489702390e-02	2.570395782768863e-02
%
% index = 888, name = bbob_f001_i09_d03__bbob_f013_i10_d03
% instance = 4, reference value = 7.449972449101200e-01
% function evaluation | indicator value | target hit
1	2.884463660587223e-01	2.951209226666385e-01
5	2.582468508283156e-01	2.630267991895382e-01
9	2.054110314660965e-01	2.089296130854039e-01
13	2.041039281218064e-01	2.041737944669530e-01
24	1.848798951682092e-01	1.862087136662867e-01
26	1.799026639840191e-01	1.819700858609984e-01
41	1.768967094850522e-01	1.778279410038923e-01
42	1.720172120221709e-01	1.737800828749375e-01
50	1.696419531737078e-01	1.698243652461744e-01
70	1.345738582614466e-01	1.348962882591654e-01
82	1.315142655560338e-01	1.318256738556407e-01
108	1.276504232566619e-01	1.288249551693134e-01
127	1.258202379534886e-01	1.258925411794167e-01
133	1.138492556313082e-01	1.148153621496883e-01
176	1.101410617149773e-01	1.122018454301964e-01
223	1.002696514123084e-01	1.023292992280754e-01
256	9.630851193853784e-02	9.772372209558107e-02
266	9.515099210176825e-02	9.549925860214359e-02
282	9.044739881842134e-02	9.120108393559097e-02
283	8.907813688658328e-02	8.912509381337455e-02
320	8.527132431386086e-02	8.709635899560805e-02
322	8.479840584923126e-02	8.511380382023763e-02
378	7.906595076682077e-02	7.943282347242814e-02
585	7.742911331227309e-02	7.762471166286916e-02
610	7.493964204064629e-02	7.585775750291836e-02
615	7.303127366530537e-02	7.413102413009177e-02
627	6.669193573389298e-02	6.760829753919818e-02
639	6.605596182675999e-02	6.606934480075961e-02
730	6.455897203178318e-02	6.456542290346556e-02
747	6.302972727476186e-02	6.309573444801933e-02
770	5.861996433315930e-02	5.888436553555890e-02
826	5.739386210239816e-02	5.754399373371569e-02
849	5.469909360566549e-02	5.495408738576246e-02
911	5.368641759765402e-02	5.370317963702527e-02
924	4.879251027981812e-02	4.897788193684462e-02
1290	4.769189040772659e-02	4.786300923226382e-02
1296	4.505036136749518e-02	4.570881896148749e-02
1341	4.452685248041355e-02	4.466835921509630e-02
1352	3.980223364523450e-02	3.981071705534973e-02
1376	3.840887128386428e-02	3.890451449942807e-02
1403	3.797413581264286e-02	3.801893963205612e-02
1910	3.360006471304844e-02	3.388441561392026e-02
1951	3.064565665673824e-02	3.090295432513590e-02
1952	3.009449597012570e-02	3.019951720402016e-02
2368	2.885270883455182e-02	2.951209226666385e-02
2556	2.882914526216307e-02	2.884031503126606e-02
2611	2.761887700727539e-02	2.818382931264454e-02
2627	2.746459655817546e-02	2.754228703338166e-02
2652	2.663689154004900e-02	2.691534803926915e-02
2704	2.536354212686509e-02	2.570395782768863e-02
2765	2.503735613697577e-02	2.511886431509579e-02
2805	2.426269055287078e-02	2.454708915685030e-02
2829	2.389102324142967e-02	2.398832919019490e-02
2854	2.272397654893565e-02	2.290867652767773e-02
2881	2.231585527160751e-02	2.238721138568340e-02
2911	2.187368221373009e-02	2.187761623949553e-02
3763	2.115417518199225e-02	2.137962089502233e-02
3775	2.057104620164063e-02	2.089296130854040e-02
3788	2.037248119589297e-02	2.041737944669529e-02
3801	1.950098145144219e-02	1.995262314968880e-02
3809	1.948976483350484e-02	1.949844599758046e-02
3886	1.898472863633949e-02	1.905460717963247e-02
3945	1.836687658484248e-02	1.862087136662868e-02
3985	1.817216219806461e-02	1.819700858609984e-02
4066	1.716321425651290e-02	1.737800828749375e-02
4092	1.697585525966416e-02	1.698243652461744e-02
5247	1.652537153867628e-02	1.659586907437561e-02
5380	1.617918567309584e-02	1.621810097358930e-02
5505	1.584868853460830e-02	1.584893192461113e-02
5632	1.527556150247422e-02	1.548816618912481e-02
5649	1.492872922705679e-02	1.513561248436208e-02
5750	1.472004775750790e-02	1.479108388168207e-02
7483	1.444324702835187e-02	1.445439770745927e-02
7526	1.402957618952738e-02	1.412537544622754e-02
7540	1.374744165352504e-02	1.380384264602885e-02
7580	1.340871767922425e-02	1.348962882591653e-02
7636	1.303149795417236e-02	1.318256738556407e-02
7712	1.286498930219493e-02	1.288249551693134e-02
7763	1.236735215240092e-02	1.258925411794167e-02
7774	1.216489647900043e-02	1.230268770812382e-02
7818	1.194067118919850e-02	1.202264434617413e-02
7913	1.174262466367870e-02	1.174897554939530e-02
10361	1.147072433336771e-02	1.148153621496883e-02
10563	1.121782883912104e-02	1.122018454301964e-02
10737	1.091456359991860e-02	1.096478196143185e-02
10815	1.055402405508110e-02	1.071519305237606e-02
10903	1.046859085926455e-02	1.047128548050900e-02
14225	1.023124980523560e-02	1.023292992280754e-02
14610	9.973522125050760e-03	1.000000000000000e-02
14770	9.746560245985414e-03	9.772372209558112e-03
15017	9.543516534021523e-03	9.549925860214359e-03
19257	9.326972796960153e-03	9.332543007969915e-03
19404	8.709145381951222e-03	8.709635899560805e-03
19657	8.500116030676019e-03	8.511380382023767e-03
19760	8.309155014142755e-03	8.317637711026709e-03
20041	8.113968425703777e-03	8.128305161640995e-03
26025	7.936059265975404e-03	7.943282347242814e-03
26634	7.757062391370750e-03	7.762471166286920e-03
27020	7.520043401564647e-03	7.585775750291836e-03
27050	7.116275720052134e-03	7.244359600749898e-03
27210	7.070479349304271e-03	7.079457843841380e-03
27478	6.914529236004885e-03	6.918309709189363e-03
29268	6.755332269100967e-03	6.760829753919818e-03
35280	6.572704687461517e-03	6.606934480075957e-03
35868	6.456199326250855e-03	6.456542290346556e-03
36545	6.175565337273370e-03	6.309573444801930e-03
36547	6.160152498178584e-03	6.165950018614822e-03
36603	5.994969322147936e-03	6.025595860743574e-03
36775	5.852829521366232e-03	5.888436553555890e-03
37428	5.748617998356242e-03	5.754399373371567e-03
38161	5.619535182482260e-03	5.623413251903491e-03
38793	5.484562595277409e-03	5.495408738576248e-03
39927	5.337005092993063e-03	5.370317963702527e-03
41310	5.247089273746730e-03	5.248074602497728e-03
42051	5.126727283462640e-03	5.128613839913648e-03
43363	5.011508286205335e-03	5.011872336272725e-03
44304	4.897690236747465e-03	4.897788193684461e-03
45777	4.783180536893750e-03	4.786300923226385e-03
47114	4.621183437003351e-03	4.677351412871981e-03
47986	4.562626626756772e-03	4.570881896148752e-03
49655	4.455634857932322e-03	4.466835921509630e-03
51734	4.363651446138705e-03	4.365158322401661e-03
55084	4.265415804352468e-03	4.265795188015926e-03
61397	4.168692848729005e-03	4.168693834703355e-03
66449	4.073799743584017e-03	4.073802778041126e-03
71832	3.978577182809362e-03	3.981071705534973e-03
76177	3.890197550886820e-03	3.890451449942805e-03
85173	3.793482153739647e-03	3.801893963205613e-03
92256	3.715325090845156e-03	3.715352290971724e-03
101702	3.630419983942867e-03	3.630780547701014e-03
108128	3.548126875536739e-03	3.548133892335753e-03
115925	3.466304019203226e-03	3.467368504525317e-03
122220	3.372833251766516e-03	3.388441561392024e-03
128078	3.309454144684532e-03	3.311311214825911e-03
143551	3.235797533825635e-03	3.235936569296281e-03
145767	3.151472323302151e-03	3.162277660168379e-03
154354	3.089888298618448e-03	3.090295432513592e-03
162318	3.011462684686661e-03	3.019951720402016e-03
168962	2.915499638739938e-03	2.951209226666387e-03
171525	2.883977685965378e-03	2.884031503126605e-03
178470	2.817082811782612e-03	2.818382931264455e-03
180001	2.810692015400407e-03	2.818382931264455e-03
%
% index = 889, name = bbob_f001_i11_d03__bbob_f013_i12_d03
% instance = 5, reference value = 7.015189373775230e-01
% function evaluation | indicator value | target hit
1	3.491468859481280e-01	3.548133892335755e-01
3	2.849090993871021e-01	2.884031503126606e-01
13	2.817908839315340e-01	2.818382931264454e-01
38	2.175313780263410e-01	2.187761623949552e-01
39	1.946053183123261e-01	1.949844599758045e-01
44	1.831742529136352e-01	1.862087136662867e-01
84	1.812374782169894e-01	1.819700858609984e-01
99	1.579595696985160e-01	1.584893192461113e-01
108	1.504920788861395e-01	1.513561248436208e-01
120	1.373655517721889e-01	1.380384264602885e-01
152	1.253409799805095e-01	1.258925411794167e-01
225	1.225535365202216e-01	1.230268770812381e-01
229	1.157319160682562e-01	1.174897554939529e-01
233	1.101533100163268e-01	1.122018454301964e-01
241	9.916303980058916e-02	1.000000000000000e-01
255	9.668924655116740e-02	9.772372209558107e-02
258	9.386878473573679e-02	9.549925860214359e-02
271	9.283526915616569e-02	9.332543007969910e-02
272	8.958240800103501e-02	9.120108393559097e-02
277	8.065118799733151e-02	8.128305161640990e-02
278	7.817688572014025e-02	7.943282347242814e-02
285	7.690529076003982e-02	7.762471166286916e-02
293	7.537540965491463e-02	7.585775750291836e-02
309	7.399223477829475e-02	7.413102413009177e-02
341	7.225073758493716e-02	7.244359600749903e-02
348	7.079364811997291e-02	7.079457843841380e-02
378	6.486487645675043e-02	6.606934480075961e-02
381	6.342735839544433e-02	6.456542290346556e-02
383	6.295880894804140e-02	6.309573444801933e-02
389	6.162962111478065e-02	6.165950018614822e-02
547	5.987411608953219e-02	6.025595860743578e-02
551	5.797876363009191e-02	5.888436553555890e-02
560	5.502651051087248e-02	5.623413251903491e-02
567	5.492917616424464e-02	5.495408738576246e-02
574	5.356037227119981e-02	5.370317963702527e-02
593	5.024506490894987e-02	5.128613839913648e-02
600	5.008957181989027e-02	5.011872336272722e-02
607	4.864064147852687e-02	4.897788193684462e-02
637	4.371882293193874e-02	4.466835921509630e-02
646	4.343403922874289e-02	4.365158322401658e-02
652	4.149472204189508e-02	4.168693834703355e-02
667	4.057329716766023e-02	4.073802778041128e-02
689	3.980546379264149e-02	3.981071705534973e-02
707	3.889392175701301e-02	3.890451449942807e-02
932	3.780909721502279e-02	3.801893963205612e-02
940	3.654681685321792e-02	3.715352290971726e-02
952	3.623770624529676e-02	3.630780547701014e-02
974	3.518243070494553e-02	3.548133892335755e-02
1003	3.464895450721572e-02	3.467368504525317e-02
1024	2.802746127457811e-02	2.818382931264454e-02
1066	2.326378875143387e-02	2.344228815319923e-02
1070	2.275423758336792e-02	2.290867652767773e-02
1088	2.172933984768455e-02	2.187761623949553e-02
1470	2.126597888988468e-02	2.137962089502233e-02
1500	2.085675672837639e-02	2.089296130854040e-02
1554	2.041710958858767e-02	2.041737944669529e-02
1615	1.994825670593425e-02	1.995262314968880e-02
1670	1.948435426643014e-02	1.949844599758046e-02
2205	1.861524358434452e-02	1.862087136662868e-02
2245	1.819174483926889e-02	1.819700858609984e-02
2268	1.757693288348994e-02	1.778279410038923e-02
2290	1.533373773673652e-02	1.548816618912481e-02
2322	1.513463639849000e-02	1.513561248436208e-02
2375	1.474327162461775e-02	1.479108388168207e-02
3169	1.343933807168729e-02	1.348962882591653e-02
3173	1.294119765896951e-02	1.318256738556407e-02
3174	1.288012268806549e-02	1.288249551693134e-02
3198	1.255025784388242e-02	1.258925411794167e-02
3204	1.200929393082584e-02	1.202264434617413e-02
3296	1.174094064781150e-02	1.174897554939530e-02
4327	1.068092326307646e-02	1.071519305237606e-02
4413	1.047127905024658e-02	1.047128548050900e-02
4462	1.016200433652070e-02	1.023292992280754e-02
4515	9.479939135096815e-03	9.549925860214359e-03
4549	9.259599808699615e-03	9.332543007969915e-03
4638	8.871210247526018e-03	8.912509381337459e-03
6107	8.707975113529609e-03	8.709635899560805e-03
6128	8.142672569072196e-03	8.317637711026709e-03
6148	7.799116822098440e-03	7.943282347242814e-03
6170	7.761544310810664e-03	7.762471166286920e-03
6303	7.103628517559746e-03	7.244359600749898e-03
6335	7.071697661155674e-03	7.079457843841380e-03
6384	6.775050248240544e-03	6.918309709189363e-03
6401	6.757839387083853e-03	6.760829753919818e-03
8475	6.606713141113940e-03	6.606934480075957e-03
8540	6.445037050648916e-03	6.456542290346556e-03
8559	6.301869057230625e-03	6.309573444801930e-03
8654	6.163825789190613e-03	6.165950018614822e-03
8798	5.922881157298776e-03	6.025595860743574e-03
8846	5.883742853553420e-03	5.888436553555890e-03
8982	5.702061932469582e-03	5.754399373371567e-03
11777	5.623093870313123e-03	5.623413251903491e-03
11911	5.346694670790186e-03	5.370317963702527e-03
12166	5.232848008643654e-03	5.248074602497728e-03
12246	5.106334296641757e-03	5.128613839913648e-03
12394	5.006736907630760e-03	5.011872336272725e-03
12522	4.887328511811617e-03	4.897788193684461e-03
16402	4.775784526549032e-03	4.786300923226385e-03
16706	4.676937492523958e-03	4.677351412871981e-03
17046	4.564997904348611e-03	4.570881896148752e-03
17301	4.455739889545063e-03	4.466835921509630e-03
22713	4.363888377464042e-03	4.365158322401661e-03
23110	4.259176825099908e-03	4.265795188015926e-03
23445	4.165657922330923e-03	4.168693834703355e-03
31286	3.797081202288499e-03	3.801893963205613e-03
31923	3.705216803273625e-03	3.715352290971724e-03
31942	3.567446450945866e-03	3.630780547701014e-03
32075	3.541054410424183e-03	3.548133892335753e-03
32399	3.464054325982291e-03	3.467368504525317e-03
33001	3.387871410806764e-03	3.388441561392024e-03
33672	3.310635497791425e-03	3.311311214825911e-03
34147	3.218093669845046e-03	3.235936569296281e-03
35475	3.157764710539968e-03	3.162277660168379e-03
36988	3.090295415705380e-03	3.090295432513592e-03
37770	3.019951446343705e-03	3.019951720402016e-03
37886	2.926266757086404e-03	2.951209226666387e-03
38677	2.884015721860478e-03	2.884031503126605e-03
40944	2.818365746228513e-03	2.818382931264455e-03
41459	2.683982246680761e-03	2.691534803926917e-03
43885	2.630266602555831e-03	2.630267991895381e-03
46706	2.568594551323966e-03	2.570395782768865e-03
49594	2.511688951816304e-03	2.511886431509579e-03
55027	2.454686689370211e-03	2.454708915685031e-03
58853	2.398806246173057e-03	2.398832919019490e-03
66242	2.344143497808981e-03	2.344228815319923e-03
79104	2.290867497129256e-03	2.290867652767772e-03
103547	2.238558244769928e-03	2.238721138568340e-03
132774	2.187750781421638e-03	2.187761623949552e-03
169925	2.137941528672638e-03	2.137962089502233e-03
180001	2.129787066200484e-03	2.137962089502233e-03
%
% index = 890, name = bbob_f001_i13_d03__bbob_f013_i14_d03
% instance = 6, reference value = 7.530548424157970e-01
% function evaluation | indicator value | target hit
1	1.066956758041297e+00	1.071519305237606e+00
2	5.548722454905849e-01	5.623413251903491e-01
9	5.453615815330679e-01	5.495408738576245e-01
30	4.788568227216126e-01	4.897788193684462e-01
39	4.688635511406565e-01	4.786300923226383e-01
51	4.622539342253447e-01	4.677351412871982e-01
59	4.470144573053705e-01	4.570881896148750e-01
61	3.535823400805302e-01	3.548133892335755e-01
71	3.458584836372161e-01	3.467368504525316e-01
78	2.961593589997721e-01	3.019951720402016e-01
81	2.926223475098363e-01	2.951209226666385e-01
89	2.736217149181545e-01	2.754228703338166e-01
97	2.604942188132288e-01	2.630267991895382e-01
116	2.363015095330454e-01	2.398832919019490e-01
134	2.264564752494265e-01	2.290867652767773e-01
161	2.176790511284534e-01	2.187761623949552e-01
178	1.482641088879946e-01	1.513561248436208e-01
184	1.326682087863164e-01	1.348962882591654e-01
186	1.174942079959079e-01	1.202264434617413e-01
187	1.174035456180353e-01	1.174897554939529e-01
192	1.139974188904626e-01	1.148153621496883e-01
194	1.080892525060119e-01	1.096478196143185e-01
207	1.060891890095254e-01	1.071519305237607e-01
222	9.702573929490588e-02	9.772372209558107e-02
223	9.346192853613444e-02	9.549925860214359e-02
226	9.280773468893733e-02	9.332543007969910e-02
237	9.041137034001334e-02	9.120108393559097e-02
264	8.902474314096298e-02	8.912509381337455e-02
294	8.627951899863362e-02	8.709635899560805e-02
316	8.392986373662303e-02	8.511380382023763e-02
322	8.209198357828706e-02	8.317637711026708e-02
327	8.049462169920019e-02	8.128305161640990e-02
341	7.354411609565925e-02	7.413102413009177e-02
384	7.160781525395121e-02	7.244359600749903e-02
398	7.073416927479259e-02	7.079457843841380e-02
425	6.885856607938245e-02	6.918309709189366e-02
435	6.247148779981859e-02	6.309573444801933e-02
441	5.989582858473530e-02	6.025595860743578e-02
454	5.841106521187489e-02	5.888436553555890e-02
457	5.627502355761760e-02	5.754399373371569e-02
458	5.589982249385583e-02	5.623413251903491e-02
475	5.482830344392708e-02	5.495408738576246e-02
484	5.353682314052821e-02	5.370317963702527e-02
500	5.214561253097849e-02	5.248074602497726e-02
511	5.111815670335818e-02	5.128613839913648e-02
514	4.899423590170826e-02	5.011872336272722e-02
516	4.360088340950119e-02	4.365158322401658e-02
541	4.183019693794643e-02	4.265795188015926e-02
543	4.164323374187684e-02	4.168693834703355e-02
556	4.045957706885273e-02	4.073802778041128e-02
563	3.444614613185948e-02	3.467368504525317e-02
583	3.193264657665362e-02	3.235936569296283e-02
584	3.060769541267028e-02	3.090295432513590e-02
588	2.989737112948598e-02	3.019951720402016e-02
598	2.917474452286317e-02	2.951209226666385e-02
817	2.871543676090960e-02	2.884031503126606e-02
826	2.812167695006729e-02	2.818382931264454e-02
835	2.727427004716221e-02	2.754228703338166e-02
841	2.683601771122857e-02	2.691534803926915e-02
844	2.497726501783237e-02	2.511886431509579e-02
850	2.450184378154097e-02	2.454708915685030e-02
867	2.397005448813649e-02	2.398832919019490e-02
892	2.339567802249864e-02	2.344228815319923e-02
910	2.278480881910860e-02	2.290867652767773e-02
929	2.226231314925931e-02	2.238721138568340e-02
940	2.173694009746663e-02	2.187761623949553e-02
966	2.133897859906542e-02	2.137962089502233e-02
981	2.068039724846094e-02	2.089296130854040e-02
1334	2.005585821490752e-02	2.041737944669529e-02
1344	1.994091191459679e-02	1.995262314968880e-02
1364	1.948052816025969e-02	1.949844599758046e-02
1412	1.893060006268221e-02	1.905460717963247e-02
1421	1.809069028077603e-02	1.819700858609984e-02
1448	1.774218511182502e-02	1.778279410038923e-02
1459	1.690740908721511e-02	1.698243652461744e-02
1476	1.587955819066056e-02	1.621810097358930e-02
1477	1.574813238080208e-02	1.584893192461113e-02
1519	1.546221693883820e-02	1.548816618912481e-02
2056	1.496237667533329e-02	1.513561248436208e-02
2069	1.476093436306902e-02	1.479108388168207e-02
2070	1.330779350005551e-02	1.348962882591653e-02
2086	1.314700836099703e-02	1.318256738556407e-02
2105	1.271287830205980e-02	1.288249551693134e-02
2121	1.254034783607594e-02	1.258925411794167e-02
2140	1.227291592905944e-02	1.230268770812382e-02
2204	1.200544552838545e-02	1.202264434617413e-02
2255	1.172701396925468e-02	1.174897554939530e-02
3025	1.148095874520927e-02	1.148153621496883e-02
3051	1.121531930018937e-02	1.122018454301964e-02
3099	1.095968256815583e-02	1.096478196143185e-02
4146	1.071423204009603e-02	1.071519305237606e-02
4193	1.044831323948503e-02	1.047128548050900e-02
4298	1.022915406058189e-02	1.023292992280754e-02
4369	9.999680964143831e-03	1.000000000000000e-02
4372	9.685840108975663e-03	9.772372209558112e-03
4410	9.524177057233185e-03	9.549925860214359e-03
4483	9.230551836503453e-03	9.332543007969915e-03
4532	9.075304333653889e-03	9.120108393559097e-03
6083	8.911262883617543e-03	8.912509381337459e-03
6271	8.705369407426833e-03	8.709635899560805e-03
8525	8.509790676046514e-03	8.511380382023767e-03
8780	8.304700803128284e-03	8.317637711026709e-03
8922	8.128008304057910e-03	8.128305161640995e-03
12143	7.939921223520829e-03	7.943282347242814e-03
16472	7.762443932369578e-03	7.762471166286920e-03
17348	7.577219609885777e-03	7.585775750291836e-03
23483	7.412739609448438e-03	7.413102413009177e-03
31852	7.244149054837168e-03	7.244359600749898e-03
33020	7.079420968861050e-03	7.079457843841380e-03
37625	6.188836083066196e-03	6.309573444801930e-03
38222	6.160600847462283e-03	6.165950018614822e-03
39983	6.025048953032131e-03	6.025595860743574e-03
40517	5.888407960927711e-03	5.888436553555890e-03
55615	5.754032435123957e-03	5.754399373371567e-03
73669	5.623412889397050e-03	5.623413251903491e-03
103278	5.495386144128256e-03	5.495408738576248e-03
180001	5.384179710245518e-03	5.495408738576248e-03
%
% index = 891, name = bbob_f001_i15_d03__bbob_f013_i16_d03
% instance = 7, reference value = 8.373537949512569e-01
% function evaluation | indicator value | target hit
1	1.582479908246757e+00	1.584893192461114e+00
6	1.388312203231036e+00	1.412537544622754e+00
19	1.122751723062257e+00	1.148153621496883e+00
25	9.251306665212570e-01	9.332543007969910e-01
29	8.968881768397569e-01	9.120108393559098e-01
37	4.365052356633168e-01	4.365158322401660e-01
54	3.894510349406972e-01	3.981071705534972e-01
80	3.421631478853733e-01	3.467368504525316e-01
91	3.284494721085247e-01	3.311311214825911e-01
102	2.845098252984395e-01	2.884031503126606e-01
116	2.813512359425862e-01	2.818382931264454e-01
134	2.749497368542387e-01	2.754228703338166e-01
164	2.385407513093986e-01	2.398832919019490e-01
171	1.978897736630419e-01	1.995262314968880e-01
202	1.715944221295885e-01	1.737800828749375e-01
203	1.385751675721211e-01	1.412537544622754e-01
223	1.336934752453850e-01	1.348962882591654e-01
244	1.195399632307459e-01	1.202264434617413e-01
256	1.168958118926057e-01	1.174897554939529e-01
274	1.110768301864392e-01	1.122018454301964e-01
275	9.078943542399720e-02	9.120108393559097e-02
301	8.783713069690680e-02	8.912509381337455e-02
304	8.395017202645638e-02	8.511380382023763e-02
308	8.052355606014372e-02	8.128305161640990e-02
309	7.882337778517878e-02	7.943282347242814e-02
327	7.747491797166262e-02	7.762471166286916e-02
339	7.127985475570286e-02	7.244359600749903e-02
340	7.072939150619972e-02	7.079457843841380e-02
358	6.728540956156148e-02	6.760829753919818e-02
386	6.606740667473088e-02	6.606934480075961e-02
401	6.445959152389802e-02	6.456542290346556e-02
411	6.275520586584027e-02	6.309573444801933e-02
436	6.112415365296098e-02	6.165950018614822e-02
452	6.022093688657881e-02	6.025595860743578e-02
458	5.883077124822744e-02	5.888436553555890e-02
470	5.016700055830292e-02	5.128613839913648e-02
471	4.991361125248361e-02	5.011872336272722e-02
499	4.815686254980056e-02	4.897788193684462e-02
510	4.760888716319689e-02	4.786300923226382e-02
512	4.543260676014405e-02	4.570881896148749e-02
514	4.451386873114682e-02	4.466835921509630e-02
518	4.354111965524932e-02	4.365158322401658e-02
549	4.265652049557200e-02	4.265795188015926e-02
555	4.164710555212858e-02	4.168693834703355e-02
817	4.045096863507336e-02	4.073802778041128e-02
821	3.971976760846674e-02	3.981071705534973e-02
845	3.886969673837859e-02	3.890451449942807e-02
849	3.577237807592615e-02	3.630780547701014e-02
857	3.545327907017037e-02	3.548133892335755e-02
892	3.134650009841866e-02	3.162277660168379e-02
907	3.087597822680621e-02	3.090295432513590e-02
965	3.016968238047535e-02	3.019951720402016e-02
1008	2.934836140366437e-02	2.951209226666385e-02
1013	2.880589331002270e-02	2.884031503126606e-02
1037	2.816350180489713e-02	2.818382931264454e-02
1100	2.753830016744463e-02	2.754228703338166e-02
1139	2.689604403723866e-02	2.691534803926915e-02
1156	2.630089590783358e-02	2.630267991895381e-02
1178	2.560016373639940e-02	2.570395782768863e-02
1183	2.506380188386559e-02	2.511886431509579e-02
1630	2.412274599379194e-02	2.454708915685030e-02
1646	2.398116235425585e-02	2.398832919019490e-02
1708	2.311430098371470e-02	2.344228815319923e-02
1740	2.288941171676528e-02	2.290867652767773e-02
2332	2.237527252683025e-02	2.238721138568340e-02
2380	2.063304026818791e-02	2.089296130854040e-02
2456	2.020394409512327e-02	2.041737944669529e-02
3233	1.990390216046090e-02	1.995262314968880e-02
3355	1.949760450764837e-02	1.949844599758046e-02
3507	1.904374995594982e-02	1.905460717963247e-02
4799	1.529455401098312e-02	1.548816618912481e-02
4806	1.500180524529049e-02	1.513561248436208e-02
4889	1.476540528700032e-02	1.479108388168207e-02
6769	1.444867315203746e-02	1.445439770745927e-02
9481	1.410448015414845e-02	1.412537544622754e-02
10161	1.376167053628730e-02	1.380384264602885e-02
14166	1.348960324541137e-02	1.348962882591653e-02
14350	1.124209743570403e-02	1.148153621496883e-02
14369	1.121335195738216e-02	1.122018454301964e-02
20138	1.095964166624497e-02	1.096478196143185e-02
29348	1.071507554738171e-02	1.071519305237606e-02
29386	9.931516664883566e-03	1.000000000000000e-02
37344	9.770019659851692e-03	9.772372209558112e-03
77939	9.420866504218695e-03	9.549925860214359e-03
127093	9.332541770685099e-03	9.332543007969915e-03
180001	9.297191666382987e-03	9.332543007969915e-03
%
% index = 892, name = bbob_f001_i17_d03__bbob_f013_i18_d03
% instance = 8, reference value = 7.189938472642500e-01
% function evaluation | indicator value | target hit
1	4.175527764704944e-01	4.265795188015927e-01
7	4.151937953007347e-01	4.168693834703354e-01
8	4.025447054046052e-01	4.073802778041127e-01
9	3.731326253549143e-01	3.801893963205612e-01
18	3.268477540929997e-01	3.311311214825911e-01
37	2.822861279840305e-01	2.884031503126606e-01
38	2.662781886350290e-01	2.691534803926916e-01
42	2.253123305581378e-01	2.290867652767773e-01
45	2.215811188057473e-01	2.238721138568339e-01
53	2.183955931860283e-01	2.187761623949552e-01
65	1.976614518305132e-01	1.995262314968880e-01
72	1.488848708173326e-01	1.513561248436208e-01
124	1.470769343688972e-01	1.479108388168208e-01
147	1.401913407330964e-01	1.412537544622754e-01
155	1.176209284112103e-01	1.202264434617413e-01
158	1.134811244634598e-01	1.148153621496883e-01
161	1.048667406870205e-01	1.071519305237607e-01
183	9.889199829806783e-02	1.000000000000000e-01
202	9.738560154641618e-02	9.772372209558107e-02
225	9.250136365792705e-02	9.332543007969910e-02
245	8.954492940373060e-02	9.120108393559097e-02
248	8.699425761947965e-02	8.709635899560805e-02
249	8.182670746550869e-02	8.317637711026708e-02
277	7.908176092302077e-02	7.943282347242814e-02
278	7.566299039838320e-02	7.585775750291836e-02
293	7.323120811568029e-02	7.413102413009177e-02
348	7.170667354760563e-02	7.244359600749903e-02
370	6.873830513653001e-02	6.918309709189366e-02
397	6.640770793500783e-02	6.760829753919818e-02
445	6.563828111342929e-02	6.606934480075961e-02
552	6.426993817062743e-02	6.456542290346556e-02
583	6.275360960918763e-02	6.309573444801933e-02
620	5.970933445781423e-02	6.025595860743578e-02
648	5.871116945654153e-02	5.888436553555890e-02
661	4.787175466817251e-02	4.897788193684462e-02
672	4.768541242573388e-02	4.786300923226382e-02
712	4.669485300233811e-02	4.677351412871981e-02
724	4.274615130418147e-02	4.365158322401658e-02
725	4.257240538751073e-02	4.265795188015926e-02
737	4.161541484478903e-02	4.168693834703355e-02
806	4.071300406285827e-02	4.073802778041128e-02
850	3.974041289619856e-02	3.981071705534973e-02
881	3.884172513118478e-02	3.890451449942807e-02
894	3.777082052632263e-02	3.801893963205612e-02
901	3.692933030282863e-02	3.715352290971726e-02
1199	3.310044626957698e-02	3.311311214825911e-02
1200	3.094492853481678e-02	3.162277660168379e-02
1204	3.072440862952752e-02	3.090295432513590e-02
1211	3.012941388682366e-02	3.019951720402016e-02
1235	2.948551868164362e-02	2.951209226666385e-02
1238	2.857346946292083e-02	2.884031503126606e-02
1240	2.802850311234928e-02	2.818382931264454e-02
1260	2.654111671025583e-02	2.691534803926915e-02
1281	2.610689044223680e-02	2.630267991895381e-02
1295	2.566305651241541e-02	2.570395782768863e-02
1342	2.481570037483916e-02	2.511886431509579e-02
1359	2.449525736003899e-02	2.454708915685030e-02
1371	2.396459527520600e-02	2.398832919019490e-02
1390	2.322724593190639e-02	2.344228815319923e-02
1421	2.280798332418899e-02	2.290867652767773e-02
1476	2.236206268192853e-02	2.238721138568340e-02
1504	2.172802324638756e-02	2.187761623949553e-02
1545	2.136138194413983e-02	2.137962089502233e-02
1571	2.072926648103091e-02	2.089296130854040e-02
1991	2.031972264386783e-02	2.041737944669529e-02
2006	1.992466242558966e-02	1.995262314968880e-02
2046	1.933050331755359e-02	1.949844599758046e-02
2059	1.897837598922969e-02	1.905460717963247e-02
2079	1.857146664299469e-02	1.862087136662868e-02
2114	1.818958220192224e-02	1.819700858609984e-02
2133	1.775635408176235e-02	1.778279410038923e-02
2742	1.723094775586032e-02	1.737800828749375e-02
2770	1.695427605838795e-02	1.698243652461744e-02
2815	1.659496534355820e-02	1.659586907437561e-02
2862	1.610886506302855e-02	1.621810097358930e-02
2931	1.583848388876419e-02	1.584893192461113e-02
2978	1.548633695175006e-02	1.548816618912481e-02
3835	1.512892147961109e-02	1.513561248436208e-02
3979	1.478827184266607e-02	1.479108388168207e-02
4004	1.321316013283658e-02	1.348962882591653e-02
4016	1.318199264282660e-02	1.318256738556407e-02
4103	1.287759723325932e-02	1.288249551693134e-02
4117	1.255147470578744e-02	1.258925411794167e-02
5060	1.224702366868646e-02	1.230268770812382e-02
5304	1.202089108039939e-02	1.202264434617413e-02
5470	1.174783941996504e-02	1.174897554939530e-02
5580	1.147241871284821e-02	1.148153621496883e-02
7065	9.125819461176410e-03	9.332543007969915e-03
7068	9.117611905031575e-03	9.120108393559097e-03
7275	8.912417591229072e-03	8.912509381337459e-03
7319	8.608390597418802e-03	8.709635899560805e-03
7389	8.189115383828827e-03	8.317637711026709e-03
7522	8.113598411289336e-03	8.128305161640995e-03
8854	7.813010478778692e-03	7.943282347242814e-03
9550	7.748920560926686e-03	7.762471166286920e-03
9707	7.574678830078785e-03	7.585775750291836e-03
10063	7.334695011865455e-03	7.413102413009177e-03
10196	7.236809038306813e-03	7.244359600749898e-03
12864	7.079200244260342e-03	7.079457843841380e-03
13295	6.918261590592500e-03	6.918309709189363e-03
13631	6.552917467164687e-03	6.606934480075957e-03
13787	6.456534312627049e-03	6.456542290346556e-03
17058	5.990467674233391e-03	6.025595860743574e-03
17795	5.887837400896934e-03	5.888436553555890e-03
18371	5.747548888960119e-03	5.754399373371567e-03
18631	5.578688472153814e-03	5.623413251903491e-03
23783	5.479010863170375e-03	5.495408738576248e-03
24315	5.182268469676621e-03	5.248074602497728e-03
24653	5.128203273046417e-03	5.128613839913648e-03
26126	4.908420465305929e-03	5.011872336272725e-03
31284	4.762896095643954e-03	4.786300923226385e-03
32485	4.659765927484516e-03	4.677351412871981e-03
32954	4.474873008326719e-03	4.570881896148752e-03
33232	4.427822206011456e-03	4.466835921509630e-03
33563	4.363138338071559e-03	4.365158322401661e-03
35487	4.242657706185815e-03	4.265795188015926e-03
37660	3.902052552508861e-03	3.981071705534973e-03
38340	3.889802401444653e-03	3.890451449942805e-03
38680	3.800231371187679e-03	3.801893963205613e-03
41532	3.715183340729067e-03	3.715352290971724e-03
44204	3.374647568975431e-03	3.388441561392024e-03
46685	3.308560276058858e-03	3.311311214825911e-03
50174	3.230509143459015e-03	3.235936569296281e-03
52110	3.143952466193145e-03	3.162277660168379e-03
57878	3.067199476247340e-03	3.090295432513592e-03
59682	2.930946177292726e-03	2.951209226666387e-03
62242	2.879672150516543e-03	2.884031503126605e-03
64540	2.796111538262536e-03	2.818382931264455e-03
68246	2.753357453833871e-03	2.754228703338166e-03
72333	2.684720758164172e-03	2.691534803926917e-03
76398	2.620265074836037e-03	2.630267991895381e-03
82962	2.570190939441330e-03	2.570395782768865e-03
90884	2.511490726820220e-03	2.511886431509579e-03
100012	2.454651873047053e-03	2.454708915685031e-03
109496	2.398058092526356e-03	2.398832919019490e-03
116176	2.343476428672275e-03	2.344228815319923e-03
134862	2.290863663347520e-03	2.290867652767772e-03
158864	2.231063494223529e-03	2.238721138568340e-03
172757	2.187756203867020e-03	2.187761623949552e-03
180001	2.168016802313599e-03	2.187761623949552e-03
%
% index = 893, name = bbob_f001_i19_d03__bbob_f013_i21_d03
% instance = 9, reference value = 6.786809802781780e-01
% function evaluation | indicator value | target hit
1	3.584231756497887e-01	3.630780547701014e-01
27	3.409693773590776e-01	3.467368504525316e-01
36	2.843681053456458e-01	2.884031503126606e-01
47	2.817474157431423e-01	2.818382931264454e-01
59	2.722044086360798e-01	2.754228703338166e-01
76	2.670454720834542e-01	2.691534803926916e-01
79	2.370978521582744e-01	2.398832919019490e-01
91	2.319442084195586e-01	2.344228815319922e-01
103	2.284620314440472e-01	2.290867652767773e-01
115	2.008301294932774e-01	2.041737944669530e-01
116	1.946521584517589e-01	1.949844599758045e-01
126	1.739843969198585e-01	1.778279410038923e-01
128	1.491378875663127e-01	1.513561248436208e-01
134	1.305058895467622e-01	1.318256738556407e-01
147	1.266235614242736e-01	1.288249551693134e-01
153	1.097135441768431e-01	1.122018454301964e-01
159	1.088932904624760e-01	1.096478196143185e-01
169	1.055515879675258e-01	1.071519305237607e-01
194	9.683266045462002e-02	9.772372209558107e-02
211	9.458666904203095e-02	9.549925860214359e-02
215	9.263647434266986e-02	9.332543007969910e-02
231	9.112338976403800e-02	9.120108393559097e-02
245	8.079169607755643e-02	8.128305161640990e-02
278	7.682078609235465e-02	7.762471166286916e-02
291	7.012397348328658e-02	7.079457843841380e-02
295	6.878719381014231e-02	6.918309709189366e-02
358	6.753350854446682e-02	6.760829753919818e-02
379	6.576793910073142e-02	6.606934480075961e-02
544	6.226490598492751e-02	6.309573444801933e-02
590	5.897319884408059e-02	6.025595860743578e-02
602	5.870163987495647e-02	5.888436553555890e-02
637	5.659727816513338e-02	5.754399373371569e-02
670	5.619543793915405e-02	5.623413251903491e-02
722	5.395974386436886e-02	5.495408738576246e-02
726	5.279249535125830e-02	5.370317963702527e-02
734	5.198676398446922e-02	5.248074602497726e-02
740	5.078984211774673e-02	5.128613839913648e-02
742	5.000672583362287e-02	5.011872336272722e-02
770	4.851347768233594e-02	4.897788193684462e-02
771	4.701552561848199e-02	4.786300923226382e-02
775	4.588766710668180e-02	4.677351412871981e-02
812	4.569490526806874e-02	4.570881896148749e-02
853	4.336639023711064e-02	4.365158322401658e-02
860	4.205522612524992e-02	4.265795188015926e-02
877	4.125644001908668e-02	4.168693834703355e-02
897	4.072440178478109e-02	4.073802778041128e-02
911	3.846781721727899e-02	3.890451449942807e-02
914	3.766463221052163e-02	3.801893963205612e-02
933	3.682310449424808e-02	3.715352290971726e-02
942	3.578421883965588e-02	3.630780547701014e-02
947	3.510931577963339e-02	3.548133892335755e-02
963	3.458993320043280e-02	3.467368504525317e-02
981	3.073480715509802e-02	3.090295432513590e-02
1022	3.019693565227399e-02	3.019951720402016e-02
1068	2.948956300469696e-02	2.951209226666385e-02
1091	2.858756552158093e-02	2.884031503126606e-02
1113	2.814680126908953e-02	2.818382931264454e-02
1154	2.748154491227495e-02	2.754228703338166e-02
1155	2.687381093845154e-02	2.691534803926915e-02
1179	2.624943412695591e-02	2.630267991895381e-02
1531	2.567469801948663e-02	2.570395782768863e-02
1545	2.475825585197744e-02	2.511886431509579e-02
1589	2.397163418824377e-02	2.398832919019490e-02
1646	2.334854479192072e-02	2.344228815319923e-02
1647	2.160141088265866e-02	2.187761623949553e-02
1651	2.097160490885719e-02	2.137962089502233e-02
1656	2.088306724282607e-02	2.089296130854040e-02
1666	1.814019008878665e-02	1.819700858609984e-02
1677	1.775116510022412e-02	1.778279410038923e-02
2123	1.736897287155470e-02	1.737800828749375e-02
2160	1.688496147210861e-02	1.698243652461744e-02
2176	1.595697038579846e-02	1.621810097358930e-02
2177	1.547294175090053e-02	1.548816618912481e-02
2192	1.512844355301868e-02	1.513561248436208e-02
2209	1.476913179886108e-02	1.479108388168207e-02
2260	1.407044112521183e-02	1.412537544622754e-02
2288	1.370535421003283e-02	1.380384264602885e-02
2931	1.346792490867210e-02	1.348962882591653e-02
3012	1.317256815504730e-02	1.318256738556407e-02
3036	1.278314639959222e-02	1.288249551693134e-02
3102	1.257914810999927e-02	1.258925411794167e-02
3114	1.204228218358405e-02	1.230268770812382e-02
3124	1.191687302409705e-02	1.202264434617413e-02
3166	1.174589017700678e-02	1.174897554939530e-02
3272	1.147730305314654e-02	1.148153621496883e-02
4340	1.121801743992556e-02	1.122018454301964e-02
4344	1.087312172969879e-02	1.096478196143185e-02
4397	1.071020182611293e-02	1.071519305237606e-02
4430	1.046824617457576e-02	1.047128548050900e-02
4438	1.023220096412780e-02	1.023292992280754e-02
4520	9.998955353301198e-03	1.000000000000000e-02
4611	9.770009252772827e-03	9.772372209558112e-03
4627	9.401717130969600e-03	9.549925860214359e-03
4645	9.323149606872416e-03	9.332543007969915e-03
4662	9.104698133757916e-03	9.120108393559097e-03
6049	8.826721675601057e-03	8.912509381337459e-03
6075	8.461873525431041e-03	8.511380382023767e-03
6117	8.095616318383403e-03	8.128305161640995e-03
6139	7.828078010840733e-03	7.943282347242814e-03
6156	7.417810747034626e-03	7.585775750291836e-03
6166	7.409266866845954e-03	7.413102413009177e-03
6244	7.244352278643174e-03	7.244359600749898e-03
6280	7.078474985992678e-03	7.079457843841380e-03
6297	6.559705713767294e-03	6.606934480075957e-03
6303	6.358941284547726e-03	6.456542290346556e-03
6357	6.203126514600199e-03	6.309573444801930e-03
6359	6.022127807898681e-03	6.025595860743574e-03
6394	5.833114520516158e-03	5.888436553555890e-03
6473	5.754369207903620e-03	5.754399373371567e-03
6508	5.622438208862213e-03	5.623413251903491e-03
6551	5.427851420974239e-03	5.495408738576248e-03
7164	5.369580136733276e-03	5.370317963702527e-03
8656	5.247273149266651e-03	5.248074602497728e-03
8776	5.127094126866405e-03	5.128613839913648e-03
8829	5.009642650466217e-03	5.011872336272725e-03
8934	4.819756496302841e-03	4.897788193684461e-03
8957	4.761187738977934e-03	4.786300923226385e-03
9019	4.623209328266431e-03	4.677351412871981e-03
9097	4.570782525713746e-03	4.570881896148752e-03
11859	4.356423955226507e-03	4.365158322401661e-03
11958	4.166535943688543e-03	4.168693834703355e-03
12123	4.071292664029058e-03	4.073802778041126e-03
12233	3.970107430525061e-03	3.981071705534973e-03
12274	3.843197297454637e-03	3.890451449942805e-03
12326	3.787019409885795e-03	3.801893963205613e-03
12418	3.715001606430568e-03	3.715352290971724e-03
12604	3.630768269871743e-03	3.630780547701014e-03
16333	3.444938562929822e-03	3.467368504525317e-03
16493	3.280365765376381e-03	3.311311214825911e-03
16529	3.222924506518510e-03	3.235936569296281e-03
16822	3.162271433233554e-03	3.162277660168379e-03
16961	3.085135059682886e-03	3.090295432513592e-03
17079	2.921595150381484e-03	2.951209226666387e-03
17124	2.866701037286257e-03	2.884031503126605e-03
17262	2.803766128694929e-03	2.818382931264455e-03
22340	2.754193478361144e-03	2.754228703338166e-03
22506	2.608319379530100e-03	2.630267991895381e-03
22600	2.570387071777369e-03	2.570395782768865e-03
22710	2.511609155951389e-03	2.511886431509579e-03
22877	2.448611045142934e-03	2.454708915685031e-03
22880	2.093034270786887e-03	2.137962089502233e-03
22904	2.088909405459694e-03	2.089296130854039e-03
22976	2.027829810381632e-03	2.041737944669530e-03
23235	1.994851623188576e-03	1.995262314968879e-03
23575	1.944728893225611e-03	1.949844599758046e-03
30665	1.903426003753705e-03	1.905460717963246e-03
30746	1.801550376296146e-03	1.819700858609983e-03
30791	1.770310598933067e-03	1.778279410038923e-03
31107	1.737800750169938e-03	1.737800828749376e-03
31355	1.513872743582056e-03	1.548816618912481e-03
31364	1.510913207378506e-03	1.513561248436209e-03
31722	1.478884984266404e-03	1.479108388168207e-03
31988	1.441358937656956e-03	1.445439770745928e-03
32106	1.394236385764192e-03	1.412537544622754e-03
32330	1.379862685215838e-03	1.380384264602885e-03
32580	1.343107063823012e-03	1.348962882591653e-03
32775	1.316045356478335e-03	1.318256738556408e-03
33025	1.283624716439058e-03	1.288249551693134e-03
33318	1.257878095419329e-03	1.258925411794167e-03
33512	1.221196947361003e-03	1.230268770812381e-03
33685	1.201456069511608e-03	1.202264434617413e-03
34399	1.167134079075427e-03	1.174897554939529e-03
34489	1.147587362345770e-03	1.148153621496883e-03
34916	1.122017891408866e-03	1.122018454301963e-03
35460	1.087248594922041e-03	1.096478196143185e-03
35779	1.016451919476524e-03	1.023292992280754e-03
36100	9.999929962684062e-04	1.000000000000000e-03
36278	9.743728505685612e-04	9.772372209558111e-04
36528	9.539336667719889e-04	9.549925860214359e-04
36965	9.268941217084326e-04	9.332543007969915e-04
37187	9.084938329044778e-04	9.120108393559096e-04
37455	8.912310619529906e-04	8.912509381337459e-04
37903	8.688502330445047e-04	8.709635899560805e-04
38569	8.509784078184479e-04	8.511380382023768e-04
39113	8.290435785872630e-04	8.317637711026709e-04
39551	8.124403589239160e-04	8.128305161640995e-04
39895	7.941926914917241e-04	7.943282347242813e-04
40644	7.762058683130624e-04	7.762471166286919e-04
41553	7.546061118789416e-04	7.585775750291835e-04
41784	7.393654710671216e-04	7.413102413009177e-04
42037	7.160436196391728e-04	7.244359600749898e-04
42587	7.075873847558478e-04	7.079457843841380e-04
43334	6.918243175303429e-04	6.918309709189362e-04
44276	6.739711859998776e-04	6.760829753919819e-04
45285	6.595530996268417e-04	6.606934480075957e-04
46358	6.450998335628677e-04	6.456542290346556e-04
47926	6.263522152106793e-04	6.309573444801930e-04
48950	6.165714045252013e-04	6.165950018614823e-04
49641	5.937535253177639e-04	6.025595860743575e-04
49773	5.708277755152036e-04	5.754399373371566e-04
50291	5.580459060546827e-04	5.623413251903491e-04
51567	5.492552048390609e-04	5.495408738576248e-04
52660	5.368880243742380e-04	5.370317963702527e-04
53493	5.073396052016621e-04	5.128613839913648e-04
53650	4.982398412586297e-04	5.011872336272725e-04
54418	4.893423623540949e-04	4.897788193684461e-04
54812	4.785005259110298e-04	4.786300923226385e-04
56312	4.677337755111255e-04	4.677351412871981e-04
57729	4.558370760746611e-04	4.570881896148752e-04
58647	4.457957983453609e-04	4.466835921509630e-04
58734	4.339202521692620e-04	4.365158322401661e-04
59853	4.262481173271659e-04	4.265795188015926e-04
61126	4.165634976586174e-04	4.168693834703355e-04
63444	4.073713688973468e-04	4.073802778041126e-04
65364	3.973325662338656e-04	3.981071705534974e-04
67518	3.883071691342943e-04	3.890451449942805e-04
70118	3.799592619286862e-04	3.801893963205612e-04
72055	3.685622430091851e-04	3.715352290971724e-04
73936	3.630779522636463e-04	3.630780547701014e-04
74549	3.525049047535811e-04	3.548133892335753e-04
75025	3.462439511687787e-04	3.467368504525317e-04
77787	3.387824073964874e-04	3.388441561392024e-04
78920	3.308167377685800e-04	3.311311214825911e-04
80962	3.235305879497608e-04	3.235936569296281e-04
83670	3.162162298042670e-04	3.162277660168379e-04
85614	3.088660038083058e-04	3.090295432513592e-04
88228	2.951264717436786e-04	3.019951720402016e-04
88234	2.951153525755368e-04	2.951209226666387e-04
90776	2.883367627042333e-04	2.884031503126605e-04
93048	2.817410769611062e-04	2.818382931264455e-04
95654	2.741479204845243e-04	2.754228703338166e-04
98194	2.690902683912810e-04	2.691534803926917e-04
101924	2.629701287631958e-04	2.630267991895381e-04
105069	2.565716253639660e-04	2.570395782768865e-04
108749	2.511058349192741e-04	2.511886431509580e-04
112135	2.444518864115341e-04	2.454708915685031e-04
114182	2.316013315127874e-04	2.344228815319923e-04
116047	2.290724456567306e-04	2.290867652767772e-04
119579	2.238297264733902e-04	2.238721138568340e-04
123251	2.187227148658932e-04	2.187761623949552e-04
126553	2.135976724368938e-04	2.137962089502232e-04
132334	2.088930178918424e-04	2.089296130854039e-04
134781	2.041425395784557e-04	2.041737944669530e-04
137820	1.954792893994473e-04	1.995262314968879e-04
138194	1.949836013851458e-04	1.949844599758046e-04
144604	1.901456660475809e-04	1.905460717963246e-04
150175	1.861249626173844e-04	1.862087136662868e-04
156164	1.819174257502443e-04	1.819700858609983e-04
158928	1.777497687526219e-04	1.778279410038923e-04
162273	1.737516588534715e-04	1.737800828749376e-04
167243	1.683764339379668e-04	1.698243652461744e-04
171325	1.659586675194502e-04	1.659586907437562e-04
174338	1.619227051887773e-04	1.621810097358930e-04
179575	1.584785757642315e-04	1.584893192461114e-04
180001	1.582963678075089e-04	1.584893192461114e-04
%
% index = 894, name = bbob_f001_i21_d03__bbob_f013_i22_d03
% instance = 10, reference value = 9.354315882175150e-01
% function evaluation | indicator value | target hit
1	1.959584350123000e+00	1.995262314968880e+00
49	8.783807815305669e-01	8.912509381337456e-01
80	7.891370000075508e-01	7.943282347242815e-01
234	7.519786818209022e-01	7.585775750291838e-01
244	7.199785768991441e-01	7.244359600749900e-01
246	6.721021732845729e-01	6.760829753919817e-01
268	6.533348242289938e-01	6.606934480075960e-01
277	5.593672856111966e-01	5.623413251903491e-01
325	5.476699978732255e-01	5.495408738576245e-01
328	4.478868247675430e-01	4.570881896148750e-01
344	4.260762790818069e-01	4.265795188015927e-01
353	2.561282890844003e-01	2.570395782768864e-01
409	2.494945939451784e-01	2.511886431509580e-01
414	2.431093581419393e-01	2.454708915685030e-01
431	2.354228662156720e-01	2.398832919019490e-01
433	2.053475261586042e-01	2.089296130854039e-01
445	2.009427413133047e-01	2.041737944669530e-01
465	1.932239866541405e-01	1.949844599758045e-01
467	1.475120891506457e-01	1.479108388168208e-01
469	1.377119159870492e-01	1.380384264602885e-01
576	1.148360043887746e-01	1.174897554939529e-01
581	1.142295310360908e-01	1.148153621496883e-01
597	1.116916985018777e-01	1.122018454301964e-01
607	1.085134034538552e-01	1.096478196143185e-01
659	1.055054267750574e-01	1.071519305237607e-01
679	1.006725750737339e-01	1.023292992280754e-01
691	9.908567123661938e-02	1.000000000000000e-01
692	9.332212912287230e-02	9.332543007969910e-02
716	8.895890538310103e-02	8.912509381337455e-02
782	8.577497987143012e-02	8.709635899560805e-02
793	8.444784091833657e-02	8.511380382023763e-02
801	6.098377586804038e-02	6.165950018614822e-02
818	5.859092755854289e-02	5.888436553555890e-02
863	5.737353779985421e-02	5.754399373371569e-02
885	5.619967160512263e-02	5.623413251903491e-02
903	5.478320722461794e-02	5.495408738576246e-02
917	5.365616611717217e-02	5.370317963702527e-02
943	5.246512968552419e-02	5.248074602497726e-02
955	5.089384688650977e-02	5.128613839913648e-02
984	4.989504750762452e-02	5.011872336272722e-02
1000	4.896845985390585e-02	4.897788193684462e-02
1165	4.756338015927408e-02	4.786300923226382e-02
1193	4.668029524602491e-02	4.677351412871981e-02
1269	4.565681198227411e-02	4.570881896148749e-02
1343	4.459595549300477e-02	4.466835921509630e-02
1405	4.100620513615827e-02	4.168693834703355e-02
1435	4.030127565721364e-02	4.073802778041128e-02
1494	3.979898570383633e-02	3.981071705534973e-02
1799	3.890115043589137e-02	3.890451449942807e-02
1871	3.798568570566574e-02	3.801893963205612e-02
1954	3.691203517372221e-02	3.715352290971726e-02
2004	3.625738343320872e-02	3.630780547701014e-02
2110	3.500929575155909e-02	3.548133892335755e-02
2545	3.465190700134813e-02	3.467368504525317e-02
3139	3.383365321783161e-02	3.388441561392026e-02
3322	3.309231235604726e-02	3.311311214825911e-02
4293	3.234674380870761e-02	3.235936569296283e-02
4730	3.104010511258060e-02	3.162277660168379e-02
4895	3.083698889556752e-02	3.090295432513590e-02
6314	3.006945090453506e-02	3.019951720402016e-02
6649	2.925862790780265e-02	2.951209226666385e-02
8434	2.879194820949682e-02	2.884031503126606e-02
9183	2.818336617547701e-02	2.818382931264454e-02
12785	2.750035376210136e-02	2.754228703338166e-02
12994	2.683827917661041e-02	2.691534803926915e-02
16460	2.630025349590936e-02	2.630267991895381e-02
18845	2.530648964016158e-02	2.570395782768863e-02
19337	2.510393246089193e-02	2.511886431509579e-02
22063	2.409497941972993e-02	2.454708915685030e-02
26835	2.398831916029431e-02	2.398832919019490e-02
29237	2.333189002623892e-02	2.344228815319923e-02
32169	2.290700639519738e-02	2.290867652767773e-02
38597	2.218568942162658e-02	2.238721138568340e-02
40540	2.176110794564590e-02	2.187761623949553e-02
45464	2.131633542597011e-02	2.137962089502233e-02
53210	2.080782427404559e-02	2.089296130854040e-02
56383	2.041561657682200e-02	2.041737944669529e-02
59617	1.994911472011063e-02	1.995262314968880e-02
61102	1.945945579851660e-02	1.949844599758046e-02
61391	1.891338115560248e-02	1.905460717963247e-02
64028	1.860228916498852e-02	1.862087136662868e-02
68643	1.818299566050663e-02	1.819700858609984e-02
69275	1.775946697113140e-02	1.778279410038923e-02
73959	1.712898884906311e-02	1.737800828749375e-02
74877	1.693363403403003e-02	1.698243652461744e-02
75212	1.657864528404274e-02	1.659586907437561e-02
75239	1.603455479606974e-02	1.621810097358930e-02
75369	1.577318527756155e-02	1.584893192461113e-02
76579	1.538464422627983e-02	1.548816618912481e-02
79369	1.512708038802213e-02	1.513561248436208e-02
81320	1.448624751783856e-02	1.479108388168207e-02
81522	1.444370007200502e-02	1.445439770745927e-02
82695	1.410623675663403e-02	1.412537544622754e-02
83046	1.353280692290504e-02	1.380384264602885e-02
83644	1.348234713402308e-02	1.348962882591653e-02
84426	1.293552820193677e-02	1.318256738556407e-02
86107	1.288054238961123e-02	1.288249551693134e-02
89730	1.246830489215067e-02	1.258925411794167e-02
91455	1.227686686099250e-02	1.230268770812382e-02
98347	1.201972568460175e-02	1.202264434617413e-02
99253	1.173592600338813e-02	1.174897554939530e-02
99771	1.125915218987394e-02	1.148153621496883e-02
99803	1.105813495507957e-02	1.122018454301964e-02
101321	1.087540030881085e-02	1.096478196143185e-02
102310	1.064159638120721e-02	1.071519305237606e-02
103123	1.043949319917292e-02	1.047128548050900e-02
103886	1.016481856080986e-02	1.023292992280754e-02
104295	9.991865491558727e-03	1.000000000000000e-02
105796	9.703054327358740e-03	9.772372209558112e-03
106391	9.450223354720233e-03	9.549925860214359e-03
107317	9.313965304689309e-03	9.332543007969915e-03
109748	9.100981574768685e-03	9.120108393559097e-03
112423	8.895540677047120e-03	8.912509381337459e-03
115197	8.687663006404001e-03	8.709635899560805e-03
122727	8.506164681074124e-03	8.511380382023767e-03
127720	8.295186818749412e-03	8.317637711026709e-03
128316	8.127942402177846e-03	8.128305161640995e-03
128584	7.871515752105651e-03	7.943282347242814e-03
129128	7.720270106909677e-03	7.762471166286920e-03
130132	7.520215933109586e-03	7.585775750291836e-03
130917	7.365622844795472e-03	7.413102413009177e-03
131128	7.226261872320450e-03	7.244359600749898e-03
131507	6.994027183542584e-03	7.079457843841380e-03
132762	6.707834789951850e-03	6.760829753919818e-03
135756	6.594979176504534e-03	6.606934480075957e-03
136780	6.377013934942832e-03	6.456542290346556e-03
141377	6.308719210850411e-03	6.309573444801930e-03
144053	5.825949696707466e-03	5.888436553555890e-03
145736	5.561031890485624e-03	5.623413251903491e-03
151277	5.378221825114937e-03	5.495408738576248e-03
151762	5.365946409153888e-03	5.370317963702527e-03
152703	5.210947981743486e-03	5.248074602497728e-03
158091	5.073457311612906e-03	5.128613839913648e-03
158735	4.993191904211880e-03	5.011872336272725e-03
159654	4.777408784004789e-03	4.786300923226385e-03
160297	4.677246379588995e-03	4.677351412871981e-03
160851	4.550874280218831e-03	4.570881896148752e-03
161449	4.203097971350211e-03	4.265795188015926e-03
162991	4.069239519520096e-03	4.073802778041126e-03
164988	3.938162983365801e-03	3.981071705534973e-03
170639	3.876041275002962e-03	3.890451449942805e-03
174068	3.712047731853740e-03	3.715352290971724e-03
176352	3.564113642548827e-03	3.630780547701014e-03
177064	3.539451847689778e-03	3.548133892335753e-03
182717	3.502623591263854e-03	3.548133892335753e-03
%
% index = 895, name = bbob_f001_i23_d03__bbob_f013_i24_d03
% instance = 11, reference value = 1.000000000000000e+00
% function evaluation | indicator value | target hit
1	9.230952245256974e-01	9.332543007969910e-01
7	7.949165662075571e-01	8.128305161640993e-01
32	7.277311680445822e-01	7.413102413009175e-01
49	6.464976864496540e-01	6.606934480075960e-01
100	6.456382320765366e-01	6.456542290346555e-01
162	6.147010930715533e-01	6.165950018614822e-01
177	6.017545007452126e-01	6.025595860743578e-01
246	4.644258670365861e-01	4.677351412871982e-01
281	4.336841844871083e-01	4.365158322401660e-01
297	4.188492897154558e-01	4.265795188015927e-01
348	4.126971524115539e-01	4.168693834703354e-01
396	4.035809837428991e-01	4.073802778041127e-01
410	3.654972226602868e-01	3.715352290971726e-01
429	3.523456349061570e-01	3.548133892335755e-01
450	2.948300775001629e-01	2.951209226666385e-01
513	2.730436880144729e-01	2.754228703338166e-01
564	2.651312264879824e-01	2.691534803926916e-01
641	2.590187563207978e-01	2.630267991895382e-01
662	2.546036856699782e-01	2.570395782768864e-01
704	2.509514306480461e-01	2.511886431509580e-01
718	2.417098168700644e-01	2.454708915685030e-01
740	2.384666056736924e-01	2.398832919019490e-01
788	2.317206341415476e-01	2.344228815319922e-01
946	2.279387692692616e-01	2.290867652767773e-01
1038	2.238075291747589e-01	2.238721138568339e-01
1464	2.187061317721591e-01	2.187761623949552e-01
2813	2.136146253867524e-01	2.137962089502232e-01
5915	2.074068310004391e-01	2.089296130854039e-01
14822	1.999685545344261e-01	2.041737944669530e-01
28610	1.995262188944876e-01	1.995262314968880e-01
135263	1.949612882599187e-01	1.949844599758045e-01
180001	1.941048727506410e-01	1.949844599758045e-01
%
% index = 896, name = bbob_f001_i25_d03__bbob_f013_i26_d03
% instance = 12, reference value = 1.000000000000000e+00
% function evaluation | indicator value | target hit
1	5.610181821271472e-01	5.623413251903491e-01
14	5.478334789914572e-01	5.495408738576245e-01
38	4.455402575667251e-01	4.466835921509631e-01
40	4.157346858573931e-01	4.168693834703354e-01
63	4.071277050748023e-01	4.073802778041127e-01
84	3.816202498909722e-01	3.890451449942806e-01
91	3.800779056935177e-01	3.801893963205612e-01
123	3.354187454497985e-01	3.388441561392025e-01
142	2.882770352779814e-01	2.884031503126606e-01
200	2.799080326573445e-01	2.818382931264454e-01
242	2.623368806670425e-01	2.630267991895382e-01
338	2.570292239281375e-01	2.570395782768864e-01
363	2.482132437913600e-01	2.511886431509580e-01
537	2.450380929107385e-01	2.454708915685030e-01
714	2.394923346580471e-01	2.398832919019490e-01
715	2.340324820239816e-01	2.344228815319922e-01
843	2.290618860991459e-01	2.290867652767773e-01
866	2.165691685420013e-01	2.187761623949552e-01
903	2.135929139791169e-01	2.137962089502232e-01
923	2.086440213576464e-01	2.089296130854039e-01
1143	2.039275947906639e-01	2.041737944669530e-01
1590	1.994302094881636e-01	1.995262314968880e-01
1715	1.947343234490869e-01	1.949844599758045e-01
4055	1.905136126212529e-01	1.905460717963247e-01
29525	1.862039835304242e-01	1.862087136662867e-01
180001	1.849658670036192e-01	1.862087136662867e-01
%
% index = 897, name = bbob_f001_i27_d03__bbob_f013_i28_d03
% instance = 13, reference value = 1.000000000000000e+00
% function evaluation | indicator value | target hit
1	8.289824353849014e-01	8.317637711026710e-01
24	8.012559141590416e-01	8.128305161640993e-01
30	7.375679992534677e-01	7.413102413009175e-01
49	6.766563190298756e-01	6.918309709189365e-01
59	6.744641385289610e-01	6.760829753919817e-01
72	6.522061668846417e-01	6.606934480075960e-01
92	5.905456122208235e-01	6.025595860743578e-01
114	5.660797428653921e-01	5.754399373371569e-01
141	5.575160897266848e-01	5.623413251903491e-01
153	5.355641773458587e-01	5.370317963702527e-01
178	4.793439066479774e-01	4.897788193684462e-01
183	4.754086303744872e-01	4.786300923226383e-01
185	4.531805590683375e-01	4.570881896148750e-01
254	4.440482414517295e-01	4.466835921509631e-01
272	4.184878401529692e-01	4.265795188015927e-01
287	4.153197569823019e-01	4.168693834703354e-01
314	3.507862098566621e-01	3.548133892335755e-01
315	3.392650254771824e-01	3.467368504525316e-01
330	3.272604359791395e-01	3.311311214825911e-01
360	3.125308347334663e-01	3.162277660168379e-01
382	3.032774060549275e-01	3.090295432513591e-01
383	3.016718075596443e-01	3.019951720402016e-01
384	2.917996600614222e-01	2.951209226666385e-01
406	2.869204470432151e-01	2.884031503126606e-01
419	2.817010356913556e-01	2.818382931264454e-01
487	2.744773745972102e-01	2.754228703338166e-01
496	2.678631121378675e-01	2.691534803926916e-01
546	2.595647213392626e-01	2.630267991895382e-01
550	2.550264699136799e-01	2.570395782768864e-01
558	2.498784924255346e-01	2.511886431509580e-01
594	2.389782956773041e-01	2.398832919019490e-01
745	2.335904116948696e-01	2.344228815319922e-01
761	2.167095389775160e-01	2.187761623949552e-01
807	2.137905476912185e-01	2.137962089502232e-01
904	2.085156033081733e-01	2.089296130854039e-01
2398	2.041728981307697e-01	2.041737944669530e-01
7159	1.979777472995720e-01	1.995262314968880e-01
7492	1.945615092809586e-01	1.949844599758045e-01
42291	1.887610100542214e-01	1.905460717963247e-01
180000	1.876008236841705e-01	1.905460717963247e-01
%
% index = 898, name = bbob_f001_i29_d03__bbob_f013_i30_d03
% instance = 14, reference value = 1.000000000000000e+00
% function evaluation | indicator value | target hit
1	9.709287835816183e-01	9.772372209558107e-01
2	7.178698634401884e-01	7.244359600749900e-01
38	7.061970937504152e-01	7.079457843841379e-01
40	6.655421093325798e-01	6.760829753919817e-01
61	6.572310657145090e-01	6.606934480075960e-01
85	6.005194576174425e-01	6.025595860743578e-01
86	4.485183594747565e-01	4.570881896148750e-01
95	4.446584557477666e-01	4.466835921509631e-01
137	4.351673186618834e-01	4.365158322401660e-01
149	4.258714360105771e-01	4.265795188015927e-01
193	4.165535052283247e-01	4.168693834703354e-01
227	4.043345302624332e-01	4.073802778041127e-01
241	3.906209690076926e-01	3.981071705534972e-01
260	3.690984412465395e-01	3.715352290971726e-01
262	3.620660359781652e-01	3.630780547701014e-01
282	3.418176058733854e-01	3.467368504525316e-01
289	3.385682778527020e-01	3.388441561392025e-01
311	3.259641085029061e-01	3.311311214825911e-01
314	3.230766224191476e-01	3.235936569296283e-01
337	3.029270927181967e-01	3.090295432513591e-01
357	3.006685650516929e-01	3.019951720402016e-01
358	2.944867236898391e-01	2.951209226666385e-01
406	2.866121980344298e-01	2.884031503126606e-01
408	2.805392614483914e-01	2.818382931264454e-01
453	2.740987071750220e-01	2.754228703338166e-01
493	2.688266876819211e-01	2.691534803926916e-01
520	2.617131976401470e-01	2.630267991895382e-01
550	2.562722241495059e-01	2.570395782768864e-01
751	2.415711079654226e-01	2.454708915685030e-01
785	2.398422543588944e-01	2.398832919019490e-01
842	2.343357480001972e-01	2.344228815319922e-01
1198	2.290064063614553e-01	2.290867652767773e-01
1794	2.238649739351768e-01	2.238721138568339e-01
3739	2.184552359397157e-01	2.187761623949552e-01
180001	2.144726437890258e-01	2.187761623949552e-01
%
% index = 899, name = bbob_f001_i31_d03__bbob_f013_i34_d03
% instance = 15, reference value = 1.000000000000000e+00
% function evaluation | indicator value | target hit
1	6.734156560016893e-01	6.760829753919817e-01
19	6.305875182440543e-01	6.309573444801932e-01
25	6.104715912381962e-01	6.165950018614822e-01
35	5.507812535913935e-01	5.623413251903491e-01
50	5.175079588654221e-01	5.248074602497725e-01
62	5.097869280098450e-01	5.128613839913648e-01
70	4.951666584431975e-01	5.011872336272722e-01
104	4.802676179467010e-01	4.897788193684462e-01
136	4.783548387718218e-01	4.786300923226383e-01
149	4.532141704417247e-01	4.570881896148750e-01
184	4.461997105163599e-01	4.466835921509631e-01
229	4.355693560568022e-01	4.365158322401660e-01
257	4.260181370672148e-01	4.265795188015927e-01
266	4.067096579604627e-01	4.073802778041127e-01
319	3.971817084962210e-01	3.981071705534972e-01
334	3.889298677182726e-01	3.890451449942806e-01
536	3.784846750875271e-01	3.801893963205612e-01
563	3.679717371717260e-01	3.715352290971726e-01
637	3.626461496700804e-01	3.630780547701014e-01
713	3.548126823317210e-01	3.548133892335755e-01
1051	3.466834762052786e-01	3.467368504525316e-01
1593	3.387797054435756e-01	3.388441561392025e-01
3423	3.310677031835009e-01	3.311311214825911e-01
180001	3.242891126511234e-01	3.311311214825911e-01
