%
% index = 2970, name = bbob_f008_i02_d10__bbob_f021_i04_d10
% instance = 1, reference value = 9.661353415225720e-01
% function evaluation | indicator value | target hit
1	9.232667548230212e-01	9.332543007969910e-01
4	8.779302844638278e-01	8.912509381337456e-01
12	8.572651175806425e-01	8.709635899560807e-01
54	8.254863939829002e-01	8.317637711026710e-01
92	8.094381823407288e-01	8.128305161640993e-01
110	7.524162630073074e-01	7.585775750291838e-01
114	7.382501256016003e-01	7.413102413009175e-01
210	7.233383533875231e-01	7.244359600749900e-01
217	6.691274846641836e-01	6.760829753919817e-01
229	5.772364151772866e-01	5.888436553555889e-01
283	5.752712434333314e-01	5.754399373371569e-01
433	5.604375803940514e-01	5.623413251903491e-01
442	5.228480513343134e-01	5.248074602497725e-01
490	5.011090023445867e-01	5.011872336272722e-01
503	4.440828253910107e-01	4.466835921509631e-01
528	4.333470484538535e-01	4.365158322401660e-01
611	4.029267545650337e-01	4.073802778041127e-01
665	3.714560868664499e-01	3.715352290971726e-01
731	3.615773281126601e-01	3.630780547701014e-01
757	3.401760610303468e-01	3.467368504525316e-01
799	3.009497067541516e-01	3.019951720402016e-01
875	2.804943336832757e-01	2.818382931264454e-01
1050	2.678257549150180e-01	2.691534803926916e-01
1206	2.540289151000457e-01	2.570395782768864e-01
1287	2.453488806421958e-01	2.454708915685030e-01
1655	2.367441706964176e-01	2.398832919019490e-01
1928	2.325080320458093e-01	2.344228815319922e-01
1945	2.168373971451205e-01	2.187761623949552e-01
2034	2.104435439595203e-01	2.137962089502232e-01
2274	2.089208104913557e-01	2.089296130854039e-01
2285	1.892277662654999e-01	1.905460717963247e-01
3311	1.862064494160925e-01	1.862087136662867e-01
3811	1.750000176997135e-01	1.778279410038923e-01
4864	1.668583755052178e-01	1.698243652461744e-01
4875	1.580792907434767e-01	1.584893192461113e-01
6373	1.516356755500534e-01	1.548816618912481e-01
6689	1.498372700785445e-01	1.513561248436208e-01
7692	1.475345161785566e-01	1.479108388168208e-01
9231	1.422171873256667e-01	1.445439770745928e-01
11874	1.349256871764718e-01	1.380384264602885e-01
11923	1.339118267015124e-01	1.348962882591654e-01
14930	1.318255784879550e-01	1.318256738556407e-01
15484	1.275152898352846e-01	1.288249551693134e-01
20225	1.258925217198990e-01	1.258925411794167e-01
23033	1.221232887310637e-01	1.230268770812381e-01
24315	1.165063642300548e-01	1.174897554939529e-01
25016	1.147286433925491e-01	1.148153621496883e-01
29287	1.102099160866263e-01	1.122018454301964e-01
32490	1.080672752021389e-01	1.096478196143185e-01
34559	1.068938266560859e-01	1.071519305237607e-01
35674	1.047044590845434e-01	1.047128548050900e-01
36428	1.017613412287331e-01	1.023292992280754e-01
38702	9.324116209318511e-02	9.332543007969910e-02
39721	8.910658966405149e-02	8.912509381337455e-02
40490	8.444288544126133e-02	8.511380382023763e-02
42845	8.098058037027112e-02	8.128305161640990e-02
49496	7.942689924397739e-02	7.943282347242814e-02
52549	7.754059917911582e-02	7.762471166286916e-02
54109	7.442740754952704e-02	7.585775750291836e-02
56338	7.412523642315616e-02	7.413102413009177e-02
63970	7.244182773170382e-02	7.244359600749903e-02
72321	7.078614390510218e-02	7.079457843841380e-02
77721	6.855941204085148e-02	6.918309709189366e-02
83661	6.734450579660534e-02	6.760829753919818e-02
88031	6.542502328454769e-02	6.606934480075961e-02
94828	6.417225926475367e-02	6.456542290346556e-02
104466	6.308808146938083e-02	6.309573444801933e-02
112892	6.163526911391437e-02	6.165950018614822e-02
121197	6.025517214923370e-02	6.025595860743578e-02
127683	5.868681499404504e-02	5.888436553555890e-02
140582	5.754392556518373e-02	5.754399373371569e-02
162669	5.599551367345057e-02	5.623413251903491e-02
175222	5.494284782045245e-02	5.495408738576246e-02
196134	5.368757337825747e-02	5.370317963702527e-02
224788	5.238242132412418e-02	5.248074602497726e-02
250135	5.128608941345625e-02	5.128613839913648e-02
269715	5.011848471524727e-02	5.011872336272722e-02
305248	4.896450076778613e-02	4.897788193684462e-02
352851	4.784300288113386e-02	4.786300923226382e-02
384255	4.677321457165007e-02	4.677351412871981e-02
422841	4.570820985848689e-02	4.570881896148749e-02
493477	4.456863998223914e-02	4.466835921509630e-02
548816	4.364923928980569e-02	4.365158322401658e-02
600001	4.275174875742327e-02	4.365158322401658e-02
%
% index = 2971, name = bbob_f008_i03_d10__bbob_f021_i05_d10
% instance = 2, reference value = 9.598593895965420e-01
% function evaluation | indicator value | target hit
1	7.809830500489019e-01	7.943282347242815e-01
22	7.747733653751350e-01	7.762471166286917e-01
62	7.582292116322369e-01	7.585775750291838e-01
63	7.321969381887391e-01	7.413102413009175e-01
113	7.244087471603960e-01	7.244359600749900e-01
218	7.079282683278842e-01	7.079457843841379e-01
327	6.790203473689922e-01	6.918309709189365e-01
394	6.758044304322257e-01	6.760829753919817e-01
454	6.580512555024225e-01	6.606934480075960e-01
526	5.823533495192019e-01	5.888436553555889e-01
533	5.583115934501774e-01	5.623413251903491e-01
655	4.392286828314238e-01	4.466835921509631e-01
731	4.364429613824693e-01	4.365158322401660e-01
763	4.254637228933034e-01	4.265795188015927e-01
860	4.167626492290322e-01	4.168693834703354e-01
936	3.790033002252483e-01	3.801893963205612e-01
1027	3.709506008452823e-01	3.715352290971726e-01
1146	3.630669992979160e-01	3.630780547701014e-01
1664	3.545017836453779e-01	3.548133892335755e-01
2314	3.467268598054117e-01	3.467368504525316e-01
2398	3.388152023274950e-01	3.388441561392025e-01
2663	3.306896465624310e-01	3.311311214825911e-01
2782	3.232689716403400e-01	3.235936569296283e-01
2892	3.144384467092870e-01	3.162277660168379e-01
3085	3.082341919201804e-01	3.090295432513591e-01
3106	2.931155025376627e-01	2.951209226666385e-01
3198	2.882583401975682e-01	2.884031503126606e-01
3347	2.815879626639497e-01	2.818382931264454e-01
3666	2.748527926341969e-01	2.754228703338166e-01
3814	2.690057295229089e-01	2.691534803926916e-01
3858	2.584014413084316e-01	2.630267991895382e-01
3930	2.569956780986286e-01	2.570395782768864e-01
4322	2.498688646836632e-01	2.511886431509580e-01
4916	2.442235811443486e-01	2.454708915685030e-01
4948	2.343606475227121e-01	2.344228815319922e-01
5266	2.290717522770807e-01	2.290867652767773e-01
5295	2.188394460310923e-01	2.238721138568339e-01
5296	2.187170024984205e-01	2.187761623949552e-01
6258	2.134460896247680e-01	2.137962089502232e-01
7229	2.049499822288163e-01	2.089296130854039e-01
7242	2.000053794260847e-01	2.041737944669530e-01
7259	1.995127216350102e-01	1.995262314968880e-01
7545	1.895927611639188e-01	1.905460717963247e-01
8571	1.860533792302846e-01	1.862087136662867e-01
8802	1.789134919905454e-01	1.819700858609984e-01
8856	1.755492205133550e-01	1.778279410038923e-01
9063	1.666280211001997e-01	1.698243652461744e-01
9321	1.657981501088652e-01	1.659586907437560e-01
10792	1.619835124657618e-01	1.621810097358930e-01
11566	1.575532049399219e-01	1.584893192461113e-01
12711	1.548535969551083e-01	1.548816618912481e-01
13764	1.508027196481454e-01	1.513561248436208e-01
14180	1.478983626915408e-01	1.479108388168208e-01
14398	1.443866084648144e-01	1.445439770745928e-01
15506	1.412163381446100e-01	1.412537544622754e-01
16700	1.372532104371451e-01	1.380384264602885e-01
17155	1.348907349312126e-01	1.348962882591654e-01
17241	1.317713472766135e-01	1.318256738556407e-01
20652	1.273347303044124e-01	1.288249551693134e-01
23618	1.254443253708266e-01	1.258925411794167e-01
25160	1.168125568368660e-01	1.174897554939529e-01
26863	1.148110683134748e-01	1.148153621496883e-01
28454	1.121949506296813e-01	1.122018454301964e-01
31603	1.096382562575045e-01	1.096478196143185e-01
32592	1.057267290794306e-01	1.071519305237607e-01
34196	1.025888763667270e-01	1.047128548050900e-01
34655	1.012811502305552e-01	1.023292992280754e-01
37410	9.997873710181382e-02	1.000000000000000e-01
46671	9.772349491990384e-02	9.772372209558107e-02
55926	9.549871205013405e-02	9.549925860214359e-02
64633	9.332308218044549e-02	9.332543007969910e-02
70471	9.119790188694965e-02	9.120108393559097e-02
77690	8.912196596682065e-02	8.912509381337455e-02
81316	8.628086412032332e-02	8.709635899560805e-02
88029	8.511347432189764e-02	8.511380382023763e-02
100195	8.313169214712812e-02	8.317637711026708e-02
111180	8.128286008472008e-02	8.128305161640990e-02
143581	7.943281990141726e-02	7.943282347242814e-02
259339	7.762471093369461e-02	7.762471166286916e-02
359295	7.574791994733832e-02	7.585775750291836e-02
414009	7.405063468293649e-02	7.413102413009177e-02
584748	7.226891500095622e-02	7.244359600749903e-02
600000	7.223239491478295e-02	7.244359600749903e-02
%
% index = 2972, name = bbob_f008_i07_d10__bbob_f021_i08_d10
% instance = 3, reference value = 9.831243328157110e-01
% function evaluation | indicator value | target hit
1	7.763630512185311e-01	7.943282347242815e-01
13	7.723615133547773e-01	7.762471166286917e-01
18	4.985622637387074e-01	5.011872336272722e-01
61	4.763584409071221e-01	4.786300923226383e-01
66	4.107657863769129e-01	4.168693834703354e-01
241	3.160011836704103e-01	3.162277660168379e-01
322	3.028911730472652e-01	3.090295432513591e-01
324	3.018663025226564e-01	3.019951720402016e-01
363	2.524515094192588e-01	2.570395782768864e-01
370	2.500133438085536e-01	2.511886431509580e-01
373	2.375575485414897e-01	2.398832919019490e-01
406	2.323854849647141e-01	2.344228815319922e-01
427	2.170052191976789e-01	2.187761623949552e-01
456	2.055717301852316e-01	2.089296130854039e-01
497	1.659764119458321e-01	1.698243652461744e-01
514	1.659007861154168e-01	1.659586907437560e-01
839	1.613583965298472e-01	1.621810097358930e-01
964	1.434135332450386e-01	1.445439770745928e-01
966	1.401929741922382e-01	1.412537544622754e-01
1212	1.379353373385481e-01	1.380384264602885e-01
1264	1.347160493312857e-01	1.348962882591654e-01
1294	1.281254567807234e-01	1.288249551693134e-01
1334	1.206776042476113e-01	1.230268770812381e-01
1602	1.201283871519541e-01	1.202264434617413e-01
2302	1.089254630906128e-01	1.096478196143185e-01
2489	1.050401229721736e-01	1.071519305237607e-01
2728	9.894507145957976e-02	1.000000000000000e-01
3387	9.682102511950330e-02	9.772372209558107e-02
3602	9.502850855541656e-02	9.549925860214359e-02
3643	9.188334299116419e-02	9.332543007969910e-02
3986	8.276829591446799e-02	8.317637711026708e-02
4117	8.025931621267401e-02	8.128305161640990e-02
5337	7.735632393287795e-02	7.762471166286916e-02
8735	7.532202481869599e-02	7.585775750291836e-02
8960	7.413101442822645e-02	7.413102413009177e-02
13557	7.232724774674648e-02	7.244359600749903e-02
17071	6.236332060181360e-02	6.309573444801933e-02
47381	6.160836359633381e-02	6.165950018614822e-02
96630	6.025589462346792e-02	6.025595860743578e-02
106858	5.822162764622907e-02	5.888436553555890e-02
141812	5.670080140303912e-02	5.754399373371569e-02
187812	5.617308866127757e-02	5.623413251903491e-02
202573	5.493841074505779e-02	5.495408738576246e-02
240114	5.348272567668821e-02	5.370317963702527e-02
273429	5.243328828503346e-02	5.248074602497726e-02
337000	5.121749565783040e-02	5.128613839913648e-02
380811	4.957018994872930e-02	5.011872336272722e-02
435929	4.892203285427077e-02	4.897788193684462e-02
600000	4.799967491654755e-02	4.897788193684462e-02
%
% index = 2973, name = bbob_f008_i09_d10__bbob_f021_i10_d10
% instance = 4, reference value = 9.856631134700840e-01
% function evaluation | indicator value | target hit
1	9.234939800390993e-01	9.332543007969910e-01
64	8.971061549922196e-01	9.120108393559098e-01
111	8.853417013884699e-01	8.912509381337456e-01
120	7.158175063274621e-01	7.244359600749900e-01
247	6.672347218331443e-01	6.760829753919817e-01
278	6.572131584595675e-01	6.606934480075960e-01
422	5.998660022912033e-01	6.025595860743578e-01
510	5.341121183773809e-01	5.370317963702527e-01
755	4.765127071193228e-01	4.786300923226383e-01
979	4.384246400323131e-01	4.466835921509631e-01
1011	4.102276317855099e-01	4.168693834703354e-01
1042	3.076170281553533e-01	3.090295432513591e-01
1149	2.582317854106956e-01	2.630267991895382e-01
1205	2.485138507628800e-01	2.511886431509580e-01
1313	2.440839385681353e-01	2.454708915685030e-01
1358	2.332132776593210e-01	2.344228815319922e-01
1602	2.290814682238380e-01	2.290867652767773e-01
1852	1.821422130780097e-01	1.862087136662867e-01
1887	1.791839540962850e-01	1.819700858609984e-01
1972	1.735503054977979e-01	1.737800828749375e-01
2165	1.623138573439028e-01	1.659586907437560e-01
2167	1.621440896245232e-01	1.621810097358930e-01
2376	1.476376385777758e-01	1.479108388168208e-01
3032	1.445258607513342e-01	1.445439770745928e-01
3408	1.183161125205783e-01	1.202264434617413e-01
3612	1.172978381980558e-01	1.174897554939529e-01
4425	1.125906655747413e-01	1.148153621496883e-01
4590	1.094826329674201e-01	1.096478196143185e-01
4676	1.018908614123554e-01	1.023292992280754e-01
6816	9.691308340828919e-02	9.772372209558107e-02
8614	9.507386843881016e-02	9.549925860214359e-02
11715	9.020218852954953e-02	9.120108393559097e-02
12653	8.881422426739949e-02	8.912509381337455e-02
12668	8.640611638537732e-02	8.709635899560805e-02
13479	8.404040859233874e-02	8.511380382023763e-02
13505	8.286329710972939e-02	8.317637711026708e-02
15132	8.049138190992511e-02	8.128305161640990e-02
16251	7.935687907247047e-02	7.943282347242814e-02
17409	7.659925150983038e-02	7.762471166286916e-02
19117	7.584226266221505e-02	7.585775750291836e-02
20967	7.170249827650421e-02	7.244359600749903e-02
22562	7.050755484464433e-02	7.079457843841380e-02
22734	6.723931113034898e-02	6.760829753919818e-02
23507	6.605087106936613e-02	6.606934480075961e-02
27128	6.456510530673132e-02	6.456542290346556e-02
28259	6.290551047367288e-02	6.309573444801933e-02
28579	6.100322502885425e-02	6.165950018614822e-02
29415	5.971591720491842e-02	6.025595860743578e-02
31613	5.785287355760793e-02	5.888436553555890e-02
32231	5.740175053049368e-02	5.754399373371569e-02
36739	5.623098426842399e-02	5.623413251903491e-02
39197	5.421575356110497e-02	5.495408738576246e-02
40902	5.370288687106328e-02	5.370317963702527e-02
41683	5.219465118159028e-02	5.248074602497726e-02
45929	5.121982080751231e-02	5.128613839913648e-02
49401	5.001766000275010e-02	5.011872336272722e-02
51636	4.897665933088657e-02	4.897788193684462e-02
53940	4.754804929673595e-02	4.786300923226382e-02
55897	4.677320504707094e-02	4.677351412871981e-02
59441	4.498635188586442e-02	4.570881896148749e-02
59932	4.443446704652998e-02	4.466835921509630e-02
61914	4.365157969232014e-02	4.365158322401658e-02
62683	4.207530352025723e-02	4.265795188015926e-02
63693	4.163591561754365e-02	4.168693834703355e-02
67129	4.073681269882201e-02	4.073802778041128e-02
71782	3.979448199607960e-02	3.981071705534973e-02
71959	3.889985599314083e-02	3.890451449942807e-02
74552	3.801794219677135e-02	3.801893963205612e-02
76461	3.713059320355017e-02	3.715352290971726e-02
81874	3.617465861610514e-02	3.630780547701014e-02
92071	3.538739973418292e-02	3.548133892335755e-02
96763	3.465209623133947e-02	3.467368504525317e-02
105710	3.388092156154965e-02	3.388441561392026e-02
115520	3.307438667042739e-02	3.311311214825911e-02
139842	3.235594008487452e-02	3.235936569296283e-02
196781	3.162266704902916e-02	3.162277660168379e-02
498543	3.090198847909009e-02	3.090295432513590e-02
600000	3.080203873839948e-02	3.090295432513590e-02
%
% index = 2974, name = bbob_f008_i11_d10__bbob_f021_i12_d10
% instance = 5, reference value = 9.867520971648200e-01
% function evaluation | indicator value | target hit
1	1.020757979764320e+00	1.023292992280754e+00
5	9.365248371598441e-01	9.549925860214360e-01
37	9.165826583349725e-01	9.332543007969910e-01
71	9.067841829318485e-01	9.120108393559098e-01
151	8.607913441045623e-01	8.709635899560807e-01
231	8.409327454542643e-01	8.511380382023764e-01
265	7.971999322898919e-01	8.128305161640993e-01
290	7.827957530322847e-01	7.943282347242815e-01
358	7.518175111413824e-01	7.585775750291838e-01
729	6.832178893963261e-01	6.918309709189365e-01
802	6.207903886172803e-01	6.309573444801932e-01
816	5.912586848453703e-01	6.025595860743578e-01
1154	5.888330006575129e-01	5.888436553555889e-01
2583	5.732007658541763e-01	5.754399373371569e-01
3528	5.559997026059358e-01	5.623413251903491e-01
20176	5.430032823055151e-01	5.495408738576245e-01
40548	5.328259600857708e-01	5.370317963702527e-01
46845	5.180995065747975e-01	5.248074602497725e-01
54550	5.111119612876561e-01	5.128613839913648e-01
95197	5.011585279002968e-01	5.011872336272722e-01
197186	4.891653917691525e-01	4.897788193684462e-01
242914	4.719407650681343e-01	4.786300923226383e-01
306392	4.082417248183543e-01	4.168693834703354e-01
356840	4.044031040656599e-01	4.073802778041127e-01
367799	3.979167164379096e-01	3.981071705534972e-01
376185	3.875682012262814e-01	3.890451449942806e-01
383703	3.746756937423232e-01	3.801893963205612e-01
399346	3.607081481361198e-01	3.630780547701014e-01
407688	3.459592412226256e-01	3.467368504525316e-01
409038	3.224070787828481e-01	3.235936569296283e-01
409354	2.762980502790867e-01	2.818382931264454e-01
409636	2.592658383782327e-01	2.630267991895382e-01
411669	2.455971624777247e-01	2.511886431509580e-01
411739	2.454066307513855e-01	2.454708915685030e-01
411956	2.387818576064403e-01	2.398832919019490e-01
412216	2.325001921431217e-01	2.344228815319922e-01
412859	2.215055279985253e-01	2.238721138568339e-01
413265	2.127264882491936e-01	2.137962089502232e-01
414710	2.087884554597528e-01	2.089296130854039e-01
414873	2.020519813080995e-01	2.041737944669530e-01
415454	1.984948027528108e-01	1.995262314968880e-01
415568	1.931248113643327e-01	1.949844599758045e-01
415946	1.892813786123795e-01	1.905460717963247e-01
416405	1.848589475020896e-01	1.862087136662867e-01
416510	1.814390824123011e-01	1.819700858609984e-01
416562	1.733693645089505e-01	1.737800828749375e-01
416580	1.541578384753639e-01	1.548816618912481e-01
417503	1.513462095749244e-01	1.513561248436208e-01
417772	1.477073219721956e-01	1.479108388168208e-01
418770	1.444711805160593e-01	1.445439770745928e-01
419136	1.336204565330722e-01	1.348962882591654e-01
419613	1.318180013444044e-01	1.318256738556407e-01
419974	1.271190524416351e-01	1.288249551693134e-01
420046	1.244658616373326e-01	1.258925411794167e-01
420721	1.230251669729751e-01	1.230268770812381e-01
420737	1.180784925189554e-01	1.202264434617413e-01
421179	1.165877735748073e-01	1.174897554939529e-01
422362	1.148128031266865e-01	1.148153621496883e-01
422694	1.120373614484265e-01	1.122018454301964e-01
423226	1.096317515488646e-01	1.096478196143185e-01
424203	1.064712212783558e-01	1.071519305237607e-01
425386	1.045464721128694e-01	1.047128548050900e-01
426622	1.008339777992417e-01	1.023292992280754e-01
426849	9.980548029298086e-02	1.000000000000000e-01
427202	9.059077750867717e-02	9.120108393559097e-02
427289	8.464413365609247e-02	8.511380382023763e-02
428853	8.259311485649667e-02	8.317637711026708e-02
429495	7.944449662289133e-02	8.128305161640990e-02
429499	7.941279207122121e-02	7.943282347242814e-02
431197	7.718365374687464e-02	7.762471166286916e-02
431671	6.973296213278313e-02	7.079457843841380e-02
432011	6.905673034429127e-02	6.918309709189366e-02
433575	6.609602226584110e-02	6.760829753919818e-02
433599	6.567212966427116e-02	6.606934480075961e-02
433732	6.447552427577663e-02	6.456542290346556e-02
433826	5.862047897365896e-02	5.888436553555890e-02
436279	5.754215602899637e-02	5.754399373371569e-02
436894	5.614864644307749e-02	5.623413251903491e-02
437019	5.446846142627582e-02	5.495408738576246e-02
437272	5.363192153394736e-02	5.370317963702527e-02
437336	4.454809868792897e-02	4.466835921509630e-02
438147	4.365065279054614e-02	4.365158322401658e-02
438924	4.264848443121827e-02	4.265795188015926e-02
439404	4.097793817335849e-02	4.168693834703355e-02
439649	4.044511200612277e-02	4.073802778041128e-02
440565	3.971080342735755e-02	3.981071705534973e-02
441174	3.874782322340731e-02	3.890451449942807e-02
441957	3.760599179953739e-02	3.801893963205612e-02
442728	3.714935992239732e-02	3.715352290971726e-02
443184	3.624614943727555e-02	3.630780547701014e-02
443202	3.523780512866059e-02	3.548133892335755e-02
444681	3.465931062130978e-02	3.467368504525317e-02
446252	3.217445028696364e-02	3.235936569296283e-02
447113	3.162211727073649e-02	3.162277660168379e-02
447378	2.978711374001985e-02	3.019951720402016e-02
447592	2.942186044310857e-02	2.951209226666385e-02
448917	2.864293344471291e-02	2.884031503126606e-02
450676	2.808462317172311e-02	2.818382931264454e-02
451900	2.750349000737817e-02	2.754228703338166e-02
452069	2.497483401664569e-02	2.511886431509579e-02
452363	2.453624151237088e-02	2.454708915685030e-02
452855	2.374422026544876e-02	2.398832919019490e-02
453709	2.287665000630557e-02	2.290867652767773e-02
454486	2.083251739280789e-02	2.089296130854040e-02
454643	2.040812845372808e-02	2.041737944669529e-02
456757	1.995114507751561e-02	1.995262314968880e-02
456938	1.936404005676207e-02	1.949844599758046e-02
458112	1.888286909955417e-02	1.905460717963247e-02
458315	1.850821691602011e-02	1.862087136662868e-02
461042	1.819693392054478e-02	1.819700858609984e-02
461278	1.747218976787424e-02	1.778279410038923e-02
462251	1.737740357591300e-02	1.737800828749375e-02
462781	1.698154197008805e-02	1.698243652461744e-02
464882	1.627645120925814e-02	1.659586907437561e-02
465033	1.581646616766430e-02	1.584893192461113e-02
468745	1.461868798437127e-02	1.479108388168207e-02
471739	1.445316135171215e-02	1.445439770745927e-02
476958	1.412529863375966e-02	1.412537544622754e-02
478829	1.345842062187752e-02	1.348962882591653e-02
481787	1.316800987520006e-02	1.318256738556407e-02
485159	1.250078559180101e-02	1.258925411794167e-02
485412	1.221370611883488e-02	1.230268770812382e-02
488139	1.200891955315364e-02	1.202264434617413e-02
492917	1.134574880828665e-02	1.148153621496883e-02
493166	1.058158902178774e-02	1.071519305237606e-02
496986	1.043928581257236e-02	1.047128548050900e-02
499542	9.982876462063639e-03	1.000000000000000e-02
510742	8.886161456154618e-03	8.912509381337459e-03
515700	8.292132534759800e-03	8.317637711026709e-03
529486	7.887823034024244e-03	7.943282347242814e-03
537688	7.546618016013973e-03	7.585775750291836e-03
544196	7.412619727462877e-03	7.413102413009177e-03
546957	7.188746900479326e-03	7.244359600749898e-03
549264	7.063323478639472e-03	7.079457843841380e-03
563724	6.850333962810318e-03	6.918309709189363e-03
583440	6.760037485850079e-03	6.760829753919818e-03
597986	6.464890982074922e-03	6.606934480075957e-03
599924	6.394855507772856e-03	6.456542290346556e-03
600001	6.394560436606467e-03	6.456542290346556e-03
%
% index = 2975, name = bbob_f008_i13_d10__bbob_f021_i14_d10
% instance = 6, reference value = 9.585636764594150e-01
% function evaluation | indicator value | target hit
1	1.381549023863415e+00	1.412537544622754e+00
4	1.071201320233915e+00	1.071519305237606e+00
51	1.044375512554915e+00	1.047128548050900e+00
75	1.000551175787915e+00	1.023292992280754e+00
85	9.439688776555577e-01	9.549925860214360e-01
192	9.236770773246552e-01	9.332543007969910e-01
307	9.065119488201677e-01	9.120108393559098e-01
352	8.907348363773090e-01	8.912509381337456e-01
356	8.638183547662301e-01	8.709635899560807e-01
373	8.397202296255701e-01	8.511380382023764e-01
378	8.001895392228096e-01	8.128305161640993e-01
384	7.603218838698791e-01	7.762471166286917e-01
414	7.289645355610134e-01	7.413102413009175e-01
429	6.902236090640840e-01	6.918309709189365e-01
460	6.060307909489027e-01	6.165950018614822e-01
486	5.954755575829020e-01	6.025595860743578e-01
501	5.005942686107997e-01	5.011872336272722e-01
516	4.712005993398924e-01	4.786300923226383e-01
520	4.152884300719311e-01	4.168693834703354e-01
528	4.045387440813645e-01	4.073802778041127e-01
547	3.627255263519288e-01	3.630780547701014e-01
576	3.523615125583434e-01	3.548133892335755e-01
581	3.197331314227155e-01	3.235936569296283e-01
586	3.149024022183844e-01	3.162277660168379e-01
601	3.015177233225171e-01	3.019951720402016e-01
604	2.618076908259046e-01	2.630267991895382e-01
607	2.407732438138592e-01	2.454708915685030e-01
608	2.373570336311783e-01	2.398832919019490e-01
642	2.137819906544036e-01	2.137962089502232e-01
663	1.866680711055030e-01	1.905460717963247e-01
675	1.844878534801733e-01	1.862087136662867e-01
681	1.762361836063282e-01	1.778279410038923e-01
689	1.716624068553839e-01	1.737800828749375e-01
714	1.681441258059020e-01	1.698243652461744e-01
723	1.645510798797133e-01	1.659586907437560e-01
738	1.549505213136450e-01	1.584893192461113e-01
758	1.545853817886013e-01	1.548816618912481e-01
794	1.487679345763646e-01	1.513561248436208e-01
795	1.477709534325266e-01	1.479108388168208e-01
822	1.417160068534300e-01	1.445439770745928e-01
830	1.398002204125555e-01	1.412537544622754e-01
833	1.371418525756646e-01	1.380384264602885e-01
851	1.347808961939901e-01	1.348962882591654e-01
890	1.289774663089264e-01	1.318256738556407e-01
895	1.288178815383084e-01	1.288249551693134e-01
903	1.254640776099248e-01	1.258925411794167e-01
923	1.176172204600777e-01	1.202264434617413e-01
934	1.174758108677908e-01	1.174897554939529e-01
973	1.137946145323356e-01	1.148153621496883e-01
995	9.654934797745052e-02	9.772372209558107e-02
996	9.441056489371391e-02	9.549925860214359e-02
1007	9.318932343430664e-02	9.332543007969910e-02
1019	9.073353305821485e-02	9.120108393559097e-02
1065	8.902855860847447e-02	8.912509381337455e-02
1075	7.271658606285947e-02	7.413102413009177e-02
1081	7.228611010642205e-02	7.244359600749903e-02
1096	7.033039256913076e-02	7.079457843841380e-02
1132	6.886178003395071e-02	6.918309709189366e-02
1166	6.742607290901348e-02	6.760829753919818e-02
1218	6.606774739230792e-02	6.606934480075961e-02
1252	6.455554072974645e-02	6.456542290346556e-02
1256	6.115940033270073e-02	6.165950018614822e-02
1320	5.699727594149140e-02	5.754399373371569e-02
1341	5.622614387267533e-02	5.623413251903491e-02
1569	5.468006931838654e-02	5.495408738576246e-02
1600	4.594144572621472e-02	4.677351412871981e-02
1606	4.525661631797917e-02	4.570881896148749e-02
1620	4.463290487868943e-02	4.466835921509630e-02
1711	4.153633986048577e-02	4.168693834703355e-02
1979	3.622613212379944e-02	3.630780547701014e-02
2053	2.743324276575254e-02	2.754228703338166e-02
2061	2.644423587020339e-02	2.691534803926915e-02
2078	2.629765607181678e-02	2.630267991895381e-02
2117	2.545354799486987e-02	2.570395782768863e-02
2152	2.468829278172602e-02	2.511886431509579e-02
2167	2.451763671370977e-02	2.454708915685030e-02
2279	2.397041664049171e-02	2.398832919019490e-02
2331	2.314960854282322e-02	2.344228815319923e-02
2357	2.287987870602337e-02	2.290867652767773e-02
2750	2.236457153255667e-02	2.238721138568340e-02
3351	2.187215440586188e-02	2.187761623949553e-02
3450	2.132142396181957e-02	2.137962089502233e-02
3593	2.055381631180275e-02	2.089296130854040e-02
3647	2.041726561303170e-02	2.041737944669529e-02
4379	1.941749805402870e-02	1.949844599758046e-02
4412	1.888147581571531e-02	1.905460717963247e-02
4458	1.716661739540293e-02	1.737800828749375e-02
4494	1.696334822998502e-02	1.698243652461744e-02
4609	1.648104695283648e-02	1.659586907437561e-02
4729	1.612826918704247e-02	1.621810097358930e-02
4822	1.573580831115728e-02	1.584893192461113e-02
5955	1.540001716866846e-02	1.548816618912481e-02
6061	1.513187680931904e-02	1.513561248436208e-02
6203	1.478999996828445e-02	1.479108388168207e-02
6476	1.407119671243928e-02	1.412537544622754e-02
7069	1.372394195925575e-02	1.380384264602885e-02
8386	1.339284861445655e-02	1.348962882591653e-02
8445	1.300839010907029e-02	1.318256738556407e-02
8502	1.283140753031220e-02	1.288249551693134e-02
8625	1.258908231162958e-02	1.258925411794167e-02
9087	1.230259395598376e-02	1.230268770812382e-02
9151	1.155189408734469e-02	1.174897554939530e-02
9249	1.148046480210985e-02	1.148153621496883e-02
9385	1.073223722612426e-02	1.096478196143185e-02
9474	1.071462637709797e-02	1.071519305237606e-02
9570	1.043826519626034e-02	1.047128548050900e-02
10132	1.013250849276393e-02	1.023292992280754e-02
10419	9.960368200156000e-03	1.000000000000000e-02
10821	9.535567342934925e-03	9.549925860214359e-03
12659	9.030663371885961e-03	9.120108393559097e-03
12910	8.858069734922647e-03	8.912509381337459e-03
12918	8.581364495778510e-03	8.709635899560805e-03
13136	8.449204469352378e-03	8.511380382023767e-03
13277	8.308889345279291e-03	8.317637711026709e-03
13556	8.127928717128419e-03	8.128305161640995e-03
13948	7.902029360053908e-03	7.943282347242814e-03
14448	7.760424534607790e-03	7.762471166286920e-03
15051	7.584320406098688e-03	7.585775750291836e-03
15943	7.411729051508997e-03	7.413102413009177e-03
16671	7.242465096893524e-03	7.244359600749898e-03
17571	7.078810219408482e-03	7.079457843841380e-03
20582	6.915088454240270e-03	6.918309709189363e-03
21559	6.759401561516443e-03	6.760829753919818e-03
22551	6.606317386363192e-03	6.606934480075957e-03
23689	6.456219769315541e-03	6.456542290346556e-03
24902	6.309102772095954e-03	6.309573444801930e-03
25924	6.162327853395100e-03	6.165950018614822e-03
26864	6.025307405245761e-03	6.025595860743574e-03
27911	5.888181001192705e-03	5.888436553555890e-03
28932	5.754074837568735e-03	5.754399373371567e-03
30324	5.623113544605318e-03	5.623413251903491e-03
31689	5.495336329898737e-03	5.495408738576248e-03
33033	5.370126649381302e-03	5.370317963702527e-03
34222	5.243465132823144e-03	5.248074602497728e-03
38140	5.128062228108798e-03	5.128613839913648e-03
39957	5.011522601380158e-03	5.011872336272725e-03
45939	4.897012943368861e-03	4.897788193684461e-03
47660	4.786170317562122e-03	4.786300923226385e-03
50191	4.677222385403135e-03	4.677351412871981e-03
53217	4.570589153094606e-03	4.570881896148752e-03
56186	4.459009176663864e-03	4.466835921509630e-03
58326	4.365115704664468e-03	4.365158322401661e-03
61480	4.255533050594229e-03	4.265795188015926e-03
64140	4.167815932398122e-03	4.168693834703355e-03
71246	4.069450128375451e-03	4.073802778041126e-03
73462	3.981011800433643e-03	3.981071705534973e-03
76463	3.890311537626201e-03	3.890451449942805e-03
79085	3.801587707240150e-03	3.801893963205613e-03
82017	3.715150090230490e-03	3.715352290971724e-03
85428	3.630742372024431e-03	3.630780547701014e-03
88583	3.547644089830215e-03	3.548133892335753e-03
96243	3.467178633722701e-03	3.467368504525317e-03
98252	3.388438934084581e-03	3.388441561392024e-03
100303	3.311200852040508e-03	3.311311214825911e-03
103077	3.235414115361657e-03	3.235936569296281e-03
106210	3.162147634788171e-03	3.162277660168379e-03
108251	3.089560276523073e-03	3.090295432513592e-03
111285	3.019832067756023e-03	3.019951720402016e-03
114225	2.951207466073580e-03	2.951209226666387e-03
121369	2.883873620885491e-03	2.884031503126605e-03
123224	2.818303433990144e-03	2.818382931264455e-03
125671	2.754173270468785e-03	2.754228703338166e-03
127458	2.691357920721948e-03	2.691534803926917e-03
130348	2.630265012857347e-03	2.630267991895381e-03
132820	2.570333825739568e-03	2.570395782768865e-03
135112	2.511248864952687e-03	2.511886431509579e-03
137319	2.454682089188309e-03	2.454708915685031e-03
139176	2.398735963581311e-03	2.398832919019490e-03
146571	2.343942876084415e-03	2.344228815319923e-03
147685	2.290162191572742e-03	2.290867652767772e-03
149316	2.237063759717772e-03	2.238721138568340e-03
151397	2.187734042616962e-03	2.187761623949552e-03
153597	2.137741879642441e-03	2.137962089502233e-03
154961	2.087798759341175e-03	2.089296130854039e-03
157463	2.036268188262857e-03	2.041737944669530e-03
159711	1.995198533136011e-03	1.995262314968879e-03
162082	1.949129385113380e-03	1.949844599758046e-03
164324	1.904540987648584e-03	1.905460717963246e-03
171889	1.862064820622455e-03	1.862087136662868e-03
173121	1.819645915900225e-03	1.819700858609983e-03
174884	1.778197782021484e-03	1.778279410038923e-03
176895	1.737773418781452e-03	1.737800828749376e-03
179266	1.697934652479471e-03	1.698243652461744e-03
181562	1.659585342066117e-03	1.659586907437561e-03
183872	1.621358730183875e-03	1.621810097358930e-03
186933	1.584831146783983e-03	1.584893192461114e-03
189511	1.548812461033111e-03	1.548816618912481e-03
191741	1.513535181008163e-03	1.513561248436209e-03
200036	1.479077949295471e-03	1.479108388168207e-03
202228	1.445424608480739e-03	1.445439770745928e-03
205126	1.412505706991696e-03	1.412537544622754e-03
208384	1.380289796600431e-03	1.380384264602885e-03
212449	1.348959501023317e-03	1.348962882591653e-03
216334	1.318248708270797e-03	1.318256738556408e-03
226734	1.288238261997865e-03	1.288249551693134e-03
229614	1.258920974752553e-03	1.258925411794167e-03
233441	1.230262712860641e-03	1.230268770812381e-03
237863	1.202234755510845e-03	1.202264434617413e-03
242059	1.174896276603943e-03	1.174897554939529e-03
253185	1.148122711180366e-03	1.148153621496883e-03
256117	1.122002399781441e-03	1.122018454301963e-03
260231	1.096473373591533e-03	1.096478196143185e-03
264145	1.071493311567195e-03	1.071519305237606e-03
268559	1.047050678178563e-03	1.047128548050900e-03
279267	1.023288216743135e-03	1.023292992280754e-03
283516	9.999932584652260e-04	1.000000000000000e-03
288221	9.764141503937340e-04	9.772372209558111e-04
293464	9.549902689822698e-04	9.549925860214359e-04
304698	9.332516237051669e-04	9.332543007969915e-04
308686	9.119962779383650e-04	9.120108393559096e-04
315790	8.912458043752736e-04	8.912509381337459e-04
323641	8.707522582853677e-04	8.709635899560805e-04
333985	8.510840440201228e-04	8.511380382023768e-04
340803	8.317570327519563e-04	8.317637711026709e-04
352382	8.128206552658890e-04	8.128305161640995e-04
362277	7.943266019623252e-04	7.943282347242813e-04
376772	7.762350145897878e-04	7.762471166286919e-04
389908	7.585740061677448e-04	7.585775750291835e-04
409468	7.413074000985898e-04	7.413102413009177e-04
431977	7.244353524400449e-04	7.244359600749898e-04
455778	7.079409054627783e-04	7.079457843841380e-04
475339	6.918308663488304e-04	6.918309709189362e-04
499040	6.759363365573812e-04	6.760829753919819e-04
537570	6.605910704946538e-04	6.606934480075957e-04
576379	6.406836982666420e-04	6.456542290346556e-04
600000	6.354337332069582e-04	6.456542290346556e-04
%
% index = 2976, name = bbob_f008_i15_d10__bbob_f021_i16_d10
% instance = 7, reference value = 9.877311383825790e-01
% function evaluation | indicator value | target hit
1	9.620679248689203e-01	9.772372209558107e-01
31	9.537864214444340e-01	9.549925860214360e-01
201	9.257518974915642e-01	9.332543007969910e-01
220	8.959677516928656e-01	9.120108393559098e-01
250	8.501239704131314e-01	8.511380382023764e-01
251	7.628569531761206e-01	7.762471166286917e-01
287	5.240380323402964e-01	5.248074602497725e-01
387	4.704456153450985e-01	4.786300923226383e-01
505	4.288461976224909e-01	4.365158322401660e-01
529	3.934493043919594e-01	3.981071705534972e-01
647	3.769885874918273e-01	3.801893963205612e-01
680	3.512380546300685e-01	3.548133892335755e-01
686	3.428451049009223e-01	3.467368504525316e-01
739	3.381525575120455e-01	3.388441561392025e-01
898	3.275454850170673e-01	3.311311214825911e-01
932	3.131823130756179e-01	3.162277660168379e-01
1028	2.059626618886564e-01	2.089296130854039e-01
1069	2.039960965349218e-01	2.041737944669530e-01
1132	1.730432957404787e-01	1.737800828749375e-01
1480	1.697237084557791e-01	1.698243652461744e-01
1498	1.462655673727838e-01	1.479108388168208e-01
2003	1.265890564444954e-01	1.288249551693134e-01
2353	1.200961969695190e-01	1.202264434617413e-01
2378	1.019250479017365e-01	1.023292992280754e-01
2532	9.469059703262117e-02	9.549925860214359e-02
2621	8.744004864616517e-02	8.912509381337455e-02
2655	8.558769930956667e-02	8.709635899560805e-02
3175	7.905989308858674e-02	7.943282347242814e-02
3748	7.391586985408460e-02	7.413102413009177e-02
6468	7.054385278611242e-02	7.079457843841380e-02
7126	6.542982206849768e-02	6.606934480075961e-02
8229	6.374492938651499e-02	6.456542290346556e-02
8728	6.001100026797801e-02	6.025595860743578e-02
9906	5.879622560920605e-02	5.888436553555890e-02
11808	5.752080774061774e-02	5.754399373371569e-02
11913	5.377467890763699e-02	5.495408738576246e-02
12129	5.369512680460486e-02	5.370317963702527e-02
14461	5.246518876514716e-02	5.248074602497726e-02
15790	4.980180672487444e-02	5.011872336272722e-02
16698	4.611940634259737e-02	4.677351412871981e-02
17367	4.527583208142172e-02	4.570881896148749e-02
19630	4.466770689278676e-02	4.466835921509630e-02
19715	4.085139351603317e-02	4.168693834703355e-02
20146	4.073766866381601e-02	4.073802778041128e-02
20680	3.684923151146857e-02	3.715352290971726e-02
20900	3.481023158952634e-02	3.548133892335755e-02
22086	3.465341245925790e-02	3.467368504525317e-02
23456	3.387553427373979e-02	3.388441561392026e-02
24389	3.311275961262916e-02	3.311311214825911e-02
25084	2.918011075930105e-02	2.951209226666385e-02
25787	2.816496427030024e-02	2.818382931264454e-02
27758	2.709666570312619e-02	2.754228703338166e-02
28144	2.663267325258201e-02	2.691534803926915e-02
29899	2.620950282734158e-02	2.630267991895381e-02
31197	2.569533644356614e-02	2.570395782768863e-02
32379	2.510994956441681e-02	2.511886431509579e-02
34861	2.405482635843625e-02	2.454708915685030e-02
36062	2.398794983662789e-02	2.398832919019490e-02
36299	2.142963241355167e-02	2.187761623949553e-02
37091	2.049504174015215e-02	2.089296130854040e-02
39634	1.835800067772975e-02	1.862087136662868e-02
40424	1.790463738888748e-02	1.819700858609984e-02
40929	1.573898155528008e-02	1.584893192461113e-02
41454	1.222431044472094e-02	1.230268770812382e-02
41808	1.128301135471732e-02	1.148153621496883e-02
41949	1.122005544811977e-02	1.122018454301964e-02
41979	9.194556122318231e-03	9.332543007969915e-03
43211	9.085917304270441e-03	9.120108393559097e-03
44314	8.893155691970356e-03	8.912509381337459e-03
44888	8.708509187696722e-03	8.709635899560805e-03
45286	8.503031006570683e-03	8.511380382023767e-03
50642	8.317441483854937e-03	8.317637711026709e-03
51987	8.067176905652507e-03	8.128305161640995e-03
53137	7.936321384340639e-03	7.943282347242814e-03
54066	7.666186340882786e-03	7.762471166286920e-03
55316	7.581878810493214e-03	7.585775750291836e-03
56615	7.256032391433243e-03	7.413102413009177e-03
56947	7.240904556787164e-03	7.244359600749898e-03
59005	7.076450809763601e-03	7.079457843841380e-03
61317	6.918241936469172e-03	6.918309709189363e-03
61805	6.369438898167101e-03	6.456542290346556e-03
62869	6.309459634527670e-03	6.309573444801930e-03
64818	6.049587317714544e-03	6.165950018614822e-03
65084	6.025255767789783e-03	6.025595860743574e-03
65686	5.886623253504863e-03	5.888436553555890e-03
70713	5.753320895496628e-03	5.754399373371567e-03
74917	5.622479386932056e-03	5.623413251903491e-03
79915	5.495298025807505e-03	5.495408738576248e-03
87326	5.107960722672833e-03	5.128613839913648e-03
90406	4.554143825315049e-03	4.570881896148752e-03
93946	4.466829563864683e-03	4.466835921509630e-03
95111	4.094688315213757e-03	4.168693834703355e-03
96231	3.975226937651510e-03	3.981071705534973e-03
96760	3.756409616946121e-03	3.801893963205613e-03
98299	3.671698048536176e-03	3.715352290971724e-03
99863	3.629315148855561e-03	3.630780547701014e-03
112203	3.546756256068262e-03	3.548133892335753e-03
113978	3.462731115087103e-03	3.467368504525317e-03
115027	3.387324101976286e-03	3.388441561392024e-03
115360	2.444518210443336e-03	2.454708915685031e-03
118311	2.110628943050474e-03	2.137962089502233e-03
118443	2.089097160903330e-03	2.089296130854039e-03
118595	2.019712610175861e-03	2.041737944669530e-03
119322	1.988747310842087e-03	1.995262314968879e-03
123188	1.949816842860552e-03	1.949844599758046e-03
127603	1.897666572980627e-03	1.905460717963246e-03
130258	1.857946782358511e-03	1.862087136662868e-03
139703	1.784970403538977e-03	1.819700858609983e-03
140317	1.777587564027017e-03	1.778279410038923e-03
142735	1.735578612229394e-03	1.737800828749376e-03
143694	1.695849918859405e-03	1.698243652461744e-03
146760	1.659358166307467e-03	1.659586907437561e-03
150171	1.620946285970093e-03	1.621810097358930e-03
152684	1.584853123466456e-03	1.584893192461114e-03
155028	1.537076134793591e-03	1.548816618912481e-03
156190	1.489520270559486e-03	1.513561248436209e-03
158498	1.478989037421385e-03	1.479108388168207e-03
168503	1.443227333461694e-03	1.445439770745928e-03
170875	1.411235886925044e-03	1.412537544622754e-03
172240	1.355065636140740e-03	1.380384264602885e-03
172922	1.347335186416831e-03	1.348962882591653e-03
175406	1.314070527256406e-03	1.318256738556408e-03
180403	1.287759543542655e-03	1.288249551693134e-03
181090	1.258709807392400e-03	1.258925411794167e-03
183039	1.203276026084166e-03	1.230268770812381e-03
183111	1.198561206010695e-03	1.202264434617413e-03
192961	1.172827600192994e-03	1.174897554939529e-03
193840	1.147443012791571e-03	1.148153621496883e-03
195708	9.817161350357262e-04	1.000000000000000e-03
197676	9.770900019623330e-04	9.772372209558111e-04
200128	9.531688121283688e-04	9.549925860214359e-04
204633	9.324969581734344e-04	9.332543007969915e-04
208053	8.654071459870405e-04	8.709635899560805e-04
218621	8.509369369162911e-04	8.511380382023768e-04
221758	8.317601916643103e-04	8.317637711026709e-04
223398	7.970262460231803e-04	8.128305161640995e-04
224122	7.939490230073343e-04	7.943282347242813e-04
231076	7.762401438168309e-04	7.762471166286919e-04
232243	7.491332289161212e-04	7.585775750291835e-04
233572	7.413029926116588e-04	7.413102413009177e-04
235124	7.238252778548615e-04	7.244359600749898e-04
236372	6.711759556631280e-04	6.760829753919819e-04
246081	6.592070833354446e-04	6.606934480075957e-04
248136	6.438689550789523e-04	6.456542290346556e-04
251720	6.302714715481494e-04	6.309573444801930e-04
253921	6.102189938812508e-04	6.165950018614823e-04
254595	6.001919539210254e-04	6.025595860743575e-04
255553	5.844804304103723e-04	5.888436553555889e-04
259417	5.601984985634800e-04	5.623413251903491e-04
263340	5.489479849388745e-04	5.495408738576248e-04
272200	5.368534108659562e-04	5.370317963702527e-04
274414	5.244494512828268e-04	5.248074602497728e-04
278426	5.095941279468219e-04	5.128613839913648e-04
281747	5.011729742138149e-04	5.011872336272725e-04
285762	4.897765653810726e-04	4.897788193684461e-04
287066	4.763711285084016e-04	4.786300923226385e-04
295295	4.665749588295132e-04	4.677351412871981e-04
299037	4.564478700939123e-04	4.570881896148752e-04
299966	4.466800028021245e-04	4.466835921509630e-04
303948	4.364697006062901e-04	4.365158322401661e-04
306654	4.261681503255899e-04	4.265795188015926e-04
310483	4.167289753899128e-04	4.168693834703355e-04
318518	4.073064178015118e-04	4.073802778041126e-04
324792	3.897092113481770e-04	3.981071705534974e-04
325173	3.890370504263663e-04	3.890451449942805e-04
329840	3.801805750596188e-04	3.801893963205612e-04
339628	3.714923893938238e-04	3.715352290971724e-04
343489	3.629740021509065e-04	3.630780547701014e-04
344659	3.541324550534464e-04	3.548133892335753e-04
346914	3.457111860821760e-04	3.467368504525317e-04
352669	3.387163170314178e-04	3.388441561392024e-04
358453	3.309801889952446e-04	3.311311214825911e-04
367299	3.235687221467831e-04	3.235936569296281e-04
373595	3.161382896537113e-04	3.162277660168379e-04
383321	3.090166414474460e-04	3.090295432513592e-04
395007	3.019951150615707e-04	3.019951720402016e-04
404675	2.950953849837346e-04	2.951209226666387e-04
412412	2.883453177732198e-04	2.884031503126605e-04
418117	2.816875872122537e-04	2.818382931264455e-04
426435	2.754227428014566e-04	2.754228703338166e-04
431054	2.632673490229331e-04	2.691534803926917e-04
431431	2.628468359916480e-04	2.630267991895381e-04
438829	2.511903553735761e-04	2.570395782768865e-04
438930	2.511881462596843e-04	2.511886431509580e-04
444602	2.433859142507711e-04	2.454708915685031e-04
448462	2.398784146802058e-04	2.398832919019490e-04
453791	2.344210096849597e-04	2.344228815319923e-04
459806	2.284580828152416e-04	2.290867652767772e-04
461899	2.233533602085114e-04	2.238721138568340e-04
465196	2.184497853824352e-04	2.187761623949552e-04
470161	2.118326328193199e-04	2.137962089502232e-04
472701	2.064595963744420e-04	2.089296130854039e-04
475132	2.033862406095599e-04	2.041737944669530e-04
480857	1.988059093581684e-04	1.995262314968879e-04
487438	1.949826274185718e-04	1.949844599758046e-04
495277	1.905456531337002e-04	1.905460717963246e-04
504262	1.861044537478929e-04	1.862087136662868e-04
508257	1.819698440854722e-04	1.819700858609983e-04
518251	1.777934920860202e-04	1.778279410038923e-04
528592	1.737596346533810e-04	1.737800828749376e-04
537924	1.697315428835777e-04	1.698243652461744e-04
548102	1.656641437975948e-04	1.659586907437562e-04
560479	1.621511731479952e-04	1.621810097358930e-04
568072	1.584881172482788e-04	1.584893192461114e-04
581923	1.548703106879490e-04	1.548816618912481e-04
593778	1.511376618207327e-04	1.513561248436209e-04
600000	1.487700382518664e-04	1.513561248436209e-04
%
% index = 2977, name = bbob_f008_i17_d10__bbob_f021_i18_d10
% instance = 8, reference value = 9.787298736158681e-01
% function evaluation | indicator value | target hit
1	9.464330566420318e-01	9.549925860214360e-01
27	9.311595873152666e-01	9.332543007969910e-01
29	9.097099332644577e-01	9.120108393559098e-01
128	8.902919440905623e-01	8.912509381337456e-01
180	8.666631874540753e-01	8.709635899560807e-01
351	8.229888235406605e-01	8.317637711026710e-01
383	8.045787295844954e-01	8.128305161640993e-01
424	7.869996608671262e-01	7.943282347242815e-01
567	7.589108860855907e-01	7.762471166286917e-01
569	7.576979182987562e-01	7.585775750291838e-01
763	7.392923301139879e-01	7.413102413009175e-01
909	7.243092787776869e-01	7.244359600749900e-01
940	7.036925572179623e-01	7.079457843841379e-01
984	6.745631182620159e-01	6.760829753919817e-01
1045	6.602089662094551e-01	6.606934480075960e-01
1074	6.357521427746351e-01	6.456542290346555e-01
1075	6.293132270893396e-01	6.309573444801932e-01
1160	5.853514457257243e-01	5.888436553555889e-01
1226	5.748746666909332e-01	5.754399373371569e-01
1252	5.408913748699219e-01	5.495408738576245e-01
1360	5.363740703258126e-01	5.370317963702527e-01
1378	5.210049425038636e-01	5.248074602497725e-01
1556	5.120312589070249e-01	5.128613839913648e-01
1753	5.006428397940688e-01	5.011872336272722e-01
1901	4.878457054276873e-01	4.897788193684462e-01
1960	4.737456456832205e-01	4.786300923226383e-01
2127	4.665650977537288e-01	4.677351412871982e-01
2375	4.570725069217709e-01	4.570881896148750e-01
2939	4.466480811052718e-01	4.466835921509631e-01
2976	4.276848135446972e-01	4.365158322401660e-01
3061	4.233500489428982e-01	4.265795188015927e-01
3733	4.166220806353949e-01	4.168693834703354e-01
3859	4.071904167439938e-01	4.073802778041127e-01
4154	3.980867982492964e-01	3.981071705534972e-01
5383	3.889218736418992e-01	3.890451449942806e-01
6067	3.800604558842455e-01	3.801893963205612e-01
7727	3.714840416010847e-01	3.715352290971726e-01
11605	3.621147702869204e-01	3.630780547701014e-01
13524	3.547749251248132e-01	3.548133892335755e-01
16990	3.467354682527140e-01	3.467368504525316e-01
22038	3.388398395921393e-01	3.388441561392025e-01
30064	3.311305385338501e-01	3.311311214825911e-01
36088	3.235916047713163e-01	3.235936569296283e-01
37838	3.158847157288891e-01	3.162277660168379e-01
40579	3.090256777696213e-01	3.090295432513591e-01
46713	3.012542423301201e-01	3.019951720402016e-01
56134	2.950845776621871e-01	2.951209226666385e-01
66352	2.878951685482650e-01	2.884031503126606e-01
73855	2.813341986634290e-01	2.818382931264454e-01
78554	2.602974315645583e-01	2.630267991895382e-01
78630	2.564962278654350e-01	2.570395782768864e-01
83473	2.511869249492558e-01	2.511886431509580e-01
92632	2.452604574754583e-01	2.454708915685030e-01
99724	2.395581967862612e-01	2.398832919019490e-01
104362	2.344209132466749e-01	2.344228815319922e-01
108698	2.290584777962588e-01	2.290867652767773e-01
113992	2.224602922721520e-01	2.238721138568339e-01
115246	2.185952111013301e-01	2.187761623949552e-01
117496	2.137525754923784e-01	2.137962089502232e-01
120145	2.088488742264524e-01	2.089296130854039e-01
120474	2.028477632902997e-01	2.041737944669530e-01
123503	1.994168777258742e-01	1.995262314968880e-01
124833	1.947798359988513e-01	1.949844599758045e-01
127377	1.904761653461960e-01	1.905460717963247e-01
127947	1.861173241577116e-01	1.862087136662867e-01
129744	1.819337240078556e-01	1.819700858609984e-01
131168	1.778032869986990e-01	1.778279410038923e-01
132135	1.723621040821357e-01	1.737800828749375e-01
134009	1.696619059238654e-01	1.698243652461744e-01
135803	1.659560702517983e-01	1.659586907437560e-01
136772	1.621660281544242e-01	1.621810097358930e-01
139080	1.583470497628030e-01	1.584893192461113e-01
141054	1.547844513480960e-01	1.548816618912481e-01
142444	1.513239787287275e-01	1.513561248436208e-01
144659	1.478735468826444e-01	1.479108388168208e-01
146640	1.445372708832813e-01	1.445439770745928e-01
149608	1.412041378643345e-01	1.412537544622754e-01
155101	1.380255939196594e-01	1.380384264602885e-01
164738	1.348641856375308e-01	1.348962882591654e-01
178080	1.318224218986016e-01	1.318256738556407e-01
184469	1.284160538430075e-01	1.288249551693134e-01
186321	1.234984385385303e-01	1.258925411794167e-01
188527	1.230263309597035e-01	1.230268770812381e-01
191715	1.187782809385578e-01	1.202264434617413e-01
192559	1.166295633374796e-01	1.174897554939529e-01
194294	1.080421284275768e-01	1.096478196143185e-01
194712	1.071440756390305e-01	1.071519305237607e-01
195423	1.007610802254228e-01	1.023292992280754e-01
196464	9.997430136220997e-02	1.000000000000000e-01
197504	9.770791249329258e-02	9.772372209558107e-02
197925	9.516627175299386e-02	9.549925860214359e-02
199768	8.738786284036837e-02	8.912509381337455e-02
200009	8.561872168506290e-02	8.709635899560805e-02
200605	8.511054158080078e-02	8.511380382023763e-02
203559	8.311748430012011e-02	8.317637711026708e-02
205361	7.743229904044668e-02	7.762471166286916e-02
208456	7.222418331858638e-02	7.244359600749903e-02
209271	6.935008429084855e-02	7.079457843841380e-02
210109	6.907990658601959e-02	6.918309709189366e-02
211044	6.601050177719314e-02	6.606934480075961e-02
212041	6.456479799931536e-02	6.456542290346556e-02
212502	6.234670300415113e-02	6.309573444801933e-02
212738	6.096691777158747e-02	6.165950018614822e-02
213686	5.774261941346615e-02	5.888436553555890e-02
214374	5.683040202954004e-02	5.754399373371569e-02
215444	5.543038742561890e-02	5.623413251903491e-02
215881	5.108050345202431e-02	5.128613839913648e-02
216509	4.901008934162987e-02	5.011872336272722e-02
216775	4.897783768320940e-02	4.897788193684462e-02
217547	4.493813249565992e-02	4.570881896148749e-02
219630	3.871410855562962e-02	3.890451449942807e-02
221035	3.797480450006918e-02	3.801893963205612e-02
224388	3.709949373147736e-02	3.715352290971726e-02
225506	3.584283957652956e-02	3.630780547701014e-02
225914	3.485849454406120e-02	3.548133892335755e-02
226740	3.462011631058093e-02	3.467368504525317e-02
227841	3.191631963603392e-02	3.235936569296283e-02
228034	2.849254582830762e-02	2.884031503126606e-02
229099	2.818198994167576e-02	2.818382931264454e-02
231822	2.701909578647987e-02	2.754228703338166e-02
232115	2.690292319104082e-02	2.691534803926915e-02
232599	2.594492375208302e-02	2.630267991895381e-02
233356	2.570226161684441e-02	2.570395782768863e-02
233381	2.476269251047647e-02	2.511886431509579e-02
234633	2.453841549694624e-02	2.454708915685030e-02
236191	2.351226661471184e-02	2.398832919019490e-02
239239	2.341842369917568e-02	2.344228815319923e-02
244533	2.288107653081239e-02	2.290867652767773e-02
251710	2.237836215303335e-02	2.238721138568340e-02
260353	2.170380064223265e-02	2.187761623949553e-02
276394	2.137326862427569e-02	2.137962089502233e-02
308101	2.087277350888872e-02	2.089296130854040e-02
389661	2.041736399959371e-02	2.041737944669529e-02
508973	1.995090556419776e-02	1.995262314968880e-02
590320	1.949686423967212e-02	1.949844599758046e-02
600001	1.947189949316208e-02	1.949844599758046e-02
%
% index = 2978, name = bbob_f008_i19_d10__bbob_f021_i21_d10
% instance = 9, reference value = 9.742751159038300e-01
% function evaluation | indicator value | target hit
1	3.340820876834033e-01	3.388441561392025e-01
4	3.263015818811797e-01	3.311311214825911e-01
12	3.155424583008275e-01	3.162277660168379e-01
19	3.002412261096055e-01	3.019951720402016e-01
24	2.711249931274421e-01	2.754228703338166e-01
26	2.648138848716440e-01	2.691534803926916e-01
47	2.558460452423899e-01	2.570395782768864e-01
56	2.481745649517620e-01	2.511886431509580e-01
105	2.207274821761529e-01	2.238721138568339e-01
118	2.062535383619186e-01	2.089296130854039e-01
144	2.031597946605194e-01	2.041737944669530e-01
155	1.757770522243196e-01	1.778279410038923e-01
221	1.614358781594795e-01	1.621810097358930e-01
277	1.536729420975315e-01	1.548816618912481e-01
278	1.441318202145859e-01	1.445439770745928e-01
344	1.393262468484514e-01	1.412537544622754e-01
358	1.340052252791054e-01	1.348962882591654e-01
441	1.146750970044587e-01	1.148153621496883e-01
554	1.120118273486761e-01	1.122018454301964e-01
598	1.094149755127946e-01	1.096478196143185e-01
613	1.060421372278388e-01	1.071519305237607e-01
634	1.015384921110368e-01	1.023292992280754e-01
642	9.979789191635124e-02	1.000000000000000e-01
716	9.193846338859668e-02	9.332543007969910e-02
762	8.825685085640167e-02	8.912509381337455e-02
835	8.677903496352013e-02	8.709635899560805e-02
874	8.508606407031416e-02	8.511380382023763e-02
1133	7.140380100932597e-02	7.244359600749903e-02
1210	7.064987293769387e-02	7.079457843841380e-02
1251	6.861345264386798e-02	6.918309709189366e-02
1603	6.652676903621313e-02	6.760829753919818e-02
1632	6.566055859436482e-02	6.606934480075961e-02
2111	6.455895976942960e-02	6.456542290346556e-02
2116	6.222651363303788e-02	6.309573444801933e-02
2118	6.069890004471379e-02	6.165950018614822e-02
2154	6.002683981622281e-02	6.025595860743578e-02
2188	5.752798562946360e-02	5.754399373371569e-02
2971	5.293647288309944e-02	5.370317963702527e-02
3118	5.241691154215311e-02	5.248074602497726e-02
3864	5.055801670659965e-02	5.128613839913648e-02
3974	4.985143154962535e-02	5.011872336272722e-02
5944	4.897331084054390e-02	4.897788193684462e-02
6535	4.785736831332432e-02	4.786300923226382e-02
7180	4.671283977778407e-02	4.677351412871981e-02
8033	4.429960649757059e-02	4.466835921509630e-02
9601	4.343816538524259e-02	4.365158322401658e-02
12176	4.257290118177826e-02	4.265795188015926e-02
17164	4.161827357830938e-02	4.168693834703355e-02
28622	4.057459697386279e-02	4.073802778041128e-02
39498	3.950176478725576e-02	3.981071705534973e-02
57075	3.890446573920836e-02	3.890451449942807e-02
78337	3.800026824334568e-02	3.801893963205612e-02
125447	3.715351960142543e-02	3.715352290971726e-02
218273	3.630779752379099e-02	3.630780547701014e-02
587293	3.547854495507796e-02	3.548133892335755e-02
600001	3.547143315896595e-02	3.548133892335755e-02
%
% index = 2979, name = bbob_f008_i21_d10__bbob_f021_i22_d10
% instance = 10, reference value = 9.672259025463550e-01
% function evaluation | indicator value | target hit
1	1.067761442791855e+00	1.071519305237606e+00
55	1.008502243039855e+00	1.023292992280754e+00
79	9.624514154451757e-01	9.772372209558107e-01
224	9.168894800180091e-01	9.332543007969910e-01
225	9.091463617765727e-01	9.120108393559098e-01
317	8.907146600104413e-01	8.912509381337456e-01
392	8.067378667570958e-01	8.128305161640993e-01
399	7.574902862193489e-01	7.585775750291838e-01
400	7.069493331679373e-01	7.079457843841379e-01
416	6.682647352397799e-01	6.760829753919817e-01
452	6.171610489528743e-01	6.309573444801932e-01
464	6.163045668888985e-01	6.165950018614822e-01
629	5.994187650084706e-01	6.025595860743578e-01
808	5.535285142033886e-01	5.623413251903491e-01
817	5.490236391605141e-01	5.495408738576245e-01
896	5.369018375828308e-01	5.370317963702527e-01
957	5.222289275661023e-01	5.248074602497725e-01
1148	5.128163543125736e-01	5.128613839913648e-01
1508	4.989723490429248e-01	5.011872336272722e-01
1747	4.674063549007173e-01	4.677351412871982e-01
2468	4.542000267077129e-01	4.570881896148750e-01
3254	4.424074909081922e-01	4.466835921509631e-01
4180	4.364848605280497e-01	4.365158322401660e-01
4707	4.231303030883147e-01	4.265795188015927e-01
5244	4.168559467946519e-01	4.168693834703354e-01
7483	4.071424908857735e-01	4.073802778041127e-01
9495	3.971921787282531e-01	3.981071705534972e-01
10725	3.887043160558991e-01	3.890451449942806e-01
13891	3.801311298965524e-01	3.801893963205612e-01
20805	3.714854704395020e-01	3.715352290971726e-01
26523	3.623320071169269e-01	3.630780547701014e-01
30661	3.545683497978954e-01	3.548133892335755e-01
34482	3.465926414104789e-01	3.467368504525316e-01
41488	3.383220665460460e-01	3.388441561392025e-01
43470	3.271795763364111e-01	3.311311214825911e-01
44373	3.223446190663012e-01	3.235936569296283e-01
45922	3.161630697239861e-01	3.162277660168379e-01
46557	3.060012179792083e-01	3.090295432513591e-01
46680	3.014056113399468e-01	3.019951720402016e-01
46784	2.709286230963640e-01	2.754228703338166e-01
47060	2.438221775113896e-01	2.454708915685030e-01
47067	2.221598162923885e-01	2.238721138568339e-01
47885	2.147161076918174e-01	2.187761623949552e-01
48443	2.030220384483254e-01	2.041737944669530e-01
48758	1.896755175669322e-01	1.905460717963247e-01
48914	1.856517825192024e-01	1.862087136662867e-01
49015	1.771623945606593e-01	1.778279410038923e-01
49555	1.702970521509335e-01	1.737800828749375e-01
49730	1.698154063164249e-01	1.698243652461744e-01
50339	1.503121621247813e-01	1.513561248436208e-01
50817	1.253669982670672e-01	1.258925411794167e-01
51599	1.196902179069372e-01	1.202264434617413e-01
51908	1.118957953901892e-01	1.122018454301964e-01
52477	1.096432946079123e-01	1.096478196143185e-01
52832	1.071405803803486e-01	1.071519305237607e-01
53441	1.039987668779767e-01	1.047128548050900e-01
53456	1.020268848254076e-01	1.023292992280754e-01
53622	9.710024752067914e-02	9.772372209558107e-02
53794	9.384412359414362e-02	9.549925860214359e-02
54203	9.332295744011565e-02	9.332543007969910e-02
54425	9.060814440172904e-02	9.120108393559097e-02
54671	8.444634849521915e-02	8.511380382023763e-02
55234	8.269985885620956e-02	8.317637711026708e-02
55717	8.125955246333083e-02	8.128305161640990e-02
57163	7.942277249738650e-02	7.943282347242814e-02
57531	7.606839936722443e-02	7.762471166286916e-02
57669	7.585231337082021e-02	7.585775750291836e-02
58250	7.412660477070365e-02	7.413102413009177e-02
58511	6.887054526277669e-02	6.918309709189366e-02
59095	6.755086763471430e-02	6.760829753919818e-02
59518	6.604410292941354e-02	6.606934480075961e-02
60358	6.455956514089289e-02	6.456542290346556e-02
60419	6.301933890176392e-02	6.309573444801933e-02
61291	6.006137102070896e-02	6.025595860743578e-02
61837	5.431227943235961e-02	5.495408738576246e-02
63379	5.369299096761915e-02	5.370317963702527e-02
64091	5.240806117948871e-02	5.248074602497726e-02
64302	5.078724297209436e-02	5.128613839913648e-02
64914	5.005896845550306e-02	5.011872336272722e-02
65805	4.887732896207830e-02	4.897788193684462e-02
67924	4.781336826997462e-02	4.786300923226382e-02
68437	4.676775255777654e-02	4.677351412871981e-02
69171	4.511590842033208e-02	4.570881896148749e-02
69321	4.250725936516031e-02	4.265795188015926e-02
70492	4.162773894159100e-02	4.168693834703355e-02
71182	4.073782772995971e-02	4.073802778041128e-02
72738	3.980484770104287e-02	3.981071705534973e-02
74795	3.521526571918843e-02	3.548133892335755e-02
74870	3.422570033291661e-02	3.467368504525317e-02
75700	3.387927582862849e-02	3.388441561392026e-02
77842	3.311275684931980e-02	3.311311214825911e-02
79646	3.235744557704934e-02	3.235936569296283e-02
83168	3.160908167040499e-02	3.162277660168379e-02
84029	3.037872296835009e-02	3.090295432513590e-02
84053	3.011762715273802e-02	3.019951720402016e-02
85710	2.912454067645132e-02	2.951209226666385e-02
86976	2.881971612075762e-02	2.884031503126606e-02
92477	2.807255733148362e-02	2.818382931264454e-02
96888	2.749781432566456e-02	2.754228703338166e-02
103360	2.690972011360493e-02	2.691534803926915e-02
108067	2.548179941014994e-02	2.570395782768863e-02
108529	2.458447026552990e-02	2.511886431509579e-02
108764	2.447904648701993e-02	2.454708915685030e-02
114175	2.398824943333588e-02	2.398832919019490e-02
122064	2.217215898357261e-02	2.238721138568340e-02
124910	2.187637086665750e-02	2.187761623949553e-02
127996	2.121607826347049e-02	2.137962089502233e-02
136294	2.088904149624127e-02	2.089296130854040e-02
141064	2.015135533154955e-02	2.041737944669529e-02
150188	1.965894705000593e-02	1.995262314968880e-02
153943	1.949751285194523e-02	1.949844599758046e-02
159319	1.905458000442484e-02	1.905460717963247e-02
177602	1.861854381964867e-02	1.862087136662868e-02
180711	1.573403833325404e-02	1.584893192461113e-02
186329	1.548065288052936e-02	1.548816618912481e-02
189314	1.485808539632738e-02	1.513561248436208e-02
191042	1.477450319960183e-02	1.479108388168207e-02
204559	1.428826766251190e-02	1.445439770745927e-02
210367	1.412402753054709e-02	1.412537544622754e-02
229528	1.380378961708451e-02	1.380384264602885e-02
236144	1.348855501548396e-02	1.348962882591653e-02
245054	1.318151221751407e-02	1.318256738556407e-02
264553	1.288034577911890e-02	1.288249551693134e-02
274426	1.258854698742051e-02	1.258925411794167e-02
278764	1.220452205248612e-02	1.230268770812382e-02
284705	1.197916646779429e-02	1.202264434617413e-02
287182	1.162264309353245e-02	1.174897554939530e-02
290804	1.147628803303624e-02	1.148153621496883e-02
303811	1.113974347590141e-02	1.122018454301964e-02
308276	1.096117361893756e-02	1.096478196143185e-02
317159	1.067537354337256e-02	1.071519305237606e-02
322325	1.046604893644965e-02	1.047128548050900e-02
331525	1.014093389879012e-02	1.023292992280754e-02
338049	9.991152242573964e-03	1.000000000000000e-02
351819	9.771788804930237e-03	9.772372209558112e-03
377175	9.549852632084743e-03	9.549925860214359e-03
386886	9.228025405312978e-03	9.332543007969915e-03
400864	9.120087244145259e-03	9.120108393559097e-03
439719	8.912163949696295e-03	8.912509381337459e-03
467441	8.667963298498060e-03	8.709635899560805e-03
486702	8.509167945537355e-03	8.511380382023767e-03
508208	8.289532908388408e-03	8.317637711026709e-03
537830	8.123769370279810e-03	8.128305161640995e-03
583961	7.943264693503038e-03	7.943282347242814e-03
597705	7.757814115895378e-03	7.762471166286920e-03
600001	7.631745508250298e-03	7.762471166286920e-03
%
% index = 2980, name = bbob_f008_i23_d10__bbob_f021_i24_d10
% instance = 11, reference value = 1.000000000000000e+00
% function evaluation | indicator value | target hit
1	9.270819852363146e-01	9.332543007969910e-01
40	8.809504969557203e-01	8.912509381337456e-01
46	8.610832999055470e-01	8.709635899560807e-01
48	8.479923902399786e-01	8.511380382023764e-01
66	7.826183151486332e-01	7.943282347242815e-01
125	7.738115372686118e-01	7.762471166286917e-01
151	5.862288591882394e-01	5.888436553555889e-01
158	5.731623130546926e-01	5.754399373371569e-01
380	5.618244155984257e-01	5.623413251903491e-01
405	5.057255037329236e-01	5.128613839913648e-01
431	4.525286858829338e-01	4.570881896148750e-01
468	3.984012984280503e-01	4.073802778041127e-01
478	3.820965957482432e-01	3.890451449942806e-01
546	3.799448660988268e-01	3.801893963205612e-01
631	3.714197554725183e-01	3.715352290971726e-01
679	3.630578180282940e-01	3.630780547701014e-01
730	3.335068555665379e-01	3.388441561392025e-01
884	2.912714740144350e-01	2.951209226666385e-01
915	2.766958512882208e-01	2.818382931264454e-01
929	2.728758072347539e-01	2.754228703338166e-01
953	2.525474541937899e-01	2.570395782768864e-01
960	2.487912068001069e-01	2.511886431509580e-01
1087	1.831617798193997e-01	1.862087136662867e-01
1142	1.816654714508663e-01	1.819700858609984e-01
1539	1.730177744191453e-01	1.737800828749375e-01
1748	1.678675072653747e-01	1.698243652461744e-01
1841	1.569789739970837e-01	1.584893192461113e-01
1898	1.526838271466504e-01	1.548816618912481e-01
1930	1.510470442982066e-01	1.513561248436208e-01
2228	1.455439252627996e-01	1.479108388168208e-01
2691	1.436733492103862e-01	1.445439770745928e-01
3164	1.412318072577919e-01	1.412537544622754e-01
3717	1.362281588342913e-01	1.380384264602885e-01
4323	1.329363833094162e-01	1.348962882591654e-01
4905	1.286244159445588e-01	1.288249551693134e-01
6426	1.258867349014912e-01	1.258925411794167e-01
6933	1.218795365105916e-01	1.230268770812381e-01
7775	1.174130384926514e-01	1.174897554939529e-01
8327	1.148150886831208e-01	1.148153621496883e-01
8964	1.071987425867582e-01	1.096478196143185e-01
9018	1.069598672495635e-01	1.071519305237607e-01
9365	1.028595734168825e-01	1.047128548050900e-01
10496	1.023085939172977e-01	1.023292992280754e-01
10824	9.863305021110180e-02	1.000000000000000e-01
11896	9.772278341890173e-02	9.772372209558107e-02
13522	9.459072097173216e-02	9.549925860214359e-02
15277	8.808709905646372e-02	8.912509381337455e-02
15672	8.694352251400583e-02	8.709635899560805e-02
15940	7.948383784914048e-02	8.128305161640990e-02
16118	7.943063789144289e-02	7.943282347242814e-02
16478	7.595224941409173e-02	7.762471166286916e-02
16883	7.585740398774887e-02	7.585775750291836e-02
18966	7.398282289761227e-02	7.413102413009177e-02
19199	7.173146538661945e-02	7.244359600749903e-02
20784	6.966564576689316e-02	7.079457843841380e-02
20816	6.869584927523298e-02	6.918309709189366e-02
21202	6.669839181312398e-02	6.760829753919818e-02
21521	6.114072809038340e-02	6.165950018614822e-02
24637	6.022585655110246e-02	6.025595860743578e-02
24800	5.847544410690508e-02	5.888436553555890e-02
25395	5.593130962995019e-02	5.623413251903491e-02
26938	5.129972835972896e-02	5.248074602497726e-02
27048	5.125435015682989e-02	5.128613839913648e-02
28284	5.011815176287571e-02	5.011872336272722e-02
32950	4.897417653845237e-02	4.897788193684462e-02
33156	4.555572308419709e-02	4.570881896148749e-02
39059	4.447170061417927e-02	4.466835921509630e-02
40494	4.356982979016344e-02	4.365158322401658e-02
43331	4.265752663371281e-02	4.265795188015926e-02
44961	4.160132673339756e-02	4.168693834703355e-02
49805	4.073793896409172e-02	4.073802778041128e-02
51799	3.969996627234762e-02	3.981071705534973e-02
61800	3.885180337995908e-02	3.890451449942807e-02
64712	3.777582565024640e-02	3.801893963205612e-02
74211	3.715331872450822e-02	3.715352290971726e-02
87433	3.612721615751502e-02	3.630780547701014e-02
174762	3.548133876353821e-02	3.548133892335755e-02
534155	3.463357179866855e-02	3.467368504525317e-02
600001	3.456208712101905e-02	3.467368504525317e-02
%
% index = 2981, name = bbob_f008_i25_d10__bbob_f021_i26_d10
% instance = 12, reference value = 1.000000000000000e+00
% function evaluation | indicator value | target hit
1	7.657182348763123e-01	7.762471166286917e-01
11	7.515402670265035e-01	7.585775750291838e-01
14	6.059979092932959e-01	6.165950018614822e-01
15	5.889986659187278e-01	6.025595860743578e-01
24	5.887358499111848e-01	5.888436553555889e-01
48	5.727885997912774e-01	5.754399373371569e-01
68	5.515105332280636e-01	5.623413251903491e-01
121	4.973172725828670e-01	5.011872336272722e-01
294	4.122508333073446e-01	4.168693834703354e-01
335	4.065471113326233e-01	4.073802778041127e-01
446	3.961495426500562e-01	3.981071705534972e-01
491	3.694952624123820e-01	3.715352290971726e-01
559	3.516757717050338e-01	3.548133892335755e-01
582	3.460152819405032e-01	3.467368504525316e-01
621	3.385955625372838e-01	3.388441561392025e-01
635	3.288269434731014e-01	3.311311214825911e-01
724	3.235803862229664e-01	3.235936569296283e-01
745	3.158895670581909e-01	3.162277660168379e-01
748	2.976384173102056e-01	3.019951720402016e-01
827	2.944555134549387e-01	2.951209226666385e-01
866	2.401758543829537e-01	2.454708915685030e-01
867	2.395590875093287e-01	2.398832919019490e-01
955	2.336190233266905e-01	2.344228815319922e-01
1000	2.288922057154746e-01	2.290867652767773e-01
1022	2.237681137366613e-01	2.238721138568339e-01
1128	2.089931632157012e-01	2.137962089502232e-01
1141	2.088442834777859e-01	2.089296130854039e-01
1225	2.041291047499469e-01	2.041737944669530e-01
1324	1.780228426594032e-01	1.819700858609984e-01
1325	1.775960683025551e-01	1.778279410038923e-01
1379	1.737384661363196e-01	1.737800828749375e-01
1413	1.691152940155984e-01	1.698243652461744e-01
1587	1.648638985106577e-01	1.659586907437560e-01
1740	1.614217669474391e-01	1.621810097358930e-01
1839	1.522912219957123e-01	1.548816618912481e-01
1899	1.511103520682751e-01	1.513561248436208e-01
2347	1.476990822490111e-01	1.479108388168208e-01
2414	1.432235350759958e-01	1.445439770745928e-01
2566	1.412521427650167e-01	1.412537544622754e-01
2610	1.375426111876396e-01	1.380384264602885e-01
3017	1.323396470136003e-01	1.348962882591654e-01
3050	1.317528851923981e-01	1.318256738556407e-01
3793	1.283884423585132e-01	1.288249551693134e-01
3993	1.255447911502157e-01	1.258925411794167e-01
4831	1.229876684691084e-01	1.230268770812381e-01
6392	1.198930994345601e-01	1.202264434617413e-01
9114	1.154309143412725e-01	1.174897554939529e-01
9581	1.133062663052080e-01	1.148153621496883e-01
10273	1.121980395968625e-01	1.122018454301964e-01
11830	1.090920035377868e-01	1.096478196143185e-01
12779	1.071174860166857e-01	1.071519305237607e-01
14749	1.045184255259499e-01	1.047128548050900e-01
16961	1.021640402423398e-01	1.023292992280754e-01
19362	9.770636738034366e-02	9.772372209558107e-02
24112	9.470249294711908e-02	9.549925860214359e-02
25735	9.295503692903662e-02	9.332543007969910e-02
26920	9.031817460548586e-02	9.120108393559097e-02
29693	8.900317655490775e-02	8.912509381337455e-02
32834	8.704112753759585e-02	8.709635899560805e-02
35758	8.502619352752938e-02	8.511380382023763e-02
38202	8.309480014944559e-02	8.317637711026708e-02
40313	8.125077800629754e-02	8.128305161640990e-02
41945	7.940314313379526e-02	7.943282347242814e-02
44516	7.762392021725173e-02	7.762471166286916e-02
47220	7.585244669004976e-02	7.585775750291836e-02
50931	7.412783281501145e-02	7.413102413009177e-02
52503	7.235314507867807e-02	7.244359600749903e-02
54891	7.075984728856433e-02	7.079457843841380e-02
57413	6.918287619321140e-02	6.918309709189366e-02
58336	6.670862339339068e-02	6.760829753919818e-02
59811	6.605293927604938e-02	6.606934480075961e-02
62831	6.419428122828852e-02	6.456542290346556e-02
64849	6.246471522117059e-02	6.309573444801933e-02
66544	6.109588415207046e-02	6.165950018614822e-02
68001	6.025531383789962e-02	6.025595860743578e-02
69041	5.885618492125488e-02	5.888436553555890e-02
69639	5.754380062849096e-02	5.754399373371569e-02
70399	5.621876640119239e-02	5.623413251903491e-02
71886	5.416036599615526e-02	5.495408738576246e-02
72306	5.317490530100566e-02	5.370317963702527e-02
72518	5.215733761933217e-02	5.248074602497726e-02
73101	4.854760767430033e-02	4.897788193684462e-02
73206	4.757217242764966e-02	4.786300923226382e-02
74126	4.670367806696862e-02	4.677351412871981e-02
74888	4.417729343216426e-02	4.466835921509630e-02
76152	4.350829660154187e-02	4.365158322401658e-02
76156	4.257515858763705e-02	4.265795188015926e-02
77686	4.156873646704196e-02	4.168693834703355e-02
79900	4.052876972469099e-02	4.073802778041128e-02
85894	3.977661008005151e-02	3.981071705534973e-02
111704	3.872776854907334e-02	3.890451449942807e-02
177091	3.801811583112413e-02	3.801893963205612e-02
271315	3.715281790844194e-02	3.715352290971726e-02
600000	3.654498810953088e-02	3.715352290971726e-02
%
% index = 2982, name = bbob_f008_i27_d10__bbob_f021_i28_d10
% instance = 13, reference value = 1.000000000000000e+00
% function evaluation | indicator value | target hit
1	9.175984105046537e-01	9.332543007969910e-01
6	8.984676976687048e-01	9.120108393559098e-01
29	8.866690424070369e-01	8.912509381337456e-01
81	8.534846204530671e-01	8.709635899560807e-01
85	8.276541628157643e-01	8.317637711026710e-01
87	7.903526431998567e-01	7.943282347242815e-01
221	7.725608437726457e-01	7.762471166286917e-01
228	7.575554582529418e-01	7.585775750291838e-01
391	7.403250147369309e-01	7.413102413009175e-01
446	6.679653484862532e-01	6.760829753919817e-01
467	5.629492334956633e-01	5.754399373371569e-01
514	4.987240372961290e-01	5.011872336272722e-01
575	4.888683422374945e-01	4.897788193684462e-01
591	3.854863236253269e-01	3.890451449942806e-01
601	3.793811586665572e-01	3.801893963205612e-01
617	3.590114624589055e-01	3.630780547701014e-01
635	3.350298571133862e-01	3.388441561392025e-01
663	3.302699872619389e-01	3.311311214825911e-01
713	3.204736884867052e-01	3.235936569296283e-01
733	3.154932440747726e-01	3.162277660168379e-01
757	3.030636333138921e-01	3.090295432513591e-01
767	2.996007559636437e-01	3.019951720402016e-01
788	2.631281652543277e-01	2.691534803926916e-01
807	2.629965159953093e-01	2.630267991895382e-01
821	2.507654741724022e-01	2.511886431509580e-01
841	2.322293633994251e-01	2.344228815319922e-01
847	2.259293947480563e-01	2.290867652767773e-01
865	2.214720099516917e-01	2.238721138568339e-01
895	2.163826675259640e-01	2.187761623949552e-01
910	2.135898621103782e-01	2.137962089502232e-01
930	2.089048680807424e-01	2.089296130854039e-01
981	1.984952680803634e-01	1.995262314968880e-01
1074	1.935259614733944e-01	1.949844599758045e-01
1107	1.830342610303802e-01	1.862087136662867e-01
1134	1.812320849143074e-01	1.819700858609984e-01
1191	1.778089249353741e-01	1.778279410038923e-01
1344	1.724775128955822e-01	1.737800828749375e-01
1385	1.530218966245694e-01	1.548816618912481e-01
1389	1.506076619285170e-01	1.513561248436208e-01
1440	1.419572813394436e-01	1.445439770745928e-01
1489	1.412512067646253e-01	1.412537544622754e-01
1509	1.159585143805592e-01	1.174897554939529e-01
1510	1.081707966768438e-01	1.096478196143185e-01
1718	1.053444980810230e-01	1.071519305237607e-01
1746	1.030683473631672e-01	1.047128548050900e-01
1766	9.947900352655237e-02	1.000000000000000e-01
1857	9.770155622206100e-02	9.772372209558107e-02
2243	9.465015043628933e-02	9.549925860214359e-02
2310	9.292832423187303e-02	9.332543007969910e-02
2782	9.116346812511522e-02	9.120108393559097e-02
3048	8.912031319918179e-02	8.912509381337455e-02
3890	8.673588488749751e-02	8.709635899560805e-02
5322	8.498748293801617e-02	8.511380382023763e-02
7497	8.317582136200008e-02	8.317637711026708e-02
11032	8.050604816773776e-02	8.128305161640990e-02
11994	7.885174591159205e-02	7.943282347242814e-02
15685	7.709104359951469e-02	7.762471166286916e-02
23227	7.575186345964080e-02	7.585775750291836e-02
23840	7.305058900175765e-02	7.413102413009177e-02
25157	7.238507238898884e-02	7.244359600749903e-02
29821	7.074525757525385e-02	7.079457843841380e-02
39596	6.918249935933496e-02	6.918309709189366e-02
47433	6.753841463334809e-02	6.760829753919818e-02
55619	6.606911462841492e-02	6.606934480075961e-02
79392	6.438023047177843e-02	6.456542290346556e-02
111399	6.308634134514746e-02	6.309573444801933e-02
269560	6.165949433515661e-02	6.165950018614822e-02
600000	6.104310197389573e-02	6.165950018614822e-02
%
% index = 2983, name = bbob_f008_i29_d10__bbob_f021_i30_d10
% instance = 14, reference value = 1.000000000000000e+00
% function evaluation | indicator value | target hit
1	9.800426378199226e-01	1.000000000000000e+00
5	9.708853797722555e-01	9.772372209558107e-01
11	9.053607305319507e-01	9.120108393559098e-01
88	8.629253974605675e-01	8.709635899560807e-01
95	6.427439295735290e-01	6.456542290346555e-01
109	6.228269617643398e-01	6.309573444801932e-01
155	6.156430581008665e-01	6.165950018614822e-01
167	5.841203401155635e-01	5.888436553555889e-01
177	5.623876155941502e-01	5.754399373371569e-01
178	5.616900468581484e-01	5.623413251903491e-01
195	5.250336315532896e-01	5.370317963702527e-01
222	5.246044269734429e-01	5.248074602497725e-01
230	5.072877654485821e-01	5.128613839913648e-01
245	4.954016991377650e-01	5.011872336272722e-01
260	4.661868354127842e-01	4.677351412871982e-01
266	4.402602650939618e-01	4.466835921509631e-01
319	4.129230095168482e-01	4.168693834703354e-01
334	4.059703218145044e-01	4.073802778041127e-01
387	3.977045382496938e-01	3.981071705534972e-01
406	3.852803684227859e-01	3.890451449942806e-01
441	3.772336141815338e-01	3.801893963205612e-01
493	3.439704323563278e-01	3.467368504525316e-01
513	3.087885240700184e-01	3.090295432513591e-01
570	2.922558860020030e-01	2.951209226666385e-01
604	2.865643370593659e-01	2.884031503126606e-01
622	2.753400797372294e-01	2.754228703338166e-01
647	2.690009817167085e-01	2.691534803926916e-01
675	2.608643945223692e-01	2.630267991895382e-01
699	2.353519635781658e-01	2.398832919019490e-01
757	2.343242724333739e-01	2.344228815319922e-01
806	2.290804241856658e-01	2.290867652767773e-01
855	2.206885734074141e-01	2.238721138568339e-01
858	2.084744713880342e-01	2.089296130854039e-01
876	1.562114936049656e-01	1.584893192461113e-01
922	1.548494655707288e-01	1.548816618912481e-01
968	1.497892591582123e-01	1.513561248436208e-01
989	1.476538985769562e-01	1.479108388168208e-01
1073	1.441811110601797e-01	1.445439770745928e-01
1155	1.412457246389531e-01	1.412537544622754e-01
1385	1.380378134978755e-01	1.380384264602885e-01
1555	1.348674805255055e-01	1.348962882591654e-01
1601	1.041746136162923e-01	1.047128548050900e-01
1755	1.023274799021145e-01	1.023292992280754e-01
2014	9.991127541568545e-02	1.000000000000000e-01
2228	9.459034040155134e-02	9.549925860214359e-02
2327	8.683840503579543e-02	8.709635899560805e-02
2775	8.489243708254135e-02	8.511380382023763e-02
2803	8.301978420291189e-02	8.317637711026708e-02
3064	8.126778674948243e-02	8.128305161640990e-02
3980	7.891177865481658e-02	7.943282347242814e-02
4110	7.761977306908285e-02	7.762471166286916e-02
5442	7.585050137623206e-02	7.585775750291836e-02
5794	7.338304221085279e-02	7.413102413009177e-02
5990	7.232113730846079e-02	7.244359600749903e-02
6849	6.971905613204255e-02	7.079457843841380e-02
8136	6.918210586294826e-02	6.918309709189366e-02
10641	6.760751941400267e-02	6.760829753919818e-02
15735	6.606913448292473e-02	6.606934480075961e-02
18217	6.455847347444255e-02	6.456542290346556e-02
23075	6.298858073747993e-02	6.309573444801933e-02
29932	6.165665873945980e-02	6.165950018614822e-02
33149	6.018215225714529e-02	6.025595860743578e-02
39529	5.878326136277223e-02	5.888436553555890e-02
48298	5.754253083749206e-02	5.754399373371569e-02
55413	5.616497181462310e-02	5.623413251903491e-02
72246	5.495403746051319e-02	5.495408738576246e-02
106024	5.367820470601914e-02	5.370317963702527e-02
122051	5.032571178175815e-02	5.128613839913648e-02
137700	5.005264553568656e-02	5.011872336272722e-02
184354	4.880718958565777e-02	4.897788193684462e-02
228437	4.759829531845794e-02	4.786300923226382e-02
255796	4.666341427097431e-02	4.677351412871981e-02
290804	4.515344112831809e-02	4.570881896148749e-02
336872	4.453928060845513e-02	4.466835921509630e-02
364309	4.313172455279246e-02	4.365158322401658e-02
384441	4.265447558445068e-02	4.265795188015926e-02
527982	4.149832418944954e-02	4.168693834703355e-02
590341	4.061189997725523e-02	4.073802778041128e-02
600001	4.058280226017985e-02	4.073802778041128e-02
%
% index = 2984, name = bbob_f008_i31_d10__bbob_f021_i34_d10
% instance = 15, reference value = 1.000000000000000e+00
% function evaluation | indicator value | target hit
1	9.763913343814972e-01	9.772372209558107e-01
3	9.478642951811309e-01	9.549925860214360e-01
20	9.080257647387391e-01	9.120108393559098e-01
38	8.911157739340960e-01	8.912509381337456e-01
75	8.509619989526699e-01	8.511380382023764e-01
108	8.168945180950944e-01	8.317637711026710e-01
145	8.104588239363809e-01	8.128305161640993e-01
151	7.760165766115299e-01	7.762471166286917e-01
176	5.434944369491694e-01	5.495408738576245e-01
219	5.328038019804097e-01	5.370317963702527e-01
304	5.245500579638704e-01	5.248074602497725e-01
398	4.938167768219370e-01	5.011872336272722e-01
405	4.896949108082606e-01	4.897788193684462e-01
481	4.606511304952703e-01	4.677351412871982e-01
483	4.561457763789810e-01	4.570881896148750e-01
601	4.345879839409104e-01	4.365158322401660e-01
627	3.709597392631732e-01	3.715352290971726e-01
791	3.522184455579334e-01	3.548133892335755e-01
858	3.460107450104164e-01	3.467368504525316e-01
983	3.327084892926701e-01	3.388441561392025e-01
995	3.217573145781190e-01	3.235936569296283e-01
1119	3.060835683083584e-01	3.090295432513591e-01
1190	2.991506631709426e-01	3.019951720402016e-01
1228	2.950886481117303e-01	2.951209226666385e-01
1289	2.832818941107200e-01	2.884031503126606e-01
1486	2.729542874399145e-01	2.754228703338166e-01
2065	2.512446468848605e-01	2.570395782768864e-01
2094	2.453474889274970e-01	2.454708915685030e-01
2111	2.396309182805796e-01	2.398832919019490e-01
2366	2.340344624027388e-01	2.344228815319922e-01
2477	2.286705413622435e-01	2.290867652767773e-01
2583	2.234087402516990e-01	2.238721138568339e-01
3227	2.187748269092208e-01	2.187761623949552e-01
3592	2.094966300351537e-01	2.137962089502232e-01
3780	2.082556360103811e-01	2.089296130854039e-01
4566	2.036529527656948e-01	2.041737944669530e-01
5192	1.993556573916423e-01	1.995262314968880e-01
5956	1.946148517750101e-01	1.949844599758045e-01
6236	1.896121149743379e-01	1.905460717963247e-01
7318	1.836049155621321e-01	1.862087136662867e-01
7340	1.799672012191573e-01	1.819700858609984e-01
7782	1.768919309111742e-01	1.778279410038923e-01
9394	1.735935496440569e-01	1.737800828749375e-01
13642	1.687067988299353e-01	1.698243652461744e-01
15211	1.627819309087063e-01	1.659586907437560e-01
15449	1.617471654403076e-01	1.621810097358930e-01
16231	1.568053401851667e-01	1.584893192461113e-01
16510	1.527343302296132e-01	1.548816618912481e-01
18699	1.508769081898125e-01	1.513561248436208e-01
24335	1.469408587751029e-01	1.479108388168208e-01
24547	1.444886078347495e-01	1.445439770745928e-01
29634	1.408484679574035e-01	1.412537544622754e-01
31915	1.370209212665205e-01	1.380384264602885e-01
33141	1.348958928633975e-01	1.348962882591654e-01
38598	1.306617287296717e-01	1.318256738556407e-01
41459	1.216840939657888e-01	1.230268770812381e-01
47991	1.202253125404605e-01	1.202264434617413e-01
49092	1.132845081809861e-01	1.148153621496883e-01
54192	1.079076195922364e-01	1.096478196143185e-01
54305	1.040100351255547e-01	1.047128548050900e-01
68468	1.023281717598408e-01	1.023292992280754e-01
69332	9.974062536565376e-02	1.000000000000000e-01
97278	9.511725972621909e-02	9.549925860214359e-02
126176	9.256310421068958e-02	9.332543007969910e-02
134071	9.101984379872463e-02	9.120108393559097e-02
148587	8.710993498708508e-02	8.912509381337455e-02
148727	8.697446011522858e-02	8.709635899560805e-02
174233	8.478697227789211e-02	8.511380382023763e-02
260134	8.317421630287591e-02	8.317637711026708e-02
292073	8.126234238203833e-02	8.128305161640990e-02
368427	7.833527762087078e-02	7.943282347242814e-02
414860	7.750726369345795e-02	7.762471166286916e-02
515053	7.584729905684218e-02	7.585775750291836e-02
583790	7.412844509353667e-02	7.413102413009177e-02
600000	7.375116839568119e-02	7.413102413009177e-02
