%
% index = 2445, name = bbob_f020_i02_d05__bbob_f021_i04_d05
% instance = 1, reference value = 9.867359785572600e-01
% function evaluation | indicator value | target hit
1	9.015128131817352e-01	9.120108393559098e-01
10	6.016897675163567e-01	6.025595860743578e-01
31	5.599578247270705e-01	5.623413251903491e-01
42	5.048620777064339e-01	5.128613839913648e-01
44	4.955936047565119e-01	5.011872336272722e-01
68	4.191949388751771e-01	4.265795188015927e-01
72	2.815780001077183e-01	2.818382931264454e-01
141	2.449303044726931e-01	2.454708915685030e-01
257	2.230732106326697e-01	2.238721138568339e-01
336	2.059812689568182e-01	2.089296130854039e-01
462	1.988498758026598e-01	1.995262314968880e-01
533	1.922818373481608e-01	1.949844599758045e-01
582	1.633201528625048e-01	1.659586907437560e-01
809	1.570945016059256e-01	1.584893192461113e-01
1079	1.475629457351694e-01	1.479108388168208e-01
1116	1.433144264492895e-01	1.445439770745928e-01
1309	1.412470308645586e-01	1.412537544622754e-01
1314	1.358961284761249e-01	1.380384264602885e-01
1315	1.322991808362661e-01	1.348962882591654e-01
1467	1.280530787426147e-01	1.288249551693134e-01
1531	1.234381204878747e-01	1.258925411794167e-01
1575	1.216351973404179e-01	1.230268770812381e-01
1800	1.197610153541857e-01	1.202264434617413e-01
1911	1.108553311869978e-01	1.122018454301964e-01
1959	1.091717864472969e-01	1.096478196143185e-01
2981	1.069672285785006e-01	1.071519305237607e-01
3034	1.044514148984043e-01	1.047128548050900e-01
3275	1.022181175805140e-01	1.023292992280754e-01
3401	9.723190566950257e-02	9.772372209558107e-02
5360	9.245626509534455e-02	9.332543007969910e-02
8611	9.104702520279284e-02	9.120108393559097e-02
13323	8.790512370193826e-02	8.912509381337455e-02
36462	8.685364512280780e-02	8.709635899560805e-02
43264	8.280044274719134e-02	8.317637711026708e-02
48736	8.026453873630257e-02	8.128305161640990e-02
64362	7.869710716483991e-02	7.943282347242814e-02
73781	7.651871557227741e-02	7.762471166286916e-02
92632	7.571162504802709e-02	7.585775750291836e-02
302833	7.443835007600241e-02	7.585775750291836e-02
%
% index = 2446, name = bbob_f020_i03_d05__bbob_f021_i05_d05
% instance = 2, reference value = 9.885965022644160e-01
% function evaluation | indicator value | target hit
1	3.467978847060519e-01	3.548133892335755e-01
17	3.454315337246298e-01	3.467368504525316e-01
73	3.382443794502010e-01	3.388441561392025e-01
100	3.138627501922994e-01	3.162277660168379e-01
107	2.970034296933818e-01	3.019951720402016e-01
108	2.663037286178386e-01	2.691534803926916e-01
128	2.479194590996834e-01	2.511886431509580e-01
173	2.253784547225010e-01	2.290867652767773e-01
224	2.235415219656558e-01	2.238721138568339e-01
266	2.163018660712450e-01	2.187761623949552e-01
299	2.092691007782108e-01	2.137962089502232e-01
317	2.084742728003375e-01	2.089296130854039e-01
330	1.860406403238477e-01	1.862087136662867e-01
363	1.805803158351950e-01	1.819700858609984e-01
502	1.655745186048861e-01	1.659586907437560e-01
519	1.395860619218187e-01	1.412537544622754e-01
529	1.253322578288991e-01	1.258925411794167e-01
577	1.214118219838939e-01	1.230268770812381e-01
616	1.062372674092680e-01	1.071519305237607e-01
641	9.187562792326431e-02	9.332543007969910e-02
774	9.086280380038325e-02	9.120108393559097e-02
827	7.956977259205200e-02	8.128305161640990e-02
1181	7.359900894050353e-02	7.413102413009177e-02
1399	7.154275822276868e-02	7.244359600749903e-02
1409	7.042406520894284e-02	7.079457843841380e-02
1479	6.779865156850950e-02	6.918309709189366e-02
1804	6.584309506313446e-02	6.606934480075961e-02
1939	6.440898112382565e-02	6.456542290346556e-02
1940	6.264557709928675e-02	6.309573444801933e-02
2062	6.122798119047479e-02	6.165950018614822e-02
2428	5.937986294829478e-02	6.025595860743578e-02
2559	5.812775404283588e-02	5.888436553555890e-02
2596	5.746058586453884e-02	5.754399373371569e-02
3010	5.513744646614127e-02	5.623413251903491e-02
3718	4.958340600255717e-02	5.011872336272722e-02
4315	4.734850219797715e-02	4.786300923226382e-02
4509	4.634856851221869e-02	4.677351412871981e-02
4686	4.489920777071588e-02	4.570881896148749e-02
4945	4.441826784054648e-02	4.466835921509630e-02
5073	4.300062270428939e-02	4.365158322401658e-02
5083	4.242973108285997e-02	4.265795188015926e-02
5748	4.045392368084955e-02	4.073802778041128e-02
6872	3.762117451731839e-02	3.801893963205612e-02
7170	3.664544442628126e-02	3.715352290971726e-02
8760	3.590391116908109e-02	3.630780547701014e-02
12939	3.518687943111343e-02	3.548133892335755e-02
20095	3.464554696897504e-02	3.467368504525317e-02
31439	3.380207650857403e-02	3.388441561392026e-02
45497	3.308851330266604e-02	3.311311214825911e-02
300000	3.255266865871365e-02	3.311311214825911e-02
%
% index = 2447, name = bbob_f020_i07_d05__bbob_f021_i08_d05
% instance = 3, reference value = 9.900171038869500e-01
% function evaluation | indicator value | target hit
1	1.312176615590450e+00	1.318256738556407e+00
11	1.049065171235950e+00	1.071519305237606e+00
13	7.828711406778552e-01	7.943282347242815e-01
51	7.339161761837010e-01	7.413102413009175e-01
55	7.006665902403856e-01	7.079457843841379e-01
78	6.539096669962324e-01	6.606934480075960e-01
94	6.317056399886718e-01	6.456542290346555e-01
112	5.823188716576426e-01	5.888436553555889e-01
212	5.666869265428804e-01	5.754399373371569e-01
314	5.586641906380129e-01	5.623413251903491e-01
328	4.602081798367104e-01	4.677351412871982e-01
393	3.698685454135062e-01	3.715352290971726e-01
507	3.596100548880763e-01	3.630780547701014e-01
569	3.057553773187297e-01	3.090295432513591e-01
659	2.511230225867608e-01	2.511886431509580e-01
685	2.385692606842627e-01	2.398832919019490e-01
694	2.337827759462646e-01	2.344228815319922e-01
742	2.233597635068771e-01	2.238721138568339e-01
809	2.185158842471017e-01	2.187761623949552e-01
908	2.134522665361744e-01	2.137962089502232e-01
977	2.083013820165834e-01	2.089296130854039e-01
1004	2.019244570959201e-01	2.041737944669530e-01
1029	1.982318382934044e-01	1.995262314968880e-01
1113	1.945075939143169e-01	1.949844599758045e-01
1125	1.536976110909678e-01	1.548816618912481e-01
1190	1.513474907723693e-01	1.513561248436208e-01
1342	1.464525051736131e-01	1.479108388168208e-01
1391	1.444578118799974e-01	1.445439770745928e-01
1809	1.377269641292244e-01	1.380384264602885e-01
2026	1.348347801778007e-01	1.348962882591654e-01
2283	1.277282836785657e-01	1.288249551693134e-01
2395	1.255010045489600e-01	1.258925411794167e-01
2652	1.178565932264906e-01	1.202264434617413e-01
2846	1.170177519571899e-01	1.174897554939529e-01
2962	1.134454578186486e-01	1.148153621496883e-01
2988	1.110341314635112e-01	1.122018454301964e-01
3333	1.090758655835528e-01	1.096478196143185e-01
3495	1.050056631722279e-01	1.071519305237607e-01
3512	1.044253881744840e-01	1.047128548050900e-01
3709	1.023222813378715e-01	1.023292992280754e-01
3756	9.749280683512440e-02	9.772372209558107e-02
3858	9.507111535592716e-02	9.549925860214359e-02
3970	9.196103455812599e-02	9.332543007969910e-02
4152	9.040081740460204e-02	9.120108393559097e-02
4238	8.885915635796182e-02	8.912509381337455e-02
4444	8.702767753523399e-02	8.709635899560805e-02
4678	8.444857475700784e-02	8.511380382023763e-02
4772	8.019995069881281e-02	8.128305161640990e-02
4822	7.903184666731888e-02	7.943282347242814e-02
4947	7.749638011492666e-02	7.762471166286916e-02
4995	7.106239616221544e-02	7.244359600749903e-02
5191	7.077906206680518e-02	7.079457843841380e-02
5333	6.916130691138966e-02	6.918309709189366e-02
5570	6.759480671379314e-02	6.760829753919818e-02
5831	6.590009574147560e-02	6.606934480075961e-02
6138	6.453881349513124e-02	6.456542290346556e-02
6741	6.307921401521854e-02	6.309573444801933e-02
7031	6.126618442018239e-02	6.165950018614822e-02
7880	5.929268776297136e-02	6.025595860743578e-02
8250	5.887230715828673e-02	5.888436553555890e-02
9364	5.710428812320445e-02	5.754399373371569e-02
9408	5.603098533292616e-02	5.623413251903491e-02
11995	5.277087417823267e-02	5.370317963702527e-02
13264	5.238278040506106e-02	5.248074602497726e-02
14332	4.989714895113362e-02	5.011872336272722e-02
16978	4.800466301736583e-02	4.897788193684462e-02
17513	4.786104620807663e-02	4.786300923226382e-02
19726	4.579036867862385e-02	4.677351412871981e-02
20012	4.570863296421035e-02	4.570881896148749e-02
24628	4.325925181673052e-02	4.365158322401658e-02
27336	4.243082782971730e-02	4.265795188015926e-02
28713	4.102087496653573e-02	4.168693834703355e-02
30928	4.073582958210564e-02	4.073802778041128e-02
33212	3.955847032635551e-02	3.981071705534973e-02
34450	3.890399005215406e-02	3.890451449942807e-02
38792	3.775319709937619e-02	3.801893963205612e-02
45383	3.715137378928945e-02	3.715352290971726e-02
52050	3.629014756742444e-02	3.630780547701014e-02
62800	3.521535151664801e-02	3.548133892335755e-02
75039	3.448862406282915e-02	3.467368504525317e-02
85428	3.388268853117327e-02	3.388441561392026e-02
101040	3.311303067911087e-02	3.311311214825911e-02
109472	3.233104394424924e-02	3.235936569296283e-02
132396	3.140302560058672e-02	3.162277660168379e-02
170220	3.080534947202673e-02	3.090295432513590e-02
223000	3.013894171845233e-02	3.019951720402016e-02
303045	2.955432892029441e-02	3.019951720402016e-02
%
% index = 2448, name = bbob_f020_i09_d05__bbob_f021_i10_d05
% instance = 4, reference value = 9.926218023687550e-01
% function evaluation | indicator value | target hit
1	1.413937331853255e+00	1.445439770745927e+00
2	1.335133109283255e+00	1.348962882591654e+00
16	1.212625823024255e+00	1.230268770812382e+00
35	1.086579873408487e+00	1.096478196143185e+00
50	9.936248109577550e-01	1.000000000000000e+00
72	6.672729372907305e-01	6.760829753919817e-01
74	6.296006978297930e-01	6.309573444801932e-01
90	2.376124915950908e-01	2.398832919019490e-01
93	1.980611881940213e-01	1.995262314968880e-01
128	1.507077230681854e-01	1.513561248436208e-01
179	1.365119477618233e-01	1.380384264602885e-01
183	1.332291903152022e-01	1.348962882591654e-01
193	1.161215750812777e-01	1.174897554939529e-01
235	1.143562288024215e-01	1.148153621496883e-01
262	9.978577437942793e-02	1.000000000000000e-01
273	9.661831739831306e-02	9.772372209558107e-02
295	9.391664908393882e-02	9.549925860214359e-02
327	9.325107831896540e-02	9.332543007969910e-02
340	9.114479116226071e-02	9.120108393559097e-02
402	8.020080897316606e-02	8.128305161640990e-02
415	7.827653116477939e-02	7.943282347242814e-02
441	7.386546165310892e-02	7.413102413009177e-02
443	7.224715156733708e-02	7.244359600749903e-02
452	7.047575286678343e-02	7.079457843841380e-02
487	5.534324601236529e-02	5.623413251903491e-02
495	5.416923291977205e-02	5.495408738576246e-02
534	5.317467081593430e-02	5.370317963702527e-02
541	5.240481624062621e-02	5.248074602497726e-02
551	5.096018198122076e-02	5.128613839913648e-02
577	4.994539580224944e-02	5.011872336272722e-02
603	4.847144873452547e-02	4.897788193684462e-02
629	4.655306090493327e-02	4.677351412871981e-02
678	4.517642326299054e-02	4.570881896148749e-02
683	4.380764363075129e-02	4.466835921509630e-02
701	4.363557460634360e-02	4.365158322401658e-02
732	4.170641805836450e-02	4.265795188015926e-02
737	3.560444414082176e-02	3.630780547701014e-02
753	3.418263995726645e-02	3.467368504525317e-02
758	3.317348852354352e-02	3.388441561392026e-02
774	3.299734146367594e-02	3.311311214825911e-02
789	3.103102979874461e-02	3.162277660168379e-02
801	3.050386669590910e-02	3.090295432513590e-02
810	2.979003850440676e-02	3.019951720402016e-02
812	2.910942236169234e-02	2.951209226666385e-02
824	2.841318154988570e-02	2.884031503126606e-02
849	2.809169562446567e-02	2.818382931264454e-02
892	2.726394331044957e-02	2.754228703338166e-02
894	2.587497035971464e-02	2.630267991895381e-02
896	2.540396540350454e-02	2.570395782768863e-02
911	2.497529414350519e-02	2.511886431509579e-02
982	2.404335987350170e-02	2.454708915685030e-02
1008	2.386861395484285e-02	2.398832919019490e-02
1043	2.342269834390409e-02	2.344228815319923e-02
1136	2.139917713380834e-02	2.187761623949553e-02
1144	1.313826493330816e-02	1.318256738556407e-02
1155	1.286515380179376e-02	1.288249551693134e-02
1166	1.254086663211129e-02	1.258925411794167e-02
1184	1.229156496940031e-02	1.230268770812382e-02
1432	1.201536599630115e-02	1.202264434617413e-02
1726	1.170414919150020e-02	1.174897554939530e-02
2367	1.147609191403465e-02	1.148153621496883e-02
2616	1.109900421519039e-02	1.122018454301964e-02
2803	1.002546886462585e-02	1.023292992280754e-02
3347	8.689571220803272e-03	8.709635899560805e-03
3528	8.116687807908640e-03	8.128305161640995e-03
4729	7.525390578991709e-03	7.585775750291836e-03
8316	7.411111806661541e-03	7.413102413009177e-03
9048	7.106476494168623e-03	7.244359600749898e-03
11515	6.233825915644919e-03	6.309573444801930e-03
11947	6.164691866944016e-03	6.165950018614822e-03
15885	5.828336782926824e-03	5.888436553555890e-03
20592	4.986779466955360e-03	5.011872336272725e-03
20754	4.893697215162418e-03	4.897788193684461e-03
21306	4.402702821759252e-03	4.466835921509630e-03
23377	4.355481363122804e-03	4.365158322401661e-03
29119	3.967194570258181e-03	3.981071705534973e-03
32708	3.718104425201263e-03	3.801893963205613e-03
32752	3.686301165174211e-03	3.715352290971724e-03
39757	3.475487677564448e-03	3.548133892335753e-03
40566	3.466694961952399e-03	3.467368504525317e-03
45767	3.364570637244491e-03	3.388441561392024e-03
52891	3.308275837222041e-03	3.311311214825911e-03
67713	3.235431039460557e-03	3.235936569296281e-03
72986	3.145825223528131e-03	3.162277660168379e-03
73620	2.924698564230832e-03	2.951209226666387e-03
74770	2.570042161073038e-03	2.570395782768865e-03
85882	2.508905999635380e-03	2.511886431509579e-03
99194	2.443634741674527e-03	2.454708915685031e-03
101958	2.297584689714638e-03	2.344228815319923e-03
103223	2.275091339273394e-03	2.290867652767772e-03
105775	2.194589899585986e-03	2.238721138568340e-03
106693	2.177596781556046e-03	2.187761623949552e-03
119130	2.137932479043814e-03	2.137962089502233e-03
132934	2.080259223353864e-03	2.089296130854039e-03
143799	2.041670067055468e-03	2.041737944669530e-03
145792	1.904733392672942e-03	1.905460717963246e-03
146492	1.861138662352491e-03	1.862087136662868e-03
147923	1.815403231147150e-03	1.819700858609983e-03
149640	1.774087584794581e-03	1.778279410038923e-03
152687	1.722711672401234e-03	1.737800828749376e-03
156808	1.678586820855199e-03	1.698243652461744e-03
168605	1.658666705263934e-03	1.659586907437561e-03
168762	1.607364531235778e-03	1.621810097358930e-03
169931	1.583520819807172e-03	1.584893192461114e-03
174805	1.548416768531236e-03	1.548816618912481e-03
179515	1.513185217212443e-03	1.513561248436209e-03
193504	1.477762346128841e-03	1.479108388168207e-03
196132	1.427300168918233e-03	1.445439770745928e-03
199680	1.348327004002892e-03	1.348962882591653e-03
211399	1.315885297167529e-03	1.318256738556408e-03
219117	1.288210854231697e-03	1.288249551693134e-03
220443	1.249451148313985e-03	1.258925411794167e-03
230688	1.224154034988212e-03	1.230268770812381e-03
243633	1.198159783352803e-03	1.202264434617413e-03
258713	1.169166069758365e-03	1.174897554939529e-03
273580	1.143543538049352e-03	1.148153621496883e-03
280449	1.112428499834173e-03	1.122018454301963e-03
293680	1.096455862351631e-03	1.096478196143185e-03
300000	1.085003905647919e-03	1.096478196143185e-03
%
% index = 2449, name = bbob_f020_i11_d05__bbob_f021_i12_d05
% instance = 5, reference value = 9.913825254903890e-01
% function evaluation | indicator value | target hit
1	1.253430297809389e+00	1.258925411794167e+00
17	1.200590847276389e+00	1.202264434617413e+00
20	1.071909336545389e+00	1.096478196143185e+00
36	1.052253168715889e+00	1.071519305237606e+00
38	8.647185228201570e-01	8.709635899560807e-01
86	6.119207731541543e-01	6.165950018614822e-01
107	5.832313654320899e-01	5.888436553555889e-01
160	5.136224939388627e-01	5.248074602497725e-01
162	1.729175490979350e-01	1.737800828749375e-01
168	1.660508307921782e-01	1.698243652461744e-01
171	1.469536274070602e-01	1.479108388168208e-01
202	1.443457066536242e-01	1.445439770745928e-01
231	1.170978324157199e-01	1.174897554939529e-01
340	1.129515244736538e-01	1.148153621496883e-01
428	1.121974894523280e-01	1.122018454301964e-01
458	1.023392789655160e-01	1.047128548050900e-01
463	1.019674778865670e-01	1.023292992280754e-01
525	7.975395216573256e-02	8.128305161640990e-02
553	7.881329302758810e-02	7.943282347242814e-02
554	5.144209030120239e-02	5.248074602497726e-02
561	5.090670220633053e-02	5.128613839913648e-02
592	3.826591981987681e-02	3.890451449942807e-02
612	3.537873690540172e-02	3.548133892335755e-02
687	3.174004004521602e-02	3.235936569296283e-02
774	2.864136574423748e-02	2.884031503126606e-02
1040	2.808231276952367e-02	2.818382931264454e-02
1063	2.717968096419654e-02	2.754228703338166e-02
1239	2.669882133320378e-02	2.691534803926915e-02
1517	2.599612570876331e-02	2.630267991895381e-02
1585	2.333812669151714e-02	2.344228815319923e-02
1690	2.247699470435471e-02	2.290867652767773e-02
1844	2.212143481057516e-02	2.238721138568340e-02
2225	2.155943976387253e-02	2.187761623949553e-02
2389	2.133534680664650e-02	2.137962089502233e-02
2573	2.077430752638376e-02	2.089296130854040e-02
2830	2.005112321687397e-02	2.041737944669529e-02
2913	1.956033933306023e-02	1.995262314968880e-02
3217	1.948344392327994e-02	1.949844599758046e-02
3615	1.881930309445279e-02	1.905460717963247e-02
3890	1.831420094936531e-02	1.862087136662868e-02
4158	1.798748653948545e-02	1.819700858609984e-02
4241	1.756646961270336e-02	1.778279410038923e-02
4419	1.670795509432232e-02	1.698243652461744e-02
4716	1.659420589768423e-02	1.659586907437561e-02
4944	1.578857175983994e-02	1.584893192461113e-02
5074	1.540324436089469e-02	1.548816618912481e-02
5640	1.506618315942887e-02	1.513561248436208e-02
16358	1.478510148795265e-02	1.479108388168207e-02
301123	1.476801770748615e-02	1.479108388168207e-02
%
% index = 2450, name = bbob_f020_i13_d05__bbob_f021_i14_d05
% instance = 6, reference value = 9.894603312149940e-01
% function evaluation | indicator value | target hit
1	4.488780751107492e-01	4.570881896148750e-01
10	4.436244914759411e-01	4.466835921509631e-01
29	4.313542781016912e-01	4.365158322401660e-01
33	4.165411746155662e-01	4.168693834703354e-01
77	3.712679315416915e-01	3.715352290971726e-01
123	3.602858191309324e-01	3.630780547701014e-01
163	3.522012417369250e-01	3.548133892335755e-01
165	3.299884829608074e-01	3.311311214825911e-01
185	2.801484694381141e-01	2.818382931264454e-01
290	1.163867720137445e-01	1.174897554939529e-01
380	1.085426563361449e-01	1.096478196143185e-01
417	1.071302826524549e-01	1.071519305237607e-01
489	1.046491582954602e-01	1.047128548050900e-01
528	1.020949115140314e-01	1.023292992280754e-01
640	9.814617233074230e-02	1.000000000000000e-01
641	9.168616256782036e-02	9.332543007969910e-02
642	9.049518276523572e-02	9.120108393559097e-02
689	8.309967982063149e-02	8.317637711026708e-02
793	6.429720878370870e-02	6.456542290346556e-02
806	3.655348615443021e-02	3.715352290971726e-02
824	3.628731844608324e-02	3.630780547701014e-02
865	3.510692181305286e-02	3.548133892335755e-02
941	3.445460335620532e-02	3.467368504525317e-02
959	3.382482912452012e-02	3.388441561392026e-02
1143	3.303775321030955e-02	3.311311214825911e-02
1177	3.224317414140965e-02	3.235936569296283e-02
1274	3.147591887111656e-02	3.162277660168379e-02
1287	2.871097193157124e-02	2.884031503126606e-02
1432	2.817934021912594e-02	2.818382931264454e-02
1445	2.744737453633062e-02	2.754228703338166e-02
1784	2.691433132669585e-02	2.691534803926915e-02
2326	2.630264036122676e-02	2.630267991895381e-02
2549	2.554781549191532e-02	2.570395782768863e-02
2744	2.505525975830247e-02	2.511886431509579e-02
2837	2.438868608563727e-02	2.454708915685030e-02
2861	2.371837153746803e-02	2.398832919019490e-02
3187	1.795355984390956e-02	1.819700858609984e-02
3682	1.777795933078963e-02	1.778279410038923e-02
3932	1.720181337425686e-02	1.737800828749375e-02
4735	1.638581663060878e-02	1.659586907437561e-02
5210	1.485557864013576e-02	1.513561248436208e-02
6234	1.479089038314296e-02	1.479108388168207e-02
6256	1.360156995876649e-02	1.380384264602885e-02
6579	1.214940886349325e-02	1.230268770812382e-02
8485	1.180709529156232e-02	1.202264434617413e-02
9194	1.174897411665488e-02	1.174897554939530e-02
13073	1.141345852695985e-02	1.148153621496883e-02
19266	1.103707319906799e-02	1.122018454301964e-02
20385	9.690966369077958e-03	9.772372209558112e-03
26369	9.357810865035732e-03	9.549925860214359e-03
26604	8.720791934866523e-03	8.912509381337459e-03
27319	8.709609003076824e-03	8.709635899560805e-03
34287	8.364759366627061e-03	8.511380382023767e-03
45852	8.311743303090924e-03	8.317637711026709e-03
47145	8.070329904422358e-03	8.128305161640995e-03
49136	7.923673520522256e-03	7.943282347242814e-03
63134	7.632995188196712e-03	7.762471166286920e-03
64072	7.579376348623379e-03	7.585775750291836e-03
166059	7.399317006994921e-03	7.413102413009177e-03
300000	7.319360193041691e-03	7.413102413009177e-03
%
% index = 2451, name = bbob_f020_i15_d05__bbob_f021_i16_d05
% instance = 7, reference value = 9.787668148629550e-01
% function evaluation | indicator value | target hit
1	4.766293724051849e-01	4.786300923226383e-01
67	3.344470836760985e-01	3.388441561392025e-01
83	2.810044940364727e-01	2.818382931264454e-01
86	2.538092937007763e-01	2.570395782768864e-01
113	2.496180982481594e-01	2.511886431509580e-01
170	2.430075279244063e-01	2.454708915685030e-01
186	2.306705472234851e-01	2.344228815319922e-01
191	2.111573252481243e-01	2.137962089502232e-01
218	1.230547957668590e-01	1.258925411794167e-01
224	1.226101548796029e-01	1.230268770812381e-01
268	1.162215710059621e-01	1.174897554939529e-01
346	5.677127679060934e-02	5.754399373371569e-02
349	5.259693831862766e-02	5.370317963702527e-02
371	5.086964460208176e-02	5.128613839913648e-02
404	4.977827668429780e-02	5.011872336272722e-02
432	4.885160776884334e-02	4.897788193684462e-02
465	4.743170986919465e-02	4.786300923226382e-02
491	4.364425096766766e-02	4.365158322401658e-02
561	4.246389459365951e-02	4.265795188015926e-02
713	4.167672287777580e-02	4.168693834703355e-02
1028	3.906090626653580e-02	3.981071705534973e-02
1104	3.871021016947507e-02	3.890451449942807e-02
1370	3.604096024645986e-02	3.630780547701014e-02
1500	2.981588938935897e-02	3.019951720402016e-02
2050	2.951067947020125e-02	2.951209226666385e-02
5637	2.837163393937991e-02	2.884031503126606e-02
7724	2.742798361898313e-02	2.754228703338166e-02
11146	2.673921766248155e-02	2.691534803926915e-02
14373	2.610430213623371e-02	2.630267991895381e-02
40578	2.518126818744471e-02	2.570395782768863e-02
41224	2.495192140437008e-02	2.511886431509579e-02
43038	2.448434421031631e-02	2.454708915685030e-02
56502	2.396640007389217e-02	2.398832919019490e-02
300000	2.385332840621390e-02	2.398832919019490e-02
%
% index = 2452, name = bbob_f020_i17_d05__bbob_f021_i18_d05
% instance = 8, reference value = 9.783325406394500e-01
% function evaluation | indicator value | target hit
1	1.321205218345950e+00	1.348962882591654e+00
15	1.267914441914450e+00	1.288249551693134e+00
17	8.123501104804761e-01	8.128305161640993e-01
40	6.973124015694219e-01	7.079457843841379e-01
46	6.609763518929173e-01	6.760829753919817e-01
49	5.367949082777899e-01	5.370317963702527e-01
64	5.194681952118312e-01	5.248074602497725e-01
72	5.089098965744862e-01	5.128613839913648e-01
99	4.375815483299411e-01	4.466835921509631e-01
123	4.345157465724601e-01	4.365158322401660e-01
131	4.039868756637573e-01	4.073802778041127e-01
167	3.963242082515057e-01	3.981071705534972e-01
174	3.563453444455427e-01	3.630780547701014e-01
187	3.319468629945941e-01	3.388441561392025e-01
197	2.931612565713138e-01	2.951209226666385e-01
201	2.414562506580736e-01	2.454708915685030e-01
204	2.306208984709582e-01	2.344228815319922e-01
230	2.221201893890214e-01	2.238721138568339e-01
243	1.306337640791894e-01	1.318256738556407e-01
270	1.190074578841006e-01	1.202264434617413e-01
279	1.138031750634083e-01	1.148153621496883e-01
292	1.085146135104265e-01	1.096478196143185e-01
311	9.760541598670158e-02	9.772372209558107e-02
356	8.984782276984404e-02	9.120108393559097e-02
358	8.464547858185323e-02	8.511380382023763e-02
389	8.091697174903156e-02	8.128305161640990e-02
411	7.931068432337118e-02	7.943282347242814e-02
435	7.713271066149219e-02	7.762471166286916e-02
466	7.268568606709158e-02	7.413102413009177e-02
469	6.780159128316943e-02	6.918309709189366e-02
515	6.671830597485717e-02	6.760829753919818e-02
582	6.602547037323736e-02	6.606934480075961e-02
667	6.368265574404164e-02	6.456542290346556e-02
746	6.298823411881871e-02	6.309573444801933e-02
754	5.520147934052044e-02	5.623413251903491e-02
766	5.458596671580707e-02	5.495408738576246e-02
906	5.278033068490595e-02	5.370317963702527e-02
933	5.112141832958395e-02	5.128613839913648e-02
969	4.813666721028032e-02	4.897788193684462e-02
1151	4.752855938605482e-02	4.786300923226382e-02
1353	4.311711254160511e-02	4.365158322401658e-02
1450	4.243508674623531e-02	4.265795188015926e-02
1511	4.147902656442426e-02	4.168693834703355e-02
2480	4.073681237513449e-02	4.073802778041128e-02
3113	3.873008056880833e-02	3.890451449942807e-02
4467	3.783602593037472e-02	3.801893963205612e-02
4673	3.712286644551965e-02	3.715352290971726e-02
8408	3.630710159240313e-02	3.630780547701014e-02
11605	3.533321378805054e-02	3.548133892335755e-02
18810	3.452687338702187e-02	3.467368504525317e-02
22430	3.386114498092563e-02	3.388441561392026e-02
38173	3.307081437745529e-02	3.311311214825911e-02
63624	3.233379976839390e-02	3.235936569296283e-02
64949	3.153177638913429e-02	3.162277660168379e-02
73213	3.089821290689376e-02	3.090295432513590e-02
88200	3.009596697544359e-02	3.019951720402016e-02
117772	2.950768875622112e-02	2.951209226666385e-02
142451	2.884010624885713e-02	2.884031503126606e-02
157978	2.789240909012192e-02	2.818382931264454e-02
171728	2.752534727328038e-02	2.754228703338166e-02
181228	2.691182443148687e-02	2.691534803926915e-02
233349	2.630264174999442e-02	2.630267991895381e-02
262007	2.570295372085685e-02	2.570395782768863e-02
288823	2.330690282621450e-02	2.344228815319923e-02
300001	2.310192483923956e-02	2.344228815319923e-02
%
% index = 2453, name = bbob_f020_i19_d05__bbob_f021_i21_d05
% instance = 9, reference value = 9.948801882001910e-01
% function evaluation | indicator value | target hit
1	1.462894432174559e+01	1.479108388168207e+01
108	9.526471107854089e+00	9.549925860214358e+00
203	9.145525791762575e+00	9.332543007969910e+00
208	7.544996181121529e+00	7.585775750291837e+00
299	7.255588545196749e+00	7.413102413009175e+00
318	3.319484319977691e+00	3.388441561392026e+00
451	1.936804309886191e+00	1.949844599758045e+00
533	1.850488212037191e+00	1.862087136662868e+00
552	5.994588071311734e-01	6.025595860743578e-01
663	1.812717108963758e-01	1.819700858609984e-01
676	1.736433100012401e-01	1.737800828749375e-01
710	1.579152158185800e-01	1.584893192461113e-01
780	1.540845945218801e-01	1.548816618912481e-01
821	1.506848615624319e-01	1.513561248436208e-01
905	1.457821511580337e-01	1.479108388168208e-01
921	1.438042011222233e-01	1.445439770745928e-01
969	1.349276425457858e-01	1.380384264602885e-01
972	1.323624215967856e-01	1.348962882591654e-01
1002	1.296336888431945e-01	1.318256738556407e-01
1108	1.286652584171856e-01	1.288249551693134e-01
1211	1.255698200483496e-01	1.258925411794167e-01
1272	1.148339877019855e-01	1.174897554939529e-01
1278	1.148082155341709e-01	1.148153621496883e-01
1291	1.121298220047493e-01	1.122018454301964e-01
1410	1.052055039136119e-01	1.071519305237607e-01
1429	8.046670960765168e-02	8.128305161640990e-02
1486	6.960767623375219e-02	7.079457843841380e-02
1588	6.903030626321738e-02	6.918309709189366e-02
2191	6.472334707848881e-02	6.606934480075961e-02
2224	6.446830726836128e-02	6.456542290346556e-02
2374	6.300138552364165e-02	6.309573444801933e-02
2418	5.914965627654856e-02	6.025595860743578e-02
2422	5.848263149051736e-02	5.888436553555890e-02
2441	5.565310621392139e-02	5.623413251903491e-02
2475	5.491138985319288e-02	5.495408738576246e-02
2563	5.361745425401998e-02	5.370317963702527e-02
2659	5.158305643966576e-02	5.248074602497726e-02
2988	5.122446830208083e-02	5.128613839913648e-02
2989	5.008748433007415e-02	5.011872336272722e-02
3035	4.385902620224669e-02	4.466835921509630e-02
3100	4.329055029626283e-02	4.365158322401658e-02
3116	4.186021220755665e-02	4.265795188015926e-02
3187	4.161461644503217e-02	4.168693834703355e-02
3353	4.072491583062432e-02	4.073802778041128e-02
3401	3.962406687317455e-02	3.981071705534973e-02
3575	3.889146754956951e-02	3.890451449942807e-02
3879	3.772122954032109e-02	3.801893963205612e-02
4531	3.577244409922853e-02	3.630780547701014e-02
4748	3.526995471944827e-02	3.548133892335755e-02
4976	3.226460674286835e-02	3.235936569296283e-02
6128	3.046949663756349e-02	3.090295432513590e-02
7202	2.932057876892180e-02	2.951209226666385e-02
7220	2.790901627873865e-02	2.818382931264454e-02
7790	2.742804741325655e-02	2.754228703338166e-02
8490	2.669192897455641e-02	2.691534803926915e-02
8600	2.563759718248582e-02	2.570395782768863e-02
8892	2.452026456644107e-02	2.454708915685030e-02
8984	2.371564911729096e-02	2.398832919019490e-02
9013	2.300120969399266e-02	2.344228815319923e-02
9528	2.290864236750112e-02	2.290867652767773e-02
9641	2.142998193570012e-02	2.187761623949553e-02
10014	2.136721163725086e-02	2.137962089502233e-02
10401	1.824514438740688e-02	1.862087136662868e-02
10841	1.818659467530137e-02	1.819700858609984e-02
12829	1.778162110703951e-02	1.778279410038923e-02
13547	1.698480945879211e-02	1.737800828749375e-02
13573	1.698047054813989e-02	1.698243652461744e-02
13968	1.653704101162912e-02	1.659586907437561e-02
13971	1.615736112286292e-02	1.621810097358930e-02
14277	1.518093111214236e-02	1.548816618912481e-02
14907	1.513558780107160e-02	1.513561248436208e-02
16478	1.425182940097969e-02	1.445439770745927e-02
17177	1.409321935884233e-02	1.412537544622754e-02
18347	1.352045435781823e-02	1.380384264602885e-02
18370	1.300276545386159e-02	1.318256738556407e-02
19239	1.258996945948576e-02	1.288249551693134e-02
19276	1.258906059904497e-02	1.258925411794167e-02
20464	1.230162274342950e-02	1.230268770812382e-02
20894	1.168886731898922e-02	1.174897554939530e-02
22543	1.127460520899048e-02	1.148153621496883e-02
24823	1.122010354549030e-02	1.122018454301964e-02
27829	1.091477429708010e-02	1.096478196143185e-02
30490	1.070008915549159e-02	1.071519305237606e-02
32474	9.784149823431454e-03	1.000000000000000e-02
32585	9.770695019117759e-03	9.772372209558112e-03
35930	9.548280489343530e-03	9.549925860214359e-03
41660	9.332525003660552e-03	9.332543007969915e-03
42018	9.119012294013129e-03	9.120108393559097e-03
46762	8.617242690218685e-03	8.709635899560805e-03
50498	8.511180783509542e-03	8.511380382023767e-03
54569	8.053986939166702e-03	8.128305161640995e-03
59591	7.939174226614387e-03	7.943282347242814e-03
61906	7.012239226377170e-03	7.079457843841380e-03
69641	6.915719366405559e-03	6.918309709189363e-03
82608	6.735038183948383e-03	6.760829753919818e-03
84221	6.606398179272888e-03	6.606934480075957e-03
90812	6.385479395048632e-03	6.456542290346556e-03
94082	6.281690204078205e-03	6.309573444801930e-03
104324	5.984909829358842e-03	6.025595860743574e-03
105891	5.809712629689545e-03	5.888436553555890e-03
111378	5.754396624932490e-03	5.754399373371567e-03
115327	5.546573151622214e-03	5.623413251903491e-03
116872	5.287269741873657e-03	5.370317963702527e-03
122609	5.248061247552616e-03	5.248074602497728e-03
128770	4.998552343677631e-03	5.011872336272725e-03
131089	4.885420908644411e-03	4.897788193684461e-03
135627	4.762222959978635e-03	4.786300923226385e-03
135653	4.597436703605684e-03	4.677351412871981e-03
138621	4.569367977842242e-03	4.570881896148752e-03
144998	4.466312629766378e-03	4.466835921509630e-03
150152	4.263634708856712e-03	4.265795188015926e-03
156676	4.168693748521357e-03	4.168693834703355e-03
168137	4.073140696652655e-03	4.073802778041126e-03
178585	3.978595822754949e-03	3.981071705534973e-03
196520	3.848390135282820e-03	3.890451449942805e-03
202988	3.801638934991747e-03	3.801893963205613e-03
209301	3.695441593385418e-03	3.715352290971724e-03
222711	3.630773108398988e-03	3.630780547701014e-03
232707	3.547791812516743e-03	3.548133892335753e-03
252854	3.467286956329696e-03	3.467368504525317e-03
258728	3.386930371100272e-03	3.388441561392024e-03
270484	3.311245708052080e-03	3.311311214825911e-03
294172	3.235741240825707e-03	3.235936569296281e-03
302281	3.173975338869983e-03	3.235936569296281e-03
%
% index = 2454, name = bbob_f020_i21_d05__bbob_f021_i22_d05
% instance = 10, reference value = 9.798110643657680e-01
% function evaluation | indicator value | target hit
1	1.080924193902268e+00	1.096478196143185e+00
2	1.061337963292268e+00	1.071519305237606e+00
5	8.491661074477669e-01	8.511380382023764e-01
6	7.557786866888934e-01	7.585775750291838e-01
22	5.436377587056417e-01	5.495408738576245e-01
31	5.129037739400540e-01	5.248074602497725e-01
58	5.091045046915874e-01	5.128613839913648e-01
93	4.964259845247451e-01	5.011872336272722e-01
123	3.927260753489977e-01	3.981071705534972e-01
154	3.884554802216009e-01	3.890451449942806e-01
198	2.683306332996255e-01	2.691534803926916e-01
210	2.583268770508951e-01	2.630267991895382e-01
211	2.444572086633431e-01	2.454708915685030e-01
287	2.255883310376003e-01	2.290867652767773e-01
299	2.186335118019669e-01	2.187761623949552e-01
301	2.020782553663232e-01	2.041737944669530e-01
333	1.992937484079971e-01	1.995262314968880e-01
364	1.668130496377129e-01	1.698243652461744e-01
505	1.623068527226759e-01	1.659586907437560e-01
532	1.516961548927243e-01	1.548816618912481e-01
540	1.477226382476646e-01	1.479108388168208e-01
545	1.286973733832979e-01	1.288249551693134e-01
663	1.256927169263010e-01	1.258925411794167e-01
746	1.078146638388644e-01	1.096478196143185e-01
768	9.066633546601910e-02	9.120108393559097e-02
823	8.243195684493043e-02	8.317637711026708e-02
833	5.797303633273820e-02	5.888436553555890e-02
839	5.739177628304870e-02	5.754399373371569e-02
864	5.073494844956061e-02	5.128613839913648e-02
897	4.959407554972928e-02	5.011872336272722e-02
943	4.800304978509162e-02	4.897788193684462e-02
960	4.695477476986731e-02	4.786300923226382e-02
961	4.504199897948324e-02	4.570881896148749e-02
1062	4.425017031833645e-02	4.466835921509630e-02
1104	4.317190530317971e-02	4.365158322401658e-02
1167	4.156954998227169e-02	4.168693834703355e-02
1222	4.022642508499752e-02	4.073802778041128e-02
1300	3.979569504769886e-02	3.981071705534973e-02
1396	3.889995909594479e-02	3.890451449942807e-02
1550	3.799770887127640e-02	3.801893963205612e-02
1555	3.435214732542369e-02	3.467368504525317e-02
1610	3.378702929887778e-02	3.388441561392026e-02
1624	3.239382326617657e-02	3.311311214825911e-02
1634	3.235324385521710e-02	3.235936569296283e-02
1643	3.150726991670605e-02	3.162277660168379e-02
1649	3.059835189229743e-02	3.090295432513590e-02
1980	2.966620578068446e-02	3.019951720402016e-02
1999	2.950907353080290e-02	2.951209226666385e-02
2186	2.883718677558500e-02	2.884031503126606e-02
2733	2.816569615852316e-02	2.818382931264454e-02
2776	2.564349542533695e-02	2.570395782768863e-02
3088	2.511771371886762e-02	2.511886431509579e-02
3328	2.451649581976867e-02	2.454708915685030e-02
3785	2.231943480813126e-02	2.238721138568340e-02
3859	2.187060214792746e-02	2.187761623949553e-02
3877	2.128672762226125e-02	2.137962089502233e-02
3924	2.078605024376923e-02	2.089296130854040e-02
4094	2.037729673178856e-02	2.041737944669529e-02
4122	1.955842267491992e-02	1.995262314968880e-02
4137	1.949442521456102e-02	1.949844599758046e-02
4602	1.886834724310016e-02	1.905460717963247e-02
4657	1.858452138534394e-02	1.862087136662868e-02
4701	1.806215733796346e-02	1.819700858609984e-02
4798	1.777917643197635e-02	1.778279410038923e-02
4909	1.732306084297819e-02	1.737800828749375e-02
5639	1.698242318691523e-02	1.698243652461744e-02
5809	1.642073404728017e-02	1.659586907437561e-02
5962	1.621470699036609e-02	1.621810097358930e-02
6432	1.584731155395314e-02	1.584893192461113e-02
6922	1.546453883174115e-02	1.548816618912481e-02
7937	1.513468001920470e-02	1.513561248436208e-02
8552	1.473572373693699e-02	1.479108388168207e-02
9327	1.426606964462418e-02	1.445439770745927e-02
9573	1.412071338277998e-02	1.412537544622754e-02
9869	1.380337234460949e-02	1.380384264602885e-02
10361	1.348922294502986e-02	1.348962882591653e-02
10827	1.296136051439090e-02	1.318256738556407e-02
11011	1.288148316898918e-02	1.288249551693134e-02
11539	1.255743415924915e-02	1.258925411794167e-02
12123	1.225688964111848e-02	1.230268770812382e-02
12504	1.202142566484010e-02	1.202264434617413e-02
12654	1.174392930489077e-02	1.174897554939530e-02
12994	1.148068466106111e-02	1.148153621496883e-02
13211	1.113428115084925e-02	1.122018454301964e-02
13415	1.093969449584853e-02	1.096478196143185e-02
13717	1.070789431413721e-02	1.071519305237606e-02
14050	1.046596804975808e-02	1.047128548050900e-02
14463	1.023173115037268e-02	1.023292992280754e-02
14889	9.996034055970493e-03	1.000000000000000e-02
15040	9.662502925696703e-03	9.772372209558112e-03
15215	9.537954889688449e-03	9.549925860214359e-03
15255	9.110886594303480e-03	9.120108393559097e-03
15649	8.905026479973710e-03	8.912509381337459e-03
16097	8.706028476194283e-03	8.709635899560805e-03
16396	8.488011885585567e-03	8.511380382023767e-03
16504	7.955548086065134e-03	8.128305161640995e-03
16518	7.940858195155664e-03	7.943282347242814e-03
16907	7.751202198265639e-03	7.762471166286920e-03
17224	7.585656570570198e-03	7.585775750291836e-03
17559	7.410718307659492e-03	7.413102413009177e-03
18032	7.239076881071727e-03	7.244359600749898e-03
18424	7.050728790149008e-03	7.079457843841380e-03
18456	6.829127559431658e-03	6.918309709189363e-03
18609	6.759424392945856e-03	6.760829753919818e-03
19052	6.590947150338589e-03	6.606934480075957e-03
20342	6.432217861613965e-03	6.456542290346556e-03
20613	6.206560222629443e-03	6.309573444801930e-03
20671	6.165540509234013e-03	6.165950018614822e-03
21384	6.025362158817660e-03	6.025595860743574e-03
22749	5.883708699282231e-03	5.888436553555890e-03
23196	5.747995824670116e-03	5.754399373371567e-03
23737	5.614120644322540e-03	5.623413251903491e-03
24142	5.493377706074720e-03	5.495408738576248e-03
24360	5.361390784587527e-03	5.370317963702527e-03
24692	5.181913423051410e-03	5.248074602497728e-03
24786	5.115448351078689e-03	5.128613839913648e-03
25515	5.011801064648713e-03	5.011872336272725e-03
26153	4.897361365246544e-03	4.897788193684461e-03
28473	4.786063292742671e-03	4.786300923226385e-03
29553	4.675921780757708e-03	4.677351412871981e-03
30708	4.569731317306425e-03	4.570881896148752e-03
34109	4.465654073940062e-03	4.466835921509630e-03
35143	4.363939946137152e-03	4.365158322401661e-03
40019	4.264034865227750e-03	4.265795188015926e-03
42361	4.168513896633863e-03	4.168693834703355e-03
57094	4.071259636846070e-03	4.073802778041126e-03
74506	3.981043860175726e-03	3.981071705534973e-03
87673	3.890429731658096e-03	3.890451449942805e-03
126494	3.801883875507617e-03	3.801893963205613e-03
156033	3.715346484839399e-03	3.715352290971724e-03
300001	3.664908832160529e-03	3.715352290971724e-03
%
% index = 2455, name = bbob_f020_i23_d05__bbob_f021_i24_d05
% instance = 11, reference value = 1.000000000000000e+00
% function evaluation | indicator value | target hit
1	2.237127787905000e+00	2.238721138568339e+00
11	1.121673842625000e+00	1.122018454301963e+00
78	1.081639044925500e+00	1.096478196143185e+00
81	6.583430280486398e-01	6.606934480075960e-01
209	4.837550144488005e-01	4.897788193684462e-01
216	2.884874343236048e-01	2.951209226666385e-01
218	2.877084372032284e-01	2.884031503126606e-01
276	2.737977948200346e-01	2.754228703338166e-01
476	2.687366480953335e-01	2.691534803926916e-01
493	1.896028367460677e-01	1.905460717963247e-01
591	1.857039903720049e-01	1.862087136662867e-01
802	1.819694363009146e-01	1.819700858609984e-01
1243	1.752675838697739e-01	1.778279410038923e-01
1397	1.726848927013642e-01	1.737800828749375e-01
1430	1.687949470822810e-01	1.698243652461744e-01
1442	1.643104007402871e-01	1.659586907437560e-01
1751	1.581916584300801e-01	1.584893192461113e-01
2067	1.526185162228800e-01	1.548816618912481e-01
2138	1.480517661347617e-01	1.513561248436208e-01
2167	1.356822232230760e-01	1.380384264602885e-01
2300	1.295841059985000e-01	1.318256738556407e-01
2369	1.277884040001211e-01	1.288249551693134e-01
2484	1.253857426210417e-01	1.258925411794167e-01
2517	1.069536260087264e-01	1.071519305237607e-01
2718	8.994852479489668e-02	9.120108393559097e-02
2841	8.777375410523802e-02	8.912509381337455e-02
2893	8.389236348450790e-02	8.511380382023763e-02
2943	7.788683374659833e-02	7.943282347242814e-02
3029	7.746491092260022e-02	7.762471166286916e-02
3121	7.161504358038862e-02	7.244359600749903e-02
3784	7.066643204321066e-02	7.079457843841380e-02
5361	6.907830758281286e-02	6.918309709189366e-02
8122	6.749293396908096e-02	6.760829753919818e-02
22804	6.605202418064704e-02	6.606934480075961e-02
91447	6.442083039946767e-02	6.456542290346556e-02
98704	6.262116258643191e-02	6.309573444801933e-02
121176	6.151665351570768e-02	6.165950018614822e-02
127533	5.988065005576781e-02	6.025595860743578e-02
132991	5.886230083397859e-02	5.888436553555890e-02
166444	5.745630082401132e-02	5.754399373371569e-02
198879	5.618946890174870e-02	5.623413251903491e-02
220432	5.480634402723272e-02	5.495408738576246e-02
274685	5.369331918557674e-02	5.370317963702527e-02
300000	5.340795763377171e-02	5.370317963702527e-02
%
% index = 2456, name = bbob_f020_i25_d05__bbob_f021_i26_d05
% instance = 12, reference value = 1.000000000000000e+00
% function evaluation | indicator value | target hit
1	1.683985713250463e+00	1.698243652461744e+00
45	1.520584940917000e+00	1.548816618912481e+00
119	9.892520731782392e-01	1.000000000000000e+00
142	8.727055019825638e-01	8.912509381337456e-01
209	8.644763483407614e-01	8.709635899560807e-01
230	8.287155914258169e-01	8.317637711026710e-01
278	7.800753859482923e-01	7.943282347242815e-01
307	7.696213165159156e-01	7.762471166286917e-01
313	6.389856968581218e-01	6.456542290346555e-01
362	5.383291729184009e-01	5.495408738576245e-01
366	2.871363744836019e-01	2.884031503126606e-01
406	2.011877211152880e-01	2.041737944669530e-01
458	1.956661532658668e-01	1.995262314968880e-01
484	1.903771806144376e-01	1.905460717963247e-01
493	1.848193197276486e-01	1.862087136662867e-01
499	1.096380710832927e-01	1.096478196143185e-01
506	1.071484776540389e-01	1.071519305237607e-01
515	1.020211706975087e-01	1.023292992280754e-01
523	9.971793578159793e-02	1.000000000000000e-01
543	8.817457902646508e-02	8.912509381337455e-02
601	7.372180907771508e-02	7.413102413009177e-02
616	6.849074230684682e-02	6.918309709189366e-02
639	5.898362151909886e-02	6.025595860743578e-02
646	4.345604145954607e-02	4.365158322401658e-02
654	4.196881459719304e-02	4.265795188015926e-02
658	4.063097396504056e-02	4.073802778041128e-02
698	2.863922750874925e-02	2.884031503126606e-02
718	2.331259890746962e-02	2.344228815319923e-02
754	2.243410584836580e-02	2.290867652767773e-02
770	2.170432812582290e-02	2.187761623949553e-02
771	1.694783447507042e-02	1.698243652461744e-02
801	1.512467737944079e-02	1.513561248436208e-02
818	1.469771716227375e-02	1.479108388168207e-02
831	1.125990291761025e-02	1.148153621496883e-02
840	8.400071448489532e-03	8.511380382023767e-03
842	8.148764782388573e-03	8.317637711026709e-03
851	8.110589027171877e-03	8.128305161640995e-03
904	7.629630883356442e-03	7.762471166286920e-03
912	7.577016237446554e-03	7.585775750291836e-03
932	7.412598598128928e-03	7.413102413009177e-03
966	5.511510786469165e-03	5.623413251903491e-03
967	5.422043662088760e-03	5.495408738576248e-03
974	4.567356200823713e-03	4.570881896148752e-03
1011	4.370391551150710e-03	4.466835921509630e-03
1012	4.357155648474276e-03	4.365158322401661e-03
1074	4.262427834396232e-03	4.265795188015926e-03
1141	4.167856302217721e-03	4.168693834703355e-03
1364	4.063336305425103e-03	4.073802778041126e-03
1394	3.902574999481434e-03	3.981071705534973e-03
1395	3.875634209118850e-03	3.890451449942805e-03
1414	3.796618316961098e-03	3.801893963205613e-03
1428	3.657908549269617e-03	3.715352290971724e-03
1440	3.587103824110538e-03	3.630780547701014e-03
1467	3.546410732002014e-03	3.548133892335753e-03
1503	3.422299249824290e-03	3.467368504525317e-03
1525	3.381674600156814e-03	3.388441561392024e-03
1791	3.307192643565382e-03	3.311311214825911e-03
1841	3.210284783849993e-03	3.235936569296281e-03
1976	3.161946658480908e-03	3.162277660168379e-03
2613	2.950655855668005e-03	2.951209226666387e-03
2777	2.883674756319454e-03	2.884031503126605e-03
2878	2.816649375165681e-03	2.818382931264455e-03
3728	2.678140556842235e-03	2.691534803926917e-03
4762	2.621915781492290e-03	2.630267991895381e-03
6686	2.570346032221060e-03	2.570395782768865e-03
13068	2.478701332921052e-03	2.511886431509579e-03
18011	2.448750146661460e-03	2.454708915685031e-03
19133	2.390431491330780e-03	2.398832919019490e-03
20728	2.334470234874875e-03	2.344228815319923e-03
29684	2.281193197837705e-03	2.290867652767772e-03
85122	2.238719975149128e-03	2.238721138568340e-03
184098	2.187747609535662e-03	2.187761623949552e-03
300000	2.166912602223903e-03	2.187761623949552e-03
%
% index = 2457, name = bbob_f020_i27_d05__bbob_f021_i28_d05
% instance = 13, reference value = 1.000000000000000e+00
% function evaluation | indicator value | target hit
1	1.407240921735500e+00	1.412537544622754e+00
4	9.249731391092667e-01	9.332543007969910e-01
109	8.752076794850537e-01	8.912509381337456e-01
180	7.403699857838379e-01	7.413102413009175e-01
225	5.981513558938409e-01	6.025595860743578e-01
308	4.838265990909830e-01	4.897788193684462e-01
471	4.668842778685323e-01	4.677351412871982e-01
600	4.516523384795516e-01	4.570881896148750e-01
658	4.260269199360750e-01	4.265795188015927e-01
689	2.059380485628213e-01	2.089296130854039e-01
812	2.013939465647827e-01	2.041737944669530e-01
892	1.872665908927200e-01	1.905460717963247e-01
913	1.634283736245131e-01	1.659586907437560e-01
970	1.554928303364078e-01	1.584893192461113e-01
1138	1.546715376996347e-01	1.548816618912481e-01
1253	9.664424615645084e-02	9.772372209558107e-02
2046	9.493161067225586e-02	9.549925860214359e-02
2446	8.902361622809918e-02	8.912509381337455e-02
2470	8.654193728483595e-02	8.709635899560805e-02
4753	8.425243943016325e-02	8.511380382023763e-02
7736	8.171047151480360e-02	8.317637711026708e-02
8075	8.122029231870576e-02	8.128305161640990e-02
10903	7.935779180788505e-02	7.943282347242814e-02
18515	7.735805646225824e-02	7.762471166286916e-02
32390	7.579745409204730e-02	7.585775750291836e-02
43156	7.356987513948599e-02	7.413102413009177e-02
54906	7.169492302415803e-02	7.244359600749903e-02
83835	7.079343347459954e-02	7.079457843841380e-02
300001	7.018257332600608e-02	7.079457843841380e-02
%
% index = 2458, name = bbob_f020_i29_d05__bbob_f021_i30_d05
% instance = 14, reference value = 1.000000000000000e+00
% function evaluation | indicator value | target hit
1	9.629311924755577e-01	9.772372209558107e-01
32	9.113442887621226e-01	9.120108393559098e-01
70	8.705382134441508e-01	8.709635899560807e-01
147	8.054657236767219e-01	8.128305161640993e-01
163	7.639587927210739e-01	7.762471166286917e-01
207	6.611086399036081e-01	6.760829753919817e-01
210	6.397961311190670e-01	6.456542290346555e-01
258	6.071645823582541e-01	6.165950018614822e-01
297	6.004498642121995e-01	6.025595860743578e-01
303	5.860728826762384e-01	5.888436553555889e-01
304	5.704708923697875e-01	5.754399373371569e-01
307	4.729093785207967e-01	4.786300923226383e-01
350	4.513388639463330e-01	4.570881896148750e-01
370	4.443564336491090e-01	4.466835921509631e-01
374	4.249202413031905e-01	4.265795188015927e-01
377	3.322312183250044e-01	3.388441561392025e-01
381	2.528735714937939e-01	2.570395782768864e-01
402	2.334464483432417e-01	2.344228815319922e-01
403	2.281680218904840e-01	2.290867652767773e-01
452	2.203345769050651e-01	2.238721138568339e-01
453	2.153393163016754e-01	2.187761623949552e-01
499	1.876957510147633e-01	1.905460717963247e-01
501	1.858904627937817e-01	1.862087136662867e-01
541	1.811813136070517e-01	1.819700858609984e-01
557	1.752781669633684e-01	1.778279410038923e-01
622	1.626435539467098e-01	1.659586907437560e-01
638	1.620511589268870e-01	1.621810097358930e-01
709	1.561114321951671e-01	1.584893192461113e-01
766	1.545912716152799e-01	1.548816618912481e-01
797	1.507107370589931e-01	1.513561248436208e-01
861	1.457931746515063e-01	1.479108388168208e-01
898	1.444169268375108e-01	1.445439770745928e-01
942	1.412502184352827e-01	1.412537544622754e-01
982	1.357436908403740e-01	1.380384264602885e-01
1044	1.348501637205460e-01	1.348962882591654e-01
1105	1.311407148268517e-01	1.318256738556407e-01
1213	1.287751207888820e-01	1.288249551693134e-01
1317	1.257557172064158e-01	1.258925411794167e-01
1559	1.211236623403591e-01	1.230268770812381e-01
1693	1.202037627716339e-01	1.202264434617413e-01
1904	1.171618329876823e-01	1.174897554939529e-01
2202	1.146015418816402e-01	1.148153621496883e-01
2793	1.109195515107172e-01	1.122018454301964e-01
3413	1.096420055936737e-01	1.096478196143185e-01
6231	1.071141492543394e-01	1.071519305237607e-01
30165	1.046985969325418e-01	1.047128548050900e-01
270967	1.022617066698326e-01	1.023292992280754e-01
300000	1.022493562366799e-01	1.023292992280754e-01
%
% index = 2459, name = bbob_f020_i31_d05__bbob_f021_i34_d05
% instance = 15, reference value = 1.000000000000000e+00
% function evaluation | indicator value | target hit
1	8.941886238333169e-01	9.120108393559098e-01
15	8.095453531215455e-01	8.128305161640993e-01
24	7.729870942911239e-01	7.762471166286917e-01
37	4.040796145951687e-01	4.073802778041127e-01
73	3.957567263190941e-01	3.981071705534972e-01
108	3.825284934120586e-01	3.890451449942806e-01
116	3.801041812650616e-01	3.801893963205612e-01
151	3.663285920756409e-01	3.715352290971726e-01
191	3.525197845359521e-01	3.548133892335755e-01
203	3.182065982865511e-01	3.235936569296283e-01
213	3.157087556840891e-01	3.162277660168379e-01
415	3.088705510779993e-01	3.090295432513591e-01
443	2.888188184706664e-01	2.951209226666385e-01
452	1.543861083149890e-01	1.548816618912481e-01
583	1.502130590289915e-01	1.513561248436208e-01
614	1.459218116729805e-01	1.479108388168208e-01
677	1.439366104407176e-01	1.445439770745928e-01
679	1.273175625045083e-01	1.288249551693134e-01
694	1.247410626961419e-01	1.258925411794167e-01
744	1.223524217288738e-01	1.230268770812381e-01
864	1.202103873257346e-01	1.202264434617413e-01
901	1.114930759423808e-01	1.122018454301964e-01
903	1.079334205069008e-01	1.096478196143185e-01
1079	1.070582658153409e-01	1.071519305237607e-01
1178	9.905752755816410e-02	1.000000000000000e-01
1224	8.954267696683382e-02	9.120108393559097e-02
1352	8.896936160441271e-02	8.912509381337455e-02
6699	8.701984285481879e-02	8.709635899560805e-02
14249	8.465956548460207e-02	8.511380382023763e-02
29722	8.310833565810094e-02	8.317637711026708e-02
63406	8.118782258282031e-02	8.128305161640990e-02
257736	7.943277279429384e-02	7.943282347242814e-02
300485	7.941708075218479e-02	7.943282347242814e-02
