%
% index = 4095, name = bbob_f020_i02_d20__bbob_f021_i04_d20
% instance = 1, reference value = 9.757545622984560e-01
% function evaluation | indicator value | target hit
1	9.261047030044461e-01	9.332543007969910e-01
6	9.008901576494595e-01	9.120108393559098e-01
89	8.893996459189992e-01	8.912509381337456e-01
391	8.682981832675285e-01	8.709635899560807e-01
409	8.507950693762969e-01	8.511380382023764e-01
585	8.299159417453417e-01	8.317637711026710e-01
1255	8.088571845280912e-01	8.128305161640993e-01
1859	7.943164119847835e-01	7.943282347242815e-01
2609	7.732515746178069e-01	7.762471166286917e-01
2944	7.484233162497446e-01	7.585775750291838e-01
3902	7.401925515001961e-01	7.413102413009175e-01
4224	7.182618880450325e-01	7.244359600749900e-01
4276	7.053588406768511e-01	7.079457843841379e-01
5298	6.856665217150247e-01	6.918309709189365e-01
5411	6.724233259557987e-01	6.760829753919817e-01
7577	6.479354781178285e-01	6.606934480075960e-01
8112	6.456434544997267e-01	6.456542290346555e-01
8659	6.163387809712915e-01	6.165950018614822e-01
11799	6.023364228061975e-01	6.025595860743578e-01
12856	5.887398208144323e-01	5.888436553555889e-01
12991	5.720966179459297e-01	5.754399373371569e-01
17135	5.591370558131468e-01	5.623413251903491e-01
19040	5.471742493254045e-01	5.495408738576245e-01
25830	5.358112758306312e-01	5.370317963702527e-01
32332	5.243174328927225e-01	5.248074602497725e-01
43403	5.125258553274732e-01	5.128613839913648e-01
44401	4.961929923884630e-01	5.011872336272722e-01
46227	4.897146571444608e-01	4.897788193684462e-01
49339	4.617645515090568e-01	4.677351412871982e-01
52903	4.526430389420767e-01	4.570881896148750e-01
55219	4.404908673295005e-01	4.466835921509631e-01
63125	4.360809212822827e-01	4.365158322401660e-01
65029	4.264803205426539e-01	4.265795188015927e-01
71869	4.126734727894106e-01	4.168693834703354e-01
75977	4.071123412697085e-01	4.073802778041127e-01
80173	3.884119486747266e-01	3.890451449942806e-01
89343	3.797045493063342e-01	3.801893963205612e-01
104426	3.715077704006007e-01	3.715352290971726e-01
117099	3.620780471592180e-01	3.630780547701014e-01
135807	3.548133815357587e-01	3.548133892335755e-01
209672	3.459137853187220e-01	3.467368504525316e-01
302595	3.375006033137220e-01	3.388441561392025e-01
431494	3.311064058572115e-01	3.311311214825911e-01
497268	3.230177622990190e-01	3.235936569296283e-01
796637	3.159331868992963e-01	3.162277660168379e-01
883697	3.087107936785493e-01	3.090295432513591e-01
1200000	3.042686651487493e-01	3.090295432513591e-01
%
% index = 4096, name = bbob_f020_i03_d20__bbob_f021_i05_d20
% instance = 2, reference value = 9.785039357304300e-01
% function evaluation | indicator value | target hit
1	9.547390300161329e-01	9.549925860214360e-01
59	9.194753799192718e-01	9.332543007969910e-01
88	9.062034542904511e-01	9.120108393559098e-01
247	8.829108765247655e-01	8.912509381337456e-01
260	8.466466711556764e-01	8.511380382023764e-01
369	8.316414205005526e-01	8.317637711026710e-01
574	8.081701020775706e-01	8.128305161640993e-01
851	7.931931227552244e-01	7.943282347242815e-01
984	7.358937020811953e-01	7.413102413009175e-01
1048	7.239706879707394e-01	7.244359600749900e-01
1178	7.052181176089947e-01	7.079457843841379e-01
1427	4.986517858974962e-01	5.011872336272722e-01
1539	4.815967332897999e-01	4.897788193684462e-01
1634	4.513721579093029e-01	4.570881896148750e-01
1685	3.059330095956753e-01	3.090295432513591e-01
1720	2.996125474348846e-01	3.019951720402016e-01
1885	2.929858798005897e-01	2.951209226666385e-01
2329	2.815699558907852e-01	2.818382931264454e-01
2582	2.643158043337119e-01	2.691534803926916e-01
2786	2.628009907524831e-01	2.630267991895382e-01
2805	2.367039319438967e-01	2.398832919019490e-01
2994	2.326498860622244e-01	2.344228815319922e-01
3255	2.270202167958184e-01	2.290867652767773e-01
3262	2.214114552574027e-01	2.238721138568339e-01
3580	2.163677753322307e-01	2.187761623949552e-01
4243	2.102801771674525e-01	2.137962089502232e-01
4694	2.081300781211823e-01	2.089296130854039e-01
4830	1.788484434290689e-01	1.819700858609984e-01
5590	1.760386061747252e-01	1.778279410038923e-01
6124	1.666698629639257e-01	1.698243652461744e-01
6580	1.607646016024417e-01	1.621810097358930e-01
7501	1.529477452068408e-01	1.548816618912481e-01
9248	1.506636905256411e-01	1.513561248436208e-01
10627	1.437058990687271e-01	1.445439770745928e-01
11530	1.366496446753844e-01	1.380384264602885e-01
11790	1.340500230771645e-01	1.348962882591654e-01
11854	1.282398911467655e-01	1.288249551693134e-01
13323	1.255105108560695e-01	1.258925411794167e-01
13682	1.224244010859395e-01	1.230268770812381e-01
16018	1.175505792008440e-01	1.202264434617413e-01
16180	1.174664542452994e-01	1.174897554939529e-01
16234	1.139617241860265e-01	1.148153621496883e-01
16615	1.092899333477791e-01	1.096478196143185e-01
17016	1.053125362801256e-01	1.071519305237607e-01
17896	1.036623842890331e-01	1.047128548050900e-01
18545	9.733418481545730e-02	9.772372209558107e-02
19131	9.549897678317765e-02	9.549925860214359e-02
20976	9.325498628544227e-02	9.332543007969910e-02
22054	9.085637931793089e-02	9.120108393559097e-02
24024	8.835153615309055e-02	8.912509381337455e-02
26441	8.563712530836198e-02	8.709635899560805e-02
26479	8.429815770482596e-02	8.511380382023763e-02
27003	8.288951895163066e-02	8.317637711026708e-02
28681	8.041158376201341e-02	8.128305161640990e-02
31967	7.870559317579584e-02	7.943282347242814e-02
32156	7.736243070177484e-02	7.762471166286916e-02
34041	7.223555611007026e-02	7.244359600749903e-02
42085	7.034210612167602e-02	7.079457843841380e-02
42107	6.834161715198017e-02	6.918309709189366e-02
47844	6.686855475217346e-02	6.760829753919818e-02
52085	6.538745055709061e-02	6.606934480075961e-02
55575	6.436026812468720e-02	6.456542290346556e-02
60438	6.007709441762221e-02	6.025595860743578e-02
62930	5.861848978372297e-02	5.888436553555890e-02
64870	5.605123085953645e-02	5.623413251903491e-02
71989	5.485336609775915e-02	5.495408738576246e-02
75816	5.328752791914193e-02	5.370317963702527e-02
79965	5.191081120968544e-02	5.248074602497726e-02
82274	5.018374480764631e-02	5.128613839913648e-02
83930	5.011769643871833e-02	5.011872336272722e-02
97205	4.660789799361376e-02	4.677351412871981e-02
100100	4.343046967077380e-02	4.365158322401658e-02
105594	4.191602759303514e-02	4.265795188015926e-02
107488	4.149280351374962e-02	4.168693834703355e-02
111268	4.024426785254498e-02	4.073802778041128e-02
115394	3.980080473623682e-02	3.981071705534973e-02
120327	3.872714554009893e-02	3.890451449942807e-02
125066	3.800821193418402e-02	3.801893963205612e-02
126386	3.683719902057681e-02	3.715352290971726e-02
130990	3.612747584569032e-02	3.630780547701014e-02
145376	3.531905812599490e-02	3.548133892335755e-02
161614	3.467337436077200e-02	3.467368504525317e-02
167866	3.337190080656505e-02	3.388441561392026e-02
170505	3.303542930299208e-02	3.311311214825911e-02
174017	3.145823078074272e-02	3.162277660168379e-02
181431	3.078781277370168e-02	3.090295432513590e-02
192615	2.991976022626563e-02	3.019951720402016e-02
212436	2.951188463616405e-02	2.951209226666385e-02
240332	2.853608037853816e-02	2.884031503126606e-02
241642	2.816628565228929e-02	2.818382931264454e-02
268500	2.753420161370546e-02	2.754228703338166e-02
278057	2.675792974940228e-02	2.691534803926915e-02
284487	2.630117115618902e-02	2.630267991895381e-02
284488	2.570268277877619e-02	2.570395782768863e-02
300364	2.492141864419384e-02	2.511886431509579e-02
305952	2.439659499460178e-02	2.454708915685030e-02
325640	2.395426952771296e-02	2.398832919019490e-02
353130	2.248278235836298e-02	2.290867652767773e-02
383693	2.220680397002361e-02	2.238721138568340e-02
435782	2.182552221129974e-02	2.187761623949553e-02
460753	2.131145835915127e-02	2.137962089502233e-02
501354	2.089290998786908e-02	2.089296130854040e-02
544925	2.024824856751894e-02	2.041737944669529e-02
590904	1.992221236719360e-02	1.995262314968880e-02
633997	1.942751219165062e-02	1.949844599758046e-02
671101	1.891760581150259e-02	1.905460717963247e-02
748425	1.861318610194385e-02	1.862087136662868e-02
822012	1.802031894057943e-02	1.819700858609984e-02
952651	1.770296202387478e-02	1.778279410038923e-02
1082728	1.733068149174921e-02	1.737800828749375e-02
1190360	1.694676350002733e-02	1.698243652461744e-02
1200001	1.688032698526432e-02	1.698243652461744e-02
%
% index = 4097, name = bbob_f020_i07_d20__bbob_f021_i08_d20
% instance = 3, reference value = 9.852988308102070e-01
% function evaluation | indicator value | target hit
1	8.982424409731692e-01	9.120108393559098e-01
56	8.882693192200481e-01	8.912509381337456e-01
176	8.667178413940864e-01	8.709635899560807e-01
208	8.237744819129964e-01	8.317637711026710e-01
258	8.128237435031341e-01	8.128305161640993e-01
316	7.541737969886734e-01	7.585775750291838e-01
339	7.270072842046942e-01	7.413102413009175e-01
344	7.063802910946229e-01	7.079457843841379e-01
473	6.859069413364975e-01	6.918309709189365e-01
497	6.675760059448630e-01	6.760829753919817e-01
532	6.479101232765836e-01	6.606934480075960e-01
628	6.456372706409914e-01	6.456542290346555e-01
726	6.193009820398470e-01	6.309573444801932e-01
731	5.921346396144526e-01	6.025595860743578e-01
744	5.730449189239533e-01	5.754399373371569e-01
759	5.621287428225767e-01	5.623413251903491e-01
854	5.467701227973709e-01	5.495408738576245e-01
973	5.362212555016008e-01	5.370317963702527e-01
1000	5.005689064906567e-01	5.011872336272722e-01
1270	4.892595764718097e-01	4.897788193684462e-01
1320	4.334392376631540e-01	4.365158322401660e-01
1649	4.248022012406766e-01	4.265795188015927e-01
1718	3.765406961552690e-01	3.801893963205612e-01
1755	3.713155745724033e-01	3.715352290971726e-01
1763	3.565460344850809e-01	3.630780547701014e-01
1786	3.392941357430134e-01	3.467368504525316e-01
1803	3.375284519606302e-01	3.388441561392025e-01
1941	3.307225640764412e-01	3.311311214825911e-01
2061	3.149552078280119e-01	3.162277660168379e-01
2105	3.065458826513475e-01	3.090295432513591e-01
2266	3.017123263026499e-01	3.019951720402016e-01
2440	2.924138884702415e-01	2.951209226666385e-01
2675	2.874240501205443e-01	2.884031503126606e-01
2753	2.818060901934223e-01	2.818382931264454e-01
3057	2.668172484714479e-01	2.691534803926916e-01
3118	2.624471601405147e-01	2.630267991895382e-01
3280	2.558742473803558e-01	2.570395782768864e-01
3385	2.511616778675339e-01	2.511886431509580e-01
3529	2.407586765235280e-01	2.454708915685030e-01
3603	2.398591139975298e-01	2.398832919019490e-01
4126	2.342518864223145e-01	2.344228815319922e-01
4545	2.290407572788494e-01	2.290867652767773e-01
4865	2.229919697281547e-01	2.238721138568339e-01
5046	2.125286120730859e-01	2.137962089502232e-01
5894	2.011677736135220e-01	2.041737944669530e-01
7263	1.959679233740113e-01	1.995262314968880e-01
7575	1.940446295027106e-01	1.949844599758045e-01
7899	1.886173710920396e-01	1.905460717963247e-01
9578	1.859827606343625e-01	1.862087136662867e-01
10093	1.806758616459100e-01	1.819700858609984e-01
11716	1.738937307597965e-01	1.778279410038923e-01
11795	1.737728746591505e-01	1.737800828749375e-01
14293	1.684707101493463e-01	1.698243652461744e-01
15197	1.659555475851935e-01	1.659586907437560e-01
15663	1.571732020833243e-01	1.584893192461113e-01
16411	1.524383124437885e-01	1.548816618912481e-01
16878	1.493518394484520e-01	1.513561248436208e-01
18021	1.479093368921905e-01	1.479108388168208e-01
18614	1.346158580968525e-01	1.348962882591654e-01
20591	1.307813495916245e-01	1.318256738556407e-01
21881	1.274613345861165e-01	1.288249551693134e-01
21960	1.258920135378576e-01	1.258925411794167e-01
24115	1.230232273169256e-01	1.230268770812381e-01
25484	1.201751312083694e-01	1.202264434617413e-01
25762	1.170839741494142e-01	1.174897554939529e-01
27130	1.140928431354304e-01	1.148153621496883e-01
28216	1.121897547451464e-01	1.122018454301964e-01
28993	1.037130695808400e-01	1.047128548050900e-01
30265	1.019403405114757e-01	1.023292992280754e-01
30749	9.927614394567763e-02	1.000000000000000e-01
31048	9.622469417774326e-02	9.772372209558107e-02
31091	9.474959506682190e-02	9.549925860214359e-02
31669	9.332085938719070e-02	9.332543007969910e-02
34239	9.014279905530598e-02	9.120108393559097e-02
36627	8.912472396439508e-02	8.912509381337455e-02
40593	8.690224948336678e-02	8.709635899560805e-02
41305	8.502088699362786e-02	8.511380382023763e-02
42987	8.223788616286265e-02	8.317637711026708e-02
44350	8.106580094878213e-02	8.128305161640990e-02
47156	7.918997537644279e-02	7.943282347242814e-02
48478	7.613291743162609e-02	7.762471166286916e-02
49261	7.583779242436295e-02	7.585775750291836e-02
50914	7.387605334429070e-02	7.413102413009177e-02
51235	7.159963965493255e-02	7.244359600749903e-02
51827	7.009340314968215e-02	7.079457843841380e-02
54476	6.842174927793632e-02	6.918309709189366e-02
57024	6.464038092016444e-02	6.606934480075961e-02
57520	6.455302149602837e-02	6.456542290346556e-02
62742	6.240000775629262e-02	6.309573444801933e-02
63300	6.108889737064638e-02	6.165950018614822e-02
65578	6.005396166482868e-02	6.025595860743578e-02
68339	5.570399543597604e-02	5.623413251903491e-02
69332	5.492419080353927e-02	5.495408738576246e-02
70256	4.883788509682918e-02	4.897788193684462e-02
71240	4.532013016934167e-02	4.570881896148749e-02
73164	4.436054442318116e-02	4.466835921509630e-02
74498	4.365133807455768e-02	4.365158322401658e-02
74638	4.173768630102159e-02	4.265795188015926e-02
74809	4.161969739122595e-02	4.168693834703355e-02
76660	4.034802333874887e-02	4.073802778041128e-02
79002	3.980726227682163e-02	3.981071705534973e-02
81690	3.883518361906446e-02	3.890451449942807e-02
83736	3.786922726224262e-02	3.801893963205612e-02
84786	3.539787828607555e-02	3.548133892335755e-02
88493	3.461878921417916e-02	3.467368504525317e-02
90141	3.305023897694970e-02	3.311311214825911e-02
95881	3.131723585252189e-02	3.162277660168379e-02
98859	3.085924930912765e-02	3.090295432513590e-02
104095	3.001972924850871e-02	3.019951720402016e-02
104128	2.940604542492053e-02	2.951209226666385e-02
107048	2.852795905970773e-02	2.884031503126606e-02
109176	2.818356073952599e-02	2.818382931264454e-02
115045	2.749878521225202e-02	2.754228703338166e-02
118557	2.691222101108359e-02	2.691534803926915e-02
122315	2.630245157761613e-02	2.630267991895381e-02
127861	2.567107862730511e-02	2.570395782768863e-02
132386	2.511873723229197e-02	2.511886431509579e-02
138832	2.454656648493581e-02	2.454708915685030e-02
149153	2.398408319765344e-02	2.398832919019490e-02
154084	2.343339173866210e-02	2.344228815319923e-02
161687	2.253726740580619e-02	2.290867652767773e-02
164169	2.237852662326301e-02	2.238721138568340e-02
167997	2.162275898998067e-02	2.187761623949553e-02
171681	2.119806802355351e-02	2.137962089502233e-02
177654	2.089276482127345e-02	2.089296130854040e-02
182807	2.036564916889561e-02	2.041737944669529e-02
185074	1.995181089273801e-02	1.995262314968880e-02
185486	1.945425359730268e-02	1.949844599758046e-02
187071	1.900031141912550e-02	1.905460717963247e-02
195990	1.861489199255884e-02	1.862087136662868e-02
200593	1.789965520813330e-02	1.819700858609984e-02
203376	1.777620646157563e-02	1.778279410038923e-02
208163	1.737675956679408e-02	1.737800828749375e-02
211360	1.665960429412128e-02	1.698243652461744e-02
212425	1.659456373906554e-02	1.659586907437561e-02
222482	1.620978556549324e-02	1.621810097358930e-02
225106	1.584360806045526e-02	1.584893192461113e-02
231431	1.548594914828649e-02	1.548816618912481e-02
234035	1.510212805612954e-02	1.513561248436208e-02
237300	1.465033885269618e-02	1.479108388168207e-02
243415	1.380515086718836e-02	1.412537544622754e-02
243454	1.380378305077501e-02	1.380384264602885e-02
250070	1.339653098995230e-02	1.348962882591653e-02
253264	1.289978952700366e-02	1.318256738556407e-02
254100	1.283609130844510e-02	1.288249551693134e-02
259795	1.257884570663903e-02	1.258925411794167e-02
262578	1.216417334604158e-02	1.230268770812382e-02
272631	1.186702147527174e-02	1.202264434617413e-02
276547	1.170856628011163e-02	1.174897554939530e-02
282265	1.141074387425378e-02	1.148153621496883e-02
302123	1.122008221440207e-02	1.122018454301964e-02
316204	1.095541770798214e-02	1.096478196143185e-02
328558	1.071506462464822e-02	1.071519305237606e-02
343233	1.047118138289316e-02	1.047128548050900e-02
352850	1.023138395904588e-02	1.023292992280754e-02
362200	9.999164833993546e-03	1.000000000000000e-02
386315	9.769965691350913e-03	9.772372209558112e-03
403657	9.489630058352128e-03	9.549925860214359e-03
411624	9.328025112805727e-03	9.332543007969915e-03
429615	9.063872715973642e-03	9.120108393559097e-03
448115	8.912424749115022e-03	8.912509381337459e-03
491569	8.709585550036092e-03	8.709635899560805e-03
515860	8.511323583628938e-03	8.511380382023767e-03
544747	8.269510486139109e-03	8.317637711026709e-03
566577	8.127770817472402e-03	8.128305161640995e-03
616279	7.792463084714041e-03	7.943282347242814e-03
628682	7.760367660182843e-03	7.762471166286920e-03
665466	7.585775329263966e-03	7.585775750291836e-03
684605	7.362547619098714e-03	7.413102413009177e-03
690379	7.208229474691907e-03	7.244359600749898e-03
700463	7.079361910713677e-03	7.079457843841380e-03
731932	6.917628066902104e-03	6.918309709189363e-03
734081	6.756971409293877e-03	6.760829753919818e-03
773648	6.460345227319975e-03	6.606934480075957e-03
775848	6.456538384945087e-03	6.456542290346556e-03
806881	6.249720806211001e-03	6.309573444801930e-03
839828	6.165656356767690e-03	6.165950018614822e-03
901256	6.025206729440402e-03	6.025595860743574e-03
961927	5.887553769158616e-03	5.888436553555890e-03
1033134	5.754362340715136e-03	5.754399373371567e-03
1118834	5.623329575252356e-03	5.623413251903491e-03
1196024	5.479339216046819e-03	5.495408738576248e-03
1200000	5.458902665977261e-03	5.495408738576248e-03
%
% index = 4098, name = bbob_f020_i09_d20__bbob_f021_i10_d20
% instance = 4, reference value = 9.802098076619690e-01
% function evaluation | indicator value | target hit
1	9.221650466590559e-01	9.332543007969910e-01
15	8.928616147087072e-01	9.120108393559098e-01
29	8.911054053257995e-01	8.912509381337456e-01
83	8.694134416225322e-01	8.709635899560807e-01
151	8.246960806286892e-01	8.317637711026710e-01
172	8.125819162293070e-01	8.128305161640993e-01
280	7.741317050247631e-01	7.762471166286917e-01
360	7.533752386826655e-01	7.585775750291838e-01
402	7.093830216690179e-01	7.244359600749900e-01
446	6.304016883213457e-01	6.309573444801932e-01
597	6.140844639485092e-01	6.165950018614822e-01
630	5.852429000701823e-01	5.888436553555889e-01
971	5.417977745098659e-01	5.495408738576245e-01
1156	5.006299471006683e-01	5.011872336272722e-01
1242	4.616693877661276e-01	4.677351412871982e-01
1461	4.315000722463596e-01	4.365158322401660e-01
1735	4.243601544253158e-01	4.265795188015927e-01
1736	3.985489632916073e-01	4.073802778041127e-01
1752	3.341090374580078e-01	3.388441561392025e-01
1822	3.216338850215191e-01	3.235936569296283e-01
1862	3.112464675069543e-01	3.162277660168379e-01
2056	3.047564444138491e-01	3.090295432513591e-01
2085	2.978087380066696e-01	3.019951720402016e-01
2246	2.710102907557835e-01	2.754228703338166e-01
2688	2.219155800641941e-01	2.238721138568339e-01
4671	1.918669708685626e-01	1.949844599758045e-01
4851	1.894618717327532e-01	1.905460717963247e-01
8397	1.836719272058986e-01	1.862087136662867e-01
10153	1.805245138100392e-01	1.819700858609984e-01
10711	1.740626262189596e-01	1.778279410038923e-01
11958	1.685033514685697e-01	1.698243652461744e-01
14042	1.658962709975494e-01	1.659586907437560e-01
18225	1.561026705897799e-01	1.584893192461113e-01
19112	1.540304523046906e-01	1.548816618912481e-01
28044	1.513502364205451e-01	1.513561248436208e-01
35431	1.463856259762426e-01	1.479108388168208e-01
35818	1.399983251806312e-01	1.412537544622754e-01
36967	1.375863263086704e-01	1.380384264602885e-01
39166	1.324172786072514e-01	1.348962882591654e-01
40329	1.309549840321980e-01	1.318256738556407e-01
42317	1.277252441541282e-01	1.288249551693134e-01
43347	1.255527246148795e-01	1.258925411794167e-01
44369	1.226044527412460e-01	1.230268770812381e-01
46070	1.173761332867420e-01	1.174897554939529e-01
47037	1.114600621618090e-01	1.122018454301964e-01
47202	1.018272019867543e-01	1.023292992280754e-01
49159	9.259745465665303e-02	9.332543007969910e-02
49880	8.999083326460178e-02	9.120108393559097e-02
50201	8.900747117493601e-02	8.912509381337455e-02
53708	8.670199526238220e-02	8.709635899560805e-02
55373	8.506767793894188e-02	8.511380382023763e-02
61159	8.296264286861998e-02	8.317637711026708e-02
65654	8.091500223969050e-02	8.128305161640990e-02
68550	7.832948474568457e-02	7.943282347242814e-02
71131	7.762389956472415e-02	7.762471166286916e-02
76279	7.454057502914258e-02	7.585775750291836e-02
79056	7.289988556836713e-02	7.413102413009177e-02
79790	7.130941517155476e-02	7.244359600749903e-02
81969	6.827643404537620e-02	6.918309709189366e-02
88443	6.747997626884650e-02	6.760829753919818e-02
98084	6.583506767459468e-02	6.606934480075961e-02
101168	6.392167520319147e-02	6.456542290346556e-02
112553	6.291789924008606e-02	6.309573444801933e-02
118841	6.165949851505792e-02	6.165950018614822e-02
128320	5.986775637865127e-02	6.025595860743578e-02
143381	5.875129133654478e-02	5.888436553555890e-02
146311	5.639093843440812e-02	5.754399373371569e-02
152827	5.566451385546689e-02	5.623413251903491e-02
156680	5.233068861819012e-02	5.248074602497726e-02
180580	5.047727822245729e-02	5.128613839913648e-02
191385	4.992456588508942e-02	5.011872336272722e-02
202949	4.890601154720131e-02	4.897788193684462e-02
205764	4.658596869369391e-02	4.677351412871981e-02
222059	4.544277733972735e-02	4.570881896148749e-02
248157	4.405157708091667e-02	4.466835921509630e-02
252004	4.351708262882537e-02	4.365158322401658e-02
296530	4.236385069239135e-02	4.265795188015926e-02
303031	4.148585461464294e-02	4.168693834703355e-02
323626	4.071304379172269e-02	4.073802778041128e-02
347499	3.945917889798112e-02	3.981071705534973e-02
381194	3.798068315667302e-02	3.801893963205612e-02
445829	3.713376500946308e-02	3.715352290971726e-02
482887	3.627317060497925e-02	3.630780547701014e-02
528995	3.532408247450258e-02	3.548133892335755e-02
564464	3.436456999314430e-02	3.467368504525317e-02
648130	3.388131957476637e-02	3.388441561392026e-02
698344	3.300166712496766e-02	3.311311214825911e-02
775049	3.235302141731000e-02	3.235936569296283e-02
823028	3.152660162830978e-02	3.162277660168379e-02
889809	3.070404707846008e-02	3.090295432513590e-02
929790	2.996460146163105e-02	3.019951720402016e-02
1020326	2.945675691192129e-02	2.951209226666385e-02
1088727	2.879365497485220e-02	2.884031503126606e-02
1200001	2.820058694841154e-02	2.884031503126606e-02
%
% index = 4099, name = bbob_f020_i11_d20__bbob_f021_i12_d20
% instance = 5, reference value = 9.843519042703091e-01
% function evaluation | indicator value | target hit
1	1.111699241311309e+00	1.122018454301963e+00
5	1.090742788325809e+00	1.096478196143185e+00
74	1.050623896591309e+00	1.071519305237606e+00
150	9.987231916958090e-01	1.000000000000000e+00
402	9.618129884081821e-01	9.772372209558107e-01
452	9.495200132737702e-01	9.549925860214360e-01
524	9.175542696832631e-01	9.332543007969910e-01
676	9.079747717283023e-01	9.120108393559098e-01
908	8.549304087341748e-01	8.709635899560807e-01
1066	8.447952495920733e-01	8.511380382023764e-01
1432	8.227111089795072e-01	8.317637711026710e-01
1543	7.860722647864400e-01	7.943282347242815e-01
1699	7.573140499779210e-01	7.585775750291838e-01
1899	7.350779737912031e-01	7.413102413009175e-01
2219	7.226178496749132e-01	7.244359600749900e-01
2648	6.924987198223114e-01	7.079457843841379e-01
3338	6.792925385130513e-01	6.918309709189365e-01
3569	6.724684367497122e-01	6.760829753919817e-01
4800	6.578297314654522e-01	6.606934480075960e-01
5105	6.334346262987400e-01	6.456542290346555e-01
6450	6.293511036102282e-01	6.309573444801932e-01
8238	6.156391894226902e-01	6.165950018614822e-01
13760	6.025571108891750e-01	6.025595860743578e-01
22606	5.871255801440017e-01	5.888436553555889e-01
30042	5.728983721445713e-01	5.754399373371569e-01
31378	5.620041439945922e-01	5.623413251903491e-01
34509	5.485321332040421e-01	5.495408738576245e-01
36725	5.350913431097091e-01	5.370317963702527e-01
41589	5.225421368649219e-01	5.248074602497725e-01
45076	5.115536467247723e-01	5.128613839913648e-01
49347	5.001002263278467e-01	5.011872336272722e-01
52183	4.892540683804193e-01	4.897788193684462e-01
56160	4.765713174582176e-01	4.786300923226383e-01
61401	4.674922403052172e-01	4.677351412871982e-01
65534	4.529355727693127e-01	4.570881896148750e-01
69715	4.459477165933059e-01	4.466835921509631e-01
79574	4.363964521152107e-01	4.365158322401660e-01
95366	4.264910253782885e-01	4.265795188015927e-01
116216	4.166843184580616e-01	4.168693834703354e-01
132145	4.073117516018577e-01	4.073802778041127e-01
151350	3.960051980149637e-01	3.981071705534972e-01
189226	3.877864908780072e-01	3.890451449942806e-01
218208	3.793722878524447e-01	3.801893963205612e-01
271427	3.711799004626066e-01	3.715352290971726e-01
348343	3.628267676809834e-01	3.630780547701014e-01
477320	3.548132961136012e-01	3.548133892335755e-01
646909	3.465334107186138e-01	3.467368504525316e-01
920292	3.385048986314734e-01	3.388441561392025e-01
1200001	3.354674096500687e-01	3.388441561392025e-01
%
% index = 4100, name = bbob_f020_i13_d20__bbob_f021_i14_d20
% instance = 6, reference value = 9.755476023006771e-01
% function evaluation | indicator value | target hit
1	1.138444635166177e+00	1.148153621496883e+00
9	1.114784607029177e+00	1.122018454301963e+00
56	1.088876928484177e+00	1.096478196143185e+00
92	1.063044250217677e+00	1.071519305237606e+00
101	9.627307110396577e-01	9.772372209558107e-01
229	9.537449884730437e-01	9.549925860214360e-01
307	9.028314540248749e-01	9.120108393559098e-01
444	8.541998643809312e-01	8.709635899560807e-01
502	8.385588238264201e-01	8.511380382023764e-01
651	7.479925886281803e-01	7.585775750291838e-01
692	7.322573833484245e-01	7.413102413009175e-01
794	7.240810480305313e-01	7.244359600749900e-01
905	7.078346572588888e-01	7.079457843841379e-01
906	6.906947194966605e-01	6.918309709189365e-01
1017	6.760825642714483e-01	6.760829753919817e-01
1087	6.592556036906463e-01	6.606934480075960e-01
1196	6.033160005851249e-01	6.165950018614822e-01
1245	6.021074506147756e-01	6.025595860743578e-01
1587	5.676184000985578e-01	5.754399373371569e-01
1635	5.390400543595902e-01	5.495408738576245e-01
1967	5.344118565340867e-01	5.370317963702527e-01
2157	5.231922089846195e-01	5.248074602497725e-01
2224	4.994007307362983e-01	5.011872336272722e-01
2293	4.604231864135621e-01	4.677351412871982e-01
2804	4.570825907531315e-01	4.570881896148750e-01
3061	4.127790202020087e-01	4.168693834703354e-01
3363	4.052191057602629e-01	4.073802778041127e-01
3368	3.966895020092477e-01	3.981071705534972e-01
3543	3.821036605168359e-01	3.890451449942806e-01
3929	3.801881091476678e-01	3.801893963205612e-01
4107	3.467561791236264e-01	3.548133892335755e-01
4111	3.467364519090138e-01	3.467368504525316e-01
5027	3.387051028732153e-01	3.388441561392025e-01
5099	3.304559942629695e-01	3.311311214825911e-01
5238	3.203099944281128e-01	3.235936569296283e-01
5389	3.147136021053925e-01	3.162277660168379e-01
5779	3.090214593032535e-01	3.090295432513591e-01
6879	3.019377834350913e-01	3.019951720402016e-01
7141	2.919798802637672e-01	2.951209226666385e-01
8034	2.879703730373979e-01	2.884031503126606e-01
8328	2.794109819718544e-01	2.818382931264454e-01
8948	2.746791142429412e-01	2.754228703338166e-01
9152	2.669931536280231e-01	2.691534803926916e-01
9359	2.515331295071552e-01	2.570395782768864e-01
9503	2.511749207169316e-01	2.511886431509580e-01
10672	2.290137912067319e-01	2.290867652767773e-01
11921	2.128454137708676e-01	2.137962089502232e-01
12976	2.084791644592556e-01	2.089296130854039e-01
13845	1.933148796940364e-01	1.949844599758045e-01
15826	1.904865465711298e-01	1.905460717963247e-01
18518	1.862077368112758e-01	1.862087136662867e-01
19882	1.818683738984428e-01	1.819700858609984e-01
20479	1.777693253769812e-01	1.778279410038923e-01
22171	1.731179884495211e-01	1.737800828749375e-01
23097	1.694839364114538e-01	1.698243652461744e-01
24912	1.652388008814245e-01	1.659586907437560e-01
25990	1.612425958430062e-01	1.621810097358930e-01
28914	1.584892661406790e-01	1.584893192461113e-01
30355	1.511186113326618e-01	1.513561248436208e-01
32049	1.476223352849064e-01	1.479108388168208e-01
33038	1.430417974582930e-01	1.445439770745928e-01
33551	1.401960642646350e-01	1.412537544622754e-01
36974	1.360344911312243e-01	1.380384264602885e-01
38765	1.339185725585845e-01	1.348962882591654e-01
42790	1.316010097980311e-01	1.318256738556407e-01
47172	1.286339333384433e-01	1.288249551693134e-01
50970	1.253534809128696e-01	1.258925411794167e-01
51394	1.230140113965456e-01	1.230268770812381e-01
54749	1.191214623737057e-01	1.202264434617413e-01
58083	1.160978359989884e-01	1.174897554939529e-01
58729	1.147708685417035e-01	1.148153621496883e-01
62487	1.121971358466785e-01	1.122018454301964e-01
68105	1.096405043035924e-01	1.096478196143185e-01
72869	1.071489607483299e-01	1.071519305237607e-01
76459	1.045077417864411e-01	1.047128548050900e-01
83927	1.013105525652755e-01	1.023292992280754e-01
86125	9.999957769422763e-02	1.000000000000000e-01
89054	9.772204321761702e-02	9.772372209558107e-02
93554	9.472081103983632e-02	9.549925860214359e-02
95508	9.332218232546008e-02	9.332543007969910e-02
101622	8.991561654665858e-02	9.120108393559097e-02
102099	8.912013087504989e-02	8.912509381337455e-02
108160	8.667046492253228e-02	8.709635899560805e-02
110104	8.476516149310087e-02	8.511380382023763e-02
115388	7.952411107402824e-02	8.128305161640990e-02
116163	7.943280656227336e-02	7.943282347242814e-02
116682	7.675859899107496e-02	7.762471166286916e-02
118529	7.568138220329568e-02	7.585775750291836e-02
120081	7.405821663571377e-02	7.413102413009177e-02
123572	7.012723814502109e-02	7.079457843841380e-02
126805	6.782741454221708e-02	6.918309709189366e-02
129878	6.760805967358374e-02	6.760829753919818e-02
129960	6.587985512991534e-02	6.606934480075961e-02
130549	6.383697426541168e-02	6.456542290346556e-02
132155	6.277811745689710e-02	6.309573444801933e-02
134092	5.881502233016112e-02	5.888436553555890e-02
135772	5.704073725867964e-02	5.754399373371569e-02
140349	5.500923562721216e-02	5.623413251903491e-02
140854	5.495380242328041e-02	5.495408738576246e-02
143905	5.218083815797003e-02	5.248074602497726e-02
150140	5.128550147546063e-02	5.128613839913648e-02
155494	4.829098327878711e-02	4.897788193684462e-02
158122	4.747671095132755e-02	4.786300923226382e-02
161473	4.677311639008108e-02	4.677351412871981e-02
162814	4.345688381939394e-02	4.365158322401658e-02
169533	4.265793468309620e-02	4.265795188015926e-02
176558	4.065245071142587e-02	4.073802778041128e-02
179784	3.980543976830053e-02	3.981071705534973e-02
185179	3.806154631503655e-02	3.890451449942807e-02
185243	3.799496783210032e-02	3.801893963205612e-02
197420	3.715226586930187e-02	3.715352290971726e-02
203606	3.630654946859757e-02	3.630780547701014e-02
205674	3.437561080214591e-02	3.467368504525317e-02
213579	3.388323131853588e-02	3.388441561392026e-02
220285	3.262827262437717e-02	3.311311214825911e-02
223583	3.230818932597024e-02	3.235936569296283e-02
224655	3.162259211064145e-02	3.162277660168379e-02
226685	3.076645767028396e-02	3.090295432513590e-02
236425	3.001861719908405e-02	3.019951720402016e-02
239519	2.948609546620584e-02	2.951209226666385e-02
242642	2.861240882236871e-02	2.884031503126606e-02
242817	2.780700454279184e-02	2.818382931264454e-02
245836	2.753790976419945e-02	2.754228703338166e-02
252554	2.691257185934670e-02	2.691534803926915e-02
262126	2.630263735750349e-02	2.630267991895381e-02
272334	2.570387987282674e-02	2.570395782768863e-02
287490	2.506966249060749e-02	2.511886431509579e-02
300993	2.434217841982067e-02	2.454708915685030e-02
315007	2.398827697710826e-02	2.398832919019490e-02
345232	2.330655320607511e-02	2.344228815319923e-02
364662	2.289188881073545e-02	2.290867652767773e-02
378435	2.225707830610768e-02	2.238721138568340e-02
394754	2.187747718118160e-02	2.187761623949553e-02
427029	2.132238061819935e-02	2.137962089502233e-02
430348	2.063767531701188e-02	2.089296130854040e-02
459753	2.041492137782597e-02	2.041737944669529e-02
484513	1.990543690916668e-02	1.995262314968880e-02
501672	1.929847638372717e-02	1.949844599758046e-02
503563	1.895118398227680e-02	1.905460717963247e-02
525768	1.861486614764796e-02	1.862087136662868e-02
539162	1.819700778240063e-02	1.819700858609984e-02
547780	1.735769696150158e-02	1.737800828749375e-02
574874	1.689066271647377e-02	1.698243652461744e-02
624697	1.624659965230302e-02	1.659586907437561e-02
632438	1.621808695230020e-02	1.621810097358930e-02
657230	1.580889335185209e-02	1.584893192461113e-02
710939	1.511128152212926e-02	1.513561248436208e-02
750373	1.465604762386197e-02	1.479108388168207e-02
792140	1.428225390362026e-02	1.445439770745927e-02
794680	1.386590731117188e-02	1.412537544622754e-02
805013	1.355530770117253e-02	1.380384264602885e-02
805781	1.344433231993736e-02	1.348962882591653e-02
820028	1.313955459691762e-02	1.318256738556407e-02
829838	1.268125014668131e-02	1.288249551693134e-02
862508	1.258458674803431e-02	1.258925411794167e-02
893556	1.197374961494635e-02	1.202264434617413e-02
917228	1.148646577738299e-02	1.174897554939530e-02
923873	1.148110841729211e-02	1.148153621496883e-02
939524	1.114904197445421e-02	1.122018454301964e-02
988866	1.071187432563891e-02	1.071519305237606e-02
1030777	1.017044573782977e-02	1.023292992280754e-02
1045032	9.977369466976693e-03	1.000000000000000e-02
1073588	9.327829580939140e-03	9.332543007969915e-03
1114090	9.097472222155734e-03	9.120108393559097e-03
1157414	8.724834743822685e-03	8.912509381337459e-03
1165026	8.705320274615347e-03	8.709635899560805e-03
1197156	8.455004401961341e-03	8.511380382023767e-03
1200001	8.452206337233759e-03	8.511380382023767e-03
%
% index = 4101, name = bbob_f020_i15_d20__bbob_f021_i16_d20
% instance = 7, reference value = 9.653496838347820e-01
% function evaluation | indicator value | target hit
1	9.999226182222821e-01	1.000000000000000e+00
46	9.690621066127819e-01	9.772372209558107e-01
243	9.488691951248025e-01	9.549925860214360e-01
309	9.326926958918580e-01	9.332543007969910e-01
394	9.117645194409633e-01	9.120108393559098e-01
595	8.892957978617377e-01	8.912509381337456e-01
911	8.567707551235443e-01	8.709635899560807e-01
1036	8.498385294766143e-01	8.511380382023764e-01
1224	8.312599430740031e-01	8.317637711026710e-01
1284	8.096804754602606e-01	8.128305161640993e-01
1427	7.871797887073055e-01	7.943282347242815e-01
1662	7.717772648521153e-01	7.762471166286917e-01
1877	7.545987201678362e-01	7.585775750291838e-01
1915	7.380174999973730e-01	7.413102413009175e-01
2518	7.233325243043842e-01	7.244359600749900e-01
2580	7.058143535159892e-01	7.079457843841379e-01
2857	6.916305185429588e-01	6.918309709189365e-01
3217	6.574628908747639e-01	6.606934480075960e-01
3563	6.426090933512629e-01	6.456542290346555e-01
3569	6.256266493244436e-01	6.309573444801932e-01
3638	6.082001679380220e-01	6.165950018614822e-01
3654	5.908643732021797e-01	6.025595860743578e-01
3668	5.567110939765092e-01	5.623413251903491e-01
3709	5.259133476557789e-01	5.370317963702527e-01
3928	5.146902039073282e-01	5.248074602497725e-01
3965	5.091010992590761e-01	5.128613839913648e-01
4115	4.887429306597915e-01	4.897788193684462e-01
4384	4.628107146596806e-01	4.677351412871982e-01
4508	4.550597481940418e-01	4.570881896148750e-01
4613	4.308898772989952e-01	4.365158322401660e-01
4803	3.683547515414759e-01	3.715352290971726e-01
4920	3.488642561074599e-01	3.548133892335755e-01
4946	3.262508896443806e-01	3.311311214825911e-01
5180	3.235695910801279e-01	3.235936569296283e-01
5286	3.065322202086501e-01	3.090295432513591e-01
5573	2.930500667684770e-01	2.951209226666385e-01
5753	2.818652806588425e-01	2.884031503126606e-01
5754	2.813400117087722e-01	2.818382931264454e-01
5978	2.474475701437787e-01	2.511886431509580e-01
5997	2.434572672364325e-01	2.454708915685030e-01
6064	2.397107904404835e-01	2.398832919019490e-01
6086	2.250304553767003e-01	2.290867652767773e-01
6307	2.234692128202022e-01	2.238721138568339e-01
7139	2.186476496526853e-01	2.187761623949552e-01
7260	2.095900071874325e-01	2.137962089502232e-01
7382	2.089023487031785e-01	2.089296130854039e-01
7826	2.000585855605014e-01	2.041737944669530e-01
8357	1.994712990696798e-01	1.995262314968880e-01
8358	1.943861311547750e-01	1.949844599758045e-01
10414	1.851959251908281e-01	1.862087136662867e-01
12141	1.812412361838364e-01	1.819700858609984e-01
13084	1.777050180693016e-01	1.778279410038923e-01
15603	1.735324500345190e-01	1.737800828749375e-01
16266	1.666859090234504e-01	1.698243652461744e-01
16342	1.659164497770327e-01	1.659586907437560e-01
16757	1.621793106890035e-01	1.621810097358930e-01
16857	1.533430675754563e-01	1.548816618912481e-01
17005	1.490832574616420e-01	1.513561248436208e-01
17697	1.478852963231203e-01	1.479108388168208e-01
18984	1.445311647900619e-01	1.445439770745928e-01
20545	1.404882104000978e-01	1.412537544622754e-01
22190	1.329476539714193e-01	1.348962882591654e-01
23221	1.267887635562367e-01	1.288249551693134e-01
24587	1.213003884436631e-01	1.230268770812381e-01
27369	1.158191745203131e-01	1.174897554939529e-01
30023	1.147041880824972e-01	1.148153621496883e-01
31803	1.088709477176276e-01	1.096478196143185e-01
34444	1.067736781685266e-01	1.071519305237607e-01
39537	1.047088330097190e-01	1.047128548050900e-01
43662	1.023196573772701e-01	1.023292992280754e-01
45718	9.962958022991386e-02	1.000000000000000e-01
45899	9.458104327075179e-02	9.549925860214359e-02
46668	9.327527540891734e-02	9.332543007969910e-02
47854	9.057773657904333e-02	9.120108393559097e-02
48421	8.901177647016734e-02	8.912509381337455e-02
49550	8.580593951439286e-02	8.709635899560805e-02
50619	8.511234855864658e-02	8.511380382023763e-02
52130	8.010312001897379e-02	8.128305161640990e-02
53218	7.943164724780882e-02	7.943282347242814e-02
58743	7.762269974051084e-02	7.762471166286916e-02
59569	7.585758557096389e-02	7.585775750291836e-02
61093	7.366054958565005e-02	7.413102413009177e-02
66592	7.241876175474504e-02	7.244359600749903e-02
70246	6.943714615100838e-02	7.079457843841380e-02
70477	6.918158094526328e-02	6.918309709189366e-02
74141	6.667657237339231e-02	6.760829753919818e-02
75708	6.583246681051136e-02	6.606934480075961e-02
78585	6.454144925106775e-02	6.456542290346556e-02
79838	6.230863178035284e-02	6.309573444801933e-02
80834	5.972066180182256e-02	6.025595860743578e-02
83119	5.790455501463854e-02	5.888436553555890e-02
83963	5.753887171255934e-02	5.754399373371569e-02
87064	5.623390913747162e-02	5.623413251903491e-02
88802	5.434364992760832e-02	5.495408738576246e-02
90622	5.368671793323931e-02	5.370317963702527e-02
90808	5.012454977756120e-02	5.128613839913648e-02
90828	5.010913436999309e-02	5.011872336272722e-02
91672	4.723189977087494e-02	4.786300923226382e-02
92605	4.677263267193688e-02	4.677351412871981e-02
94100	4.570442955972265e-02	4.570881896148749e-02
96271	4.466213228599769e-02	4.466835921509630e-02
99340	4.360700334694056e-02	4.365158322401658e-02
103875	4.261302804125677e-02	4.265795188015926e-02
107200	4.167457406063413e-02	4.168693834703355e-02
111160	4.064775643523089e-02	4.073802778041128e-02
116900	3.980734965553356e-02	3.981071705534973e-02
125554	3.883045429657850e-02	3.890451449942807e-02
136104	3.789677390155044e-02	3.801893963205612e-02
141276	3.713374954694559e-02	3.715352290971726e-02
148755	3.626833666145923e-02	3.630780547701014e-02
164323	3.545579624745565e-02	3.548133892335755e-02
182985	3.467352180667460e-02	3.467368504525317e-02
200463	3.388246478085033e-02	3.388441561392026e-02
238963	3.311275041165107e-02	3.311311214825911e-02
291782	3.235910600729452e-02	3.235936569296283e-02
353457	3.162265981270129e-02	3.162277660168379e-02
451171	3.090295428421996e-02	3.090295432513590e-02
605537	3.019817030620964e-02	3.019951720402016e-02
849881	2.950569057985253e-02	2.951209226666385e-02
1200001	2.885062134824035e-02	2.951209226666385e-02
%
% index = 4102, name = bbob_f020_i17_d20__bbob_f021_i18_d20
% instance = 8, reference value = 9.881174145694770e-01
% function evaluation | indicator value | target hit
1	9.170708073098275e-01	9.332543007969910e-01
10	9.049258056309275e-01	9.120108393559098e-01
119	8.909840475905215e-01	8.912509381337456e-01
325	8.707232159013049e-01	8.709635899560807e-01
407	8.157013313307951e-01	8.317637711026710e-01
443	8.057278743130323e-01	8.128305161640993e-01
501	7.560746594187087e-01	7.585775750291838e-01
719	7.411435611033688e-01	7.413102413009175e-01
1751	7.244082914693557e-01	7.244359600749900e-01
1829	6.985646098731086e-01	7.079457843841379e-01
1896	6.849413810927496e-01	6.918309709189365e-01
2642	6.741884519419370e-01	6.760829753919817e-01
2774	6.574766022710143e-01	6.606934480075960e-01
2868	6.295111834951952e-01	6.309573444801932e-01
4174	5.791620023965574e-01	5.888436553555889e-01
6052	5.676001174886545e-01	5.754399373371569e-01
7032	5.598977005150725e-01	5.623413251903491e-01
7706	5.265182137485098e-01	5.370317963702527e-01
8219	4.843658873389199e-01	4.897788193684462e-01
8376	4.683030315314213e-01	4.786300923226383e-01
8404	4.676087084863718e-01	4.677351412871982e-01
9005	4.544330277161016e-01	4.570881896148750e-01
9703	3.977404455860046e-01	3.981071705534972e-01
9839	3.852469680261693e-01	3.890451449942806e-01
9866	3.771997846889299e-01	3.801893963205612e-01
9882	3.623755701220651e-01	3.630780547701014e-01
10049	3.442632336668244e-01	3.467368504525316e-01
10185	3.122888825816617e-01	3.162277660168379e-01
10210	3.089868239852958e-01	3.090295432513591e-01
10777	2.997011133153099e-01	3.019951720402016e-01
11199	2.951171803284836e-01	2.951209226666385e-01
12528	2.878216407613582e-01	2.884031503126606e-01
17734	2.818226068276148e-01	2.818382931264454e-01
26492	2.754183148829532e-01	2.754228703338166e-01
42075	2.689392467813289e-01	2.691534803926916e-01
46953	2.630175838441182e-01	2.630267991895382e-01
59792	2.567307404858837e-01	2.570395782768864e-01
68721	2.511880187166361e-01	2.511886431509580e-01
88321	2.454539722498660e-01	2.454708915685030e-01
105044	2.396424492283734e-01	2.398832919019490e-01
117165	2.326845576274751e-01	2.344228815319922e-01
125369	2.287702184306637e-01	2.290867652767773e-01
136555	2.235503644169027e-01	2.238721138568339e-01
187512	2.174359692801536e-01	2.187761623949552e-01
257066	2.136649189181625e-01	2.137962089502232e-01
411614	2.088880395347911e-01	2.089296130854039e-01
1200001	2.049184944356416e-01	2.089296130854039e-01
%
% index = 4103, name = bbob_f020_i19_d20__bbob_f021_i21_d20
% instance = 9, reference value = 9.773184777621871e-01
% function evaluation | indicator value | target hit
1	8.362042945855864e-01	8.511380382023764e-01
112	8.259572987834334e-01	8.317637711026710e-01
192	7.866654772194726e-01	7.943282347242815e-01
252	7.713855171852063e-01	7.762471166286917e-01
255	7.442107713421523e-01	7.585775750291838e-01
295	6.684005090167474e-01	6.760829753919817e-01
297	5.638926714833786e-01	5.754399373371569e-01
306	5.584978874320321e-01	5.623413251903491e-01
386	5.495044757276621e-01	5.495408738576245e-01
404	5.266464949521833e-01	5.370317963702527e-01
406	5.246919842401794e-01	5.248074602497725e-01
545	5.115379225323111e-01	5.128613839913648e-01
589	4.474193743569301e-01	4.570881896148750e-01
609	4.466316308978130e-01	4.466835921509631e-01
649	4.094708855931621e-01	4.168693834703354e-01
651	4.071200183521165e-01	4.073802778041127e-01
672	3.926097133943474e-01	3.981071705534972e-01
805	3.886843045184907e-01	3.890451449942806e-01
940	3.711915864360648e-01	3.715352290971726e-01
973	3.366448954296551e-01	3.388441561392025e-01
1062	3.311196039225417e-01	3.311311214825911e-01
1177	3.230266587297002e-01	3.235936569296283e-01
1327	2.945093720182985e-01	2.951209226666385e-01
1566	2.655938380822380e-01	2.691534803926916e-01
1669	2.629884478994549e-01	2.630267991895382e-01
1774	2.455772803234185e-01	2.511886431509580e-01
1823	2.454604797127006e-01	2.454708915685030e-01
2175	2.382384670649201e-01	2.398832919019490e-01
2344	2.343244272319133e-01	2.344228815319922e-01
2797	2.252023596370817e-01	2.290867652767773e-01
3030	2.218740640328796e-01	2.238721138568339e-01
3058	2.173079698260565e-01	2.187761623949552e-01
3384	2.083236436915198e-01	2.089296130854039e-01
3915	2.026213701744038e-01	2.041737944669530e-01
4131	1.992287439876396e-01	1.995262314968880e-01
4460	1.936476664971858e-01	1.949844599758045e-01
5002	1.888817037374479e-01	1.905460717963247e-01
5155	1.815503810409895e-01	1.819700858609984e-01
6774	1.710563250348727e-01	1.737800828749375e-01
6882	1.687555049335885e-01	1.698243652461744e-01
12069	1.647739791402801e-01	1.659586907437560e-01
12142	1.532417868792205e-01	1.548816618912481e-01
12957	1.504391296171608e-01	1.513561248436208e-01
12988	1.424485521275498e-01	1.445439770745928e-01
13521	1.346412521945284e-01	1.348962882591654e-01
14163	1.266854052344899e-01	1.288249551693134e-01
15103	1.144837721769967e-01	1.148153621496883e-01
16200	1.121156273133138e-01	1.122018454301964e-01
17120	1.060436335751024e-01	1.071519305237607e-01
18758	1.042797335300687e-01	1.047128548050900e-01
21010	1.021593192505490e-01	1.023292992280754e-01
21905	9.736735946628439e-02	9.772372209558107e-02
25838	9.524194725701696e-02	9.549925860214359e-02
27027	9.332384519273695e-02	9.332543007969910e-02
31526	9.083098880987639e-02	9.120108393559097e-02
35621	8.899999334482223e-02	8.912509381337455e-02
43355	8.680045603611763e-02	8.709635899560805e-02
49734	8.511313761595762e-02	8.511380382023763e-02
54556	8.317634146569830e-02	8.317637711026708e-02
62280	8.117151226791153e-02	8.128305161640990e-02
68814	7.943268339699483e-02	7.943282347242814e-02
71287	7.687921687558041e-02	7.762471166286916e-02
72289	7.530459540291046e-02	7.585775750291836e-02
75132	7.372381406002038e-02	7.413102413009177e-02
82597	7.244259427923128e-02	7.244359600749903e-02
86793	7.079455548834113e-02	7.079457843841380e-02
91848	6.875596354153690e-02	6.918309709189366e-02
97340	6.727471067185764e-02	6.760829753919818e-02
99532	6.606918637064929e-02	6.606934480075961e-02
102970	6.445125503228044e-02	6.456542290346556e-02
105888	6.309265182307444e-02	6.309573444801933e-02
110310	6.160637263150159e-02	6.165950018614822e-02
110505	5.922366645728638e-02	6.025595860743578e-02
110817	5.767355957756559e-02	5.888436553555890e-02
111182	5.748165006126005e-02	5.754399373371569e-02
112938	5.474042787766442e-02	5.495408738576246e-02
114738	5.316958658234494e-02	5.370317963702527e-02
118839	4.963055717171772e-02	5.011872336272722e-02
120557	4.761855109166646e-02	4.786300923226382e-02
123002	4.670996793218030e-02	4.677351412871981e-02
124154	4.440469137513992e-02	4.466835921509630e-02
131436	4.365158232515542e-02	4.365158322401658e-02
135135	4.243909767622722e-02	4.265795188015926e-02
137932	4.163765007462761e-02	4.168693834703355e-02
138242	4.041902650621942e-02	4.073802778041128e-02
138243	3.945888229099104e-02	3.981071705534973e-02
142212	3.820983209241124e-02	3.890451449942807e-02
143050	3.796084575909964e-02	3.801893963205612e-02
153011	3.712307303857787e-02	3.715352290971726e-02
159933	3.542914702314759e-02	3.548133892335755e-02
164746	3.370962597982996e-02	3.388441561392026e-02
174601	3.308072792004346e-02	3.311311214825911e-02
178268	3.233571144961689e-02	3.235936569296283e-02
182215	3.101349800907061e-02	3.162277660168379e-02
184131	3.090275433299694e-02	3.090295432513590e-02
188131	3.011188730521730e-02	3.019951720402016e-02
191039	2.923061374505698e-02	2.951209226666385e-02
193427	2.773161732521368e-02	2.818382931264454e-02
198082	2.750323074627681e-02	2.754228703338166e-02
203263	2.691421739379696e-02	2.691534803926915e-02
207382	2.628296736585356e-02	2.630267991895381e-02
208802	2.567795103231085e-02	2.570395782768863e-02
212199	2.437383347995026e-02	2.454708915685030e-02
213861	2.397983970100426e-02	2.398832919019490e-02
214318	2.344028706755430e-02	2.344228815319923e-02
229265	2.283506845936389e-02	2.290867652767773e-02
233839	2.238222875045914e-02	2.238721138568340e-02
252394	2.180176674275103e-02	2.187761623949553e-02
271897	2.137805668766068e-02	2.137962089502233e-02
288983	2.089141913852077e-02	2.089296130854040e-02
304297	2.041529595047609e-02	2.041737944669529e-02
316219	1.985653822756117e-02	1.995262314968880e-02
333557	1.949790577953125e-02	1.949844599758046e-02
361494	1.867493685025534e-02	1.905460717963247e-02
363793	1.850353018389184e-02	1.862087136662868e-02
382186	1.819653273795796e-02	1.819700858609984e-02
413130	1.758802599551701e-02	1.778279410038923e-02
432380	1.737800365718134e-02	1.737800828749375e-02
468687	1.689915960530652e-02	1.698243652461744e-02
493375	1.655161616883993e-02	1.659586907437561e-02
513180	1.613972027029731e-02	1.621810097358930e-02
537275	1.495733885678796e-02	1.513561248436208e-02
551153	1.478416295997154e-02	1.479108388168207e-02
557724	1.352889844053640e-02	1.380384264602885e-02
560763	1.347224350192833e-02	1.348962882591653e-02
592807	1.311934188233654e-02	1.318256738556407e-02
609647	1.280537655674530e-02	1.288249551693134e-02
620528	1.236353771065779e-02	1.258925411794167e-02
624698	1.224897830178373e-02	1.230268770812382e-02
661992	1.190691694131174e-02	1.202264434617413e-02
682543	1.174142935979983e-02	1.174897554939530e-02
712889	1.148145639356157e-02	1.148153621496883e-02
725268	1.118805581713689e-02	1.122018454301964e-02
744066	1.095590305166527e-02	1.096478196143185e-02
751180	1.057532488768786e-02	1.071519305237606e-02
762282	1.031817048118677e-02	1.047128548050900e-02
772948	1.020172228779725e-02	1.023292992280754e-02
776627	9.999576934287546e-03	1.000000000000000e-02
802015	9.503406772263912e-03	9.549925860214359e-03
841541	9.327690171557990e-03	9.332543007969915e-03
860060	8.935536620083839e-03	9.120108393559097e-03
864255	8.912508674988384e-03	8.912509381337459e-03
870092	8.659395343808995e-03	8.709635899560805e-03
883299	8.493588597710877e-03	8.511380382023767e-03
899271	8.229309758107428e-03	8.317637711026709e-03
913204	8.124222775281131e-03	8.128305161640995e-03
937711	7.942162421969767e-03	7.943282347242814e-03
957570	7.755024247373177e-03	7.762471166286920e-03
991331	7.582740152266343e-03	7.585775750291836e-03
1003186	7.398914600445616e-03	7.413102413009177e-03
1034766	7.225771476537579e-03	7.244359600749898e-03
1048199	7.051605857339993e-03	7.079457843841380e-03
1054976	6.886753547371782e-03	6.918309709189363e-03
1091685	6.759744686922420e-03	6.760829753919818e-03
1151766	6.606933717581698e-03	6.606934480075957e-03
1192595	6.452171512370652e-03	6.456542290346556e-03
1200001	6.361447617455163e-03	6.456542290346556e-03
%
% index = 4104, name = bbob_f020_i21_d20__bbob_f021_i22_d20
% instance = 10, reference value = 9.739818914772170e-01
% function evaluation | indicator value | target hit
1	8.914246120301920e-01	9.120108393559098e-01
13	8.906829759426095e-01	8.912509381337456e-01
47	8.671059852998569e-01	8.709635899560807e-01
123	8.059594002095402e-01	8.128305161640993e-01
208	7.870180073523947e-01	7.943282347242815e-01
332	7.723393311565947e-01	7.762471166286917e-01
373	7.582623139698910e-01	7.585775750291838e-01
398	7.365639182876127e-01	7.413102413009175e-01
436	7.228790986939913e-01	7.244359600749900e-01
518	6.913639625826131e-01	6.918309709189365e-01
658	6.307570133503995e-01	6.309573444801932e-01
689	6.093480346913229e-01	6.165950018614822e-01
778	6.019023406847532e-01	6.025595860743578e-01
853	5.887947290806016e-01	5.888436553555889e-01
879	5.748444830149406e-01	5.754399373371569e-01
927	5.439940573540054e-01	5.495408738576245e-01
992	5.278492254237508e-01	5.370317963702527e-01
1020	5.194071284769026e-01	5.248074602497725e-01
1026	5.072624429612232e-01	5.128613839913648e-01
1055	4.909643351345400e-01	5.011872336272722e-01
1107	4.604975582068087e-01	4.677351412871982e-01
1108	4.514117842904923e-01	4.570881896148750e-01
1242	4.330467912178285e-01	4.365158322401660e-01
1347	3.990041661451829e-01	4.073802778041127e-01
1439	3.980735147961424e-01	3.981071705534972e-01
1685	3.870123535873387e-01	3.890451449942806e-01
2118	3.589821095414106e-01	3.630780547701014e-01
2335	3.439591132262927e-01	3.467368504525316e-01
2513	3.367869381784786e-01	3.388441561392025e-01
2859	3.309301552636933e-01	3.311311214825911e-01
3365	3.234360761618286e-01	3.235936569296283e-01
3699	3.020717154957835e-01	3.090295432513591e-01
4403	3.011384497854706e-01	3.019951720402016e-01
4834	2.929674233934021e-01	2.951209226666385e-01
6625	2.873498310134284e-01	2.884031503126606e-01
8740	2.813263913681292e-01	2.818382931264454e-01
8936	2.727929788019370e-01	2.754228703338166e-01
10869	2.689973709197601e-01	2.691534803926916e-01
12087	2.617427067838889e-01	2.630267991895382e-01
12808	2.542525225162461e-01	2.570395782768864e-01
13078	2.489609489960378e-01	2.511886431509580e-01
14868	2.454702113781270e-01	2.454708915685030e-01
17618	2.398829722449253e-01	2.398832919019490e-01
19112	2.335510870087791e-01	2.344228815319922e-01
20377	2.260815263146866e-01	2.290867652767773e-01
20740	2.227550297682790e-01	2.238721138568339e-01
21455	2.177528276209384e-01	2.187761623949552e-01
22721	2.111165989365190e-01	2.137962089502232e-01
23144	2.075964039186264e-01	2.089296130854039e-01
23370	1.960818580034058e-01	1.995262314968880e-01
23588	1.930092622834022e-01	1.949844599758045e-01
24827	1.899940678641421e-01	1.905460717963247e-01
26043	1.853578814166914e-01	1.862087136662867e-01
27791	1.804150542806617e-01	1.819700858609984e-01
30845	1.776898111478006e-01	1.778279410038923e-01
33821	1.736429675956060e-01	1.737800828749375e-01
35256	1.687751593860489e-01	1.698243652461744e-01
35517	1.645810428870303e-01	1.659586907437560e-01
38156	1.619098568515159e-01	1.621810097358930e-01
39245	1.580647749784762e-01	1.584893192461113e-01
40476	1.548651651248946e-01	1.548816618912481e-01
41763	1.492952111183020e-01	1.513561248436208e-01
44366	1.474775927868102e-01	1.479108388168208e-01
45384	1.436540303025944e-01	1.445439770745928e-01
45828	1.400597080109662e-01	1.412537544622754e-01
48563	1.377790290317266e-01	1.380384264602885e-01
49490	1.327500940947117e-01	1.348962882591654e-01
50500	1.304616375043524e-01	1.318256738556407e-01
51139	1.283246570908746e-01	1.288249551693134e-01
52312	1.254807600616789e-01	1.258925411794167e-01
52829	1.211473884123028e-01	1.230268770812381e-01
53793	1.199499360446968e-01	1.202264434617413e-01
55349	1.133715209554548e-01	1.148153621496883e-01
55923	1.104647666460735e-01	1.122018454301964e-01
56313	1.095979912307762e-01	1.096478196143185e-01
57611	1.057908530040620e-01	1.071519305237607e-01
60044	1.028417762556478e-01	1.047128548050900e-01
62342	1.021414081615948e-01	1.023292992280754e-01
62421	9.947209844788418e-02	1.000000000000000e-01
62559	9.659512992925900e-02	9.772372209558107e-02
62732	9.404616489057338e-02	9.549925860214359e-02
62780	9.272945326999438e-02	9.332543007969910e-02
64408	9.048660233756134e-02	9.120108393559097e-02
66140	8.865911957451933e-02	8.912509381337455e-02
67594	8.709601385335008e-02	8.709635899560805e-02
72218	8.498064151630302e-02	8.511380382023763e-02
75157	8.272492329502035e-02	8.317637711026708e-02
76774	8.094623988493443e-02	8.128305161640990e-02
83411	7.894930282383028e-02	7.943282347242814e-02
87301	7.727971841865933e-02	7.762471166286916e-02
89935	7.575211906233237e-02	7.585775750291836e-02
93368	7.413052110873941e-02	7.413102413009177e-02
98079	7.237348533015220e-02	7.244359600749903e-02
99132	7.032382666255788e-02	7.079457843841380e-02
102365	6.878836496600793e-02	6.918309709189366e-02
105936	6.755942149267491e-02	6.760829753919818e-02
106953	6.529083885838050e-02	6.606934480075961e-02
108172	6.425167319078273e-02	6.456542290346556e-02
110324	6.154362092329846e-02	6.165950018614822e-02
115465	5.899559911229124e-02	6.025595860743578e-02
115757	5.838031077642059e-02	5.888436553555890e-02
117459	5.723493385354383e-02	5.754399373371569e-02
124157	5.621951952002713e-02	5.623413251903491e-02
131821	5.485984558695145e-02	5.495408738576246e-02
134398	5.266212795146641e-02	5.370317963702527e-02
137644	5.246782090414281e-02	5.248074602497726e-02
142582	5.127785068341639e-02	5.128613839913648e-02
148409	5.007881520626145e-02	5.011872336272722e-02
151977	4.895848631994248e-02	4.897788193684462e-02
160318	4.769607577527002e-02	4.786300923226382e-02
166515	4.675292460824887e-02	4.677351412871981e-02
171422	4.570819929159620e-02	4.570881896148749e-02
184130	4.466270977285680e-02	4.466835921509630e-02
195973	4.363289935791237e-02	4.365158322401658e-02
208863	4.264224397317518e-02	4.265795188015926e-02
211852	4.145633611299404e-02	4.168693834703355e-02
218946	4.073775986249251e-02	4.073802778041128e-02
234187	3.980362011955596e-02	3.981071705534973e-02
244094	3.890423707002910e-02	3.890451449942807e-02
252865	3.801730623821598e-02	3.801893963205612e-02
264458	3.714767580419853e-02	3.715352290971726e-02
275469	3.627743799805538e-02	3.630780547701014e-02
295816	3.545502097784525e-02	3.548133892335755e-02
313361	3.460784302002728e-02	3.467368504525317e-02
325654	3.388347801653713e-02	3.388441561392026e-02
349128	3.311284521109037e-02	3.311311214825911e-02
378611	3.235795337884095e-02	3.235936569296283e-02
420664	3.162235559512327e-02	3.162277660168379e-02
453502	3.085859581808514e-02	3.090295432513590e-02
482580	3.019823682296108e-02	3.019951720402016e-02
510056	2.951002911628953e-02	2.951209226666385e-02
560898	2.884002117674411e-02	2.884031503126606e-02
630843	2.818382029215338e-02	2.818382931264454e-02
707108	2.754227992014280e-02	2.754228703338166e-02
835894	2.691529036191587e-02	2.691534803926915e-02
1025937	2.630259301552740e-02	2.630267991895381e-02
1200001	2.599292001440479e-02	2.630267991895381e-02
%
% index = 4105, name = bbob_f020_i23_d20__bbob_f021_i24_d20
% instance = 11, reference value = 1.000000000000000e+00
% function evaluation | indicator value | target hit
1	9.452308464257062e-01	9.549925860214360e-01
66	9.331672843050627e-01	9.332543007969910e-01
80	8.632187586773260e-01	8.709635899560807e-01
267	8.353338400865391e-01	8.511380382023764e-01
301	8.313148883195753e-01	8.317637711026710e-01
562	8.124958897880737e-01	8.128305161640993e-01
893	7.942788961747091e-01	7.943282347242815e-01
929	7.745170365820051e-01	7.762471166286917e-01
1188	7.534045859779464e-01	7.585775750291838e-01
1226	7.227561315025600e-01	7.244359600749900e-01
1288	7.037729132686870e-01	7.079457843841379e-01
1831	6.907253361366307e-01	6.918309709189365e-01
2098	6.714772517259735e-01	6.760829753919817e-01
2947	6.606932418309379e-01	6.606934480075960e-01
3597	6.239471522358963e-01	6.309573444801932e-01
3713	6.115694584640998e-01	6.165950018614822e-01
4834	5.958838529484556e-01	6.025595860743578e-01
5065	5.806641009276896e-01	5.888436553555889e-01
5459	5.713792837247570e-01	5.754399373371569e-01
5752	5.619017636426030e-01	5.623413251903491e-01
6224	5.341403669656586e-01	5.370317963702527e-01
6400	5.092616316317977e-01	5.128613839913648e-01
6748	4.979283891998831e-01	5.011872336272722e-01
7960	4.862401957133650e-01	4.897788193684462e-01
9541	4.611269790863969e-01	4.677351412871982e-01
11029	4.544152304875747e-01	4.570881896148750e-01
11686	4.443088069514008e-01	4.466835921509631e-01
14493	4.365144249703821e-01	4.365158322401660e-01
17434	4.258218678215684e-01	4.265795188015927e-01
19018	4.135700097494127e-01	4.168693834703354e-01
20154	4.018941406033066e-01	4.073802778041127e-01
20618	3.981059948856560e-01	3.981071705534972e-01
21507	3.767041998887096e-01	3.801893963205612e-01
22282	3.707695741805477e-01	3.715352290971726e-01
23168	3.630558304412186e-01	3.630780547701014e-01
24064	3.453345336656642e-01	3.467368504525316e-01
25446	3.376692242540815e-01	3.388441561392025e-01
27267	3.217945942264142e-01	3.235936569296283e-01
27915	3.160617039773675e-01	3.162277660168379e-01
29073	3.059463879256962e-01	3.090295432513591e-01
29137	2.982506357364723e-01	3.019951720402016e-01
29304	2.916715475792361e-01	2.951209226666385e-01
29674	2.859552731752568e-01	2.884031503126606e-01
30820	2.809734272894899e-01	2.818382931264454e-01
34513	2.751037257861031e-01	2.754228703338166e-01
36351	2.688386987873949e-01	2.691534803926916e-01
36616	2.603775609106314e-01	2.630267991895382e-01
38053	2.569965875467065e-01	2.570395782768864e-01
38743	2.497441492907154e-01	2.511886431509580e-01
41734	2.454518064511506e-01	2.454708915685030e-01
43612	2.394004468559100e-01	2.398832919019490e-01
44734	2.344043875206816e-01	2.344228815319922e-01
49733	2.284460521581460e-01	2.290867652767773e-01
51964	2.212682937252982e-01	2.238721138568339e-01
57562	2.185243599387803e-01	2.187761623949552e-01
59479	2.122613418877483e-01	2.137962089502232e-01
66547	2.089266185835132e-01	2.089296130854039e-01
72919	2.031484477785894e-01	2.041737944669530e-01
77870	1.989978546077232e-01	1.995262314968880e-01
79229	1.928205550470405e-01	1.949844599758045e-01
81850	1.905324906800887e-01	1.905460717963247e-01
96885	1.822572592021405e-01	1.862087136662867e-01
98946	1.819678513374934e-01	1.819700858609984e-01
129205	1.765802020484515e-01	1.778279410038923e-01
144136	1.726917709785445e-01	1.737800828749375e-01
167528	1.661262537284995e-01	1.698243652461744e-01
169229	1.659160007608887e-01	1.659586907437560e-01
178729	1.589086381685899e-01	1.621810097358930e-01
180958	1.567352174954637e-01	1.584893192461113e-01
186803	1.546274204154209e-01	1.548816618912481e-01
231444	1.512755141542448e-01	1.513561248436208e-01
284087	1.477871337452304e-01	1.479108388168208e-01
385526	1.445385508223180e-01	1.445439770745928e-01
514537	1.412537480300267e-01	1.412537544622754e-01
765779	1.380281799513259e-01	1.380384264602885e-01
1086013	1.348585297551385e-01	1.348962882591654e-01
1200000	1.339620136661939e-01	1.348962882591654e-01
%
% index = 4106, name = bbob_f020_i25_d20__bbob_f021_i26_d20
% instance = 12, reference value = 1.000000000000000e+00
% function evaluation | indicator value | target hit
1	9.817672335262048e-01	1.000000000000000e+00
6	9.704126285443735e-01	9.772372209558107e-01
24	9.531448583962369e-01	9.549925860214360e-01
112	9.329146698904816e-01	9.332543007969910e-01
275	9.074192051453784e-01	9.120108393559098e-01
519	8.908101040161901e-01	8.912509381337456e-01
577	8.619436249740551e-01	8.709635899560807e-01
653	8.490945402715538e-01	8.511380382023764e-01
864	8.299564842459535e-01	8.317637711026710e-01
994	7.957968247521215e-01	8.128305161640993e-01
1032	7.707903979210697e-01	7.762471166286917e-01
1145	7.538624728247625e-01	7.585775750291838e-01
1196	7.258133709819485e-01	7.413102413009175e-01
1290	7.243291595084584e-01	7.244359600749900e-01
1668	6.999963292609210e-01	7.079457843841379e-01
1791	6.896192892854047e-01	6.918309709189365e-01
2572	6.687815393223943e-01	6.760829753919817e-01
3288	6.586345444554531e-01	6.606934480075960e-01
4319	6.414526151669183e-01	6.456542290346555e-01
4925	6.217593976558589e-01	6.309573444801932e-01
5383	6.107436899793371e-01	6.165950018614822e-01
6430	6.024462525333221e-01	6.025595860743578e-01
8317	5.829648135681287e-01	5.888436553555889e-01
10186	5.754377059310174e-01	5.754399373371569e-01
14867	5.598376906614813e-01	5.623413251903491e-01
17710	5.479398749218287e-01	5.495408738576245e-01
23371	5.362252087308303e-01	5.370317963702527e-01
29242	5.247883137534550e-01	5.248074602497725e-01
31270	5.122751928161864e-01	5.128613839913648e-01
36037	5.008041412044673e-01	5.011872336272722e-01
48187	4.881847486503987e-01	4.897788193684462e-01
58933	4.786282479703293e-01	4.786300923226383e-01
73101	4.676811259528303e-01	4.677351412871982e-01
83490	4.564284274704211e-01	4.570881896148750e-01
92768	4.466273503267146e-01	4.466835921509631e-01
104285	4.365123246269389e-01	4.365158322401660e-01
112529	4.258983115948549e-01	4.265795188015927e-01
129756	4.168686498661603e-01	4.168693834703354e-01
152665	4.068812950642960e-01	4.073802778041127e-01
191662	3.980938660398785e-01	3.981071705534972e-01
228205	3.890383562149483e-01	3.890451449942806e-01
310529	3.801863290081754e-01	3.801893963205612e-01
496230	3.715352247505910e-01	3.715352290971726e-01
1053662	3.630766682501917e-01	3.630780547701014e-01
1200000	3.619054732386262e-01	3.630780547701014e-01
%
% index = 4107, name = bbob_f020_i27_d20__bbob_f021_i28_d20
% instance = 13, reference value = 1.000000000000000e+00
% function evaluation | indicator value | target hit
1	9.381471673673417e-01	9.549925860214360e-01
87	9.318277836483572e-01	9.332543007969910e-01
215	9.034188270056457e-01	9.120108393559098e-01
283	8.903182467190094e-01	8.912509381337456e-01
379	8.572704351234752e-01	8.709635899560807e-01
527	8.471527521532669e-01	8.511380382023764e-01
750	8.266586104214610e-01	8.317637711026710e-01
790	7.651302825173713e-01	7.762471166286917e-01
946	7.556985025507721e-01	7.585775750291838e-01
1070	7.373606349129633e-01	7.413102413009175e-01
1188	6.953438711798726e-01	7.079457843841379e-01
1220	6.860903441455989e-01	6.918309709189365e-01
1416	6.671171857401256e-01	6.760829753919817e-01
1773	6.500020130313688e-01	6.606934480075960e-01
2031	6.438612051665591e-01	6.456542290346555e-01
2406	6.282964918050791e-01	6.309573444801932e-01
3580	6.165291506609107e-01	6.165950018614822e-01
3657	5.886828819124553e-01	5.888436553555889e-01
3740	5.742812959264907e-01	5.754399373371569e-01
5746	5.456986996927489e-01	5.495408738576245e-01
5807	5.369870958675782e-01	5.370317963702527e-01
6518	5.187119282138681e-01	5.248074602497725e-01
6985	5.035187104623199e-01	5.128613839913648e-01
7171	5.004636549661950e-01	5.011872336272722e-01
7275	4.896982430892941e-01	4.897788193684462e-01
8254	4.759479150202043e-01	4.786300923226383e-01
9017	4.008531938804178e-01	4.073802778041127e-01
9318	3.963997951045916e-01	3.981071705534972e-01
10554	3.881941226377725e-01	3.890451449942806e-01
11345	3.801242509110091e-01	3.801893963205612e-01
12348	3.702659934777867e-01	3.715352290971726e-01
13837	3.630726980780291e-01	3.630780547701014e-01
20284	3.548120907071255e-01	3.548133892335755e-01
20401	3.418384371043952e-01	3.467368504525316e-01
24058	3.388409453346846e-01	3.388441561392025e-01
31726	3.283780908471204e-01	3.311311214825911e-01
34241	3.235542154797663e-01	3.235936569296283e-01
35954	3.148058151306257e-01	3.162277660168379e-01
36583	3.073751630698383e-01	3.090295432513591e-01
36742	2.955982068312371e-01	3.019951720402016e-01
36863	2.937037914201999e-01	2.951209226666385e-01
37779	2.872864908115775e-01	2.884031503126606e-01
38833	2.736389763932527e-01	2.754228703338166e-01
40970	2.691391158930848e-01	2.691534803926916e-01
42404	2.558844845580688e-01	2.570395782768864e-01
42852	2.363482423575799e-01	2.398832919019490e-01
43899	2.296162412383983e-01	2.344228815319922e-01
44057	2.289984248618169e-01	2.290867652767773e-01
44346	2.207898344256491e-01	2.238721138568339e-01
45912	2.187722829515473e-01	2.187761623949552e-01
46257	2.050395011807874e-01	2.089296130854039e-01
47048	2.036753889664784e-01	2.041737944669530e-01
48813	1.946759659807056e-01	1.949844599758045e-01
51919	1.905406102718760e-01	1.905460717963247e-01
54362	1.858924252858445e-01	1.862087136662867e-01
56749	1.803373388609293e-01	1.819700858609984e-01
60361	1.777247929790517e-01	1.778279410038923e-01
62674	1.728115781666514e-01	1.737800828749375e-01
65032	1.698212979039226e-01	1.698243652461744e-01
65651	1.655641787957467e-01	1.659586907437560e-01
69714	1.619088139149841e-01	1.621810097358930e-01
76528	1.584880878305326e-01	1.584893192461113e-01
82558	1.547515667364114e-01	1.548816618912481e-01
87390	1.512639745159170e-01	1.513561248436208e-01
92051	1.479090835195516e-01	1.479108388168208e-01
97356	1.445405455339718e-01	1.445439770745928e-01
101398	1.412533159981462e-01	1.412537544622754e-01
107598	1.380353459456939e-01	1.380384264602885e-01
111385	1.315562577573708e-01	1.318256738556407e-01
114710	1.281957291410252e-01	1.288249551693134e-01
114736	1.253414994105833e-01	1.258925411794167e-01
120973	1.230268183376821e-01	1.230268770812381e-01
129357	1.201941755548008e-01	1.202264434617413e-01
136277	1.172383620248854e-01	1.174897554939529e-01
141195	1.148141813947359e-01	1.148153621496883e-01
148896	1.119582486058684e-01	1.122018454301964e-01
156948	1.087730132217565e-01	1.096478196143185e-01
162452	1.067329389389438e-01	1.071519305237607e-01
165868	1.035981582932997e-01	1.047128548050900e-01
174413	1.023286261506630e-01	1.023292992280754e-01
181795	9.999956860053127e-02	1.000000000000000e-01
190847	9.751494824517448e-02	9.772372209558107e-02
192303	9.539077110316907e-02	9.549925860214359e-02
200372	9.329213405867587e-02	9.332543007969910e-02
210334	9.119962082096122e-02	9.120108393559097e-02
220923	8.881296410470108e-02	8.912509381337455e-02
228561	8.709490331954683e-02	8.709635899560805e-02
249598	8.506925350171524e-02	8.511380382023763e-02
279675	8.317617566095159e-02	8.317637711026708e-02
319294	8.128195943234284e-02	8.128305161640990e-02
359061	7.927766086847576e-02	7.943282347242814e-02
363767	7.758268566003790e-02	7.762471166286916e-02
450509	7.549426428182859e-02	7.585775750291836e-02
524911	7.412786380565861e-02	7.413102413009177e-02
612170	7.195790035358085e-02	7.244359600749903e-02
672939	7.079453106150069e-02	7.079457843841380e-02
905693	6.918309357574515e-02	6.918309709189366e-02
1200001	6.852063482255399e-02	6.918309709189366e-02
%
% index = 4108, name = bbob_f020_i29_d20__bbob_f021_i30_d20
% instance = 14, reference value = 1.000000000000000e+00
% function evaluation | indicator value | target hit
1	9.575015349404418e-01	9.772372209558107e-01
2	9.522206712121556e-01	9.549925860214360e-01
85	9.201475652923642e-01	9.332543007969910e-01
153	9.113008510564908e-01	9.120108393559098e-01
289	8.893103392593231e-01	8.912509381337456e-01
347	8.558494854656529e-01	8.709635899560807e-01
365	8.503189187234205e-01	8.511380382023764e-01
444	8.291549355476583e-01	8.317637711026710e-01
519	7.993169702607894e-01	8.128305161640993e-01
520	7.941449931255633e-01	7.943282347242815e-01
780	7.663495705907916e-01	7.762471166286917e-01
871	7.513312363845799e-01	7.585775750291838e-01
924	7.326010432162514e-01	7.413102413009175e-01
1032	7.242027034556402e-01	7.244359600749900e-01
1089	6.981193482903624e-01	7.079457843841379e-01
1195	6.418362403952621e-01	6.456542290346555e-01
1312	6.294404574520167e-01	6.309573444801932e-01
1329	6.158953373406055e-01	6.165950018614822e-01
1427	5.956825524968420e-01	6.025595860743578e-01
1486	5.862239647178976e-01	5.888436553555889e-01
1488	5.434479315147813e-01	5.495408738576245e-01
1489	5.330817394377446e-01	5.370317963702527e-01
1530	5.226282791784280e-01	5.248074602497725e-01
1725	5.123635518390207e-01	5.128613839913648e-01
1768	4.984441455392501e-01	5.011872336272722e-01
1930	4.827597664257930e-01	4.897788193684462e-01
2054	4.723229752086766e-01	4.786300923226383e-01
2111	4.675996813527198e-01	4.677351412871982e-01
2566	4.562564369475279e-01	4.570881896148750e-01
2577	4.005819938116018e-01	4.073802778041127e-01
2653	3.830165639290797e-01	3.890451449942806e-01
2826	3.801731521813424e-01	3.801893963205612e-01
2834	3.587481467298681e-01	3.630780547701014e-01
2841	3.526545333429054e-01	3.548133892335755e-01
2888	3.321365512076098e-01	3.388441561392025e-01
2895	3.307882817303633e-01	3.311311214825911e-01
3087	3.179103784483763e-01	3.235936569296283e-01
3147	3.090881770843084e-01	3.162277660168379e-01
3148	3.089148877565613e-01	3.090295432513591e-01
3150	3.006196994714003e-01	3.019951720402016e-01
3177	2.928737378473385e-01	2.951209226666385e-01
3213	2.881336784385760e-01	2.884031503126606e-01
3326	2.817205755091609e-01	2.818382931264454e-01
3457	2.602011120299186e-01	2.630267991895382e-01
3490	2.570010891950198e-01	2.570395782768864e-01
3663	2.425971918965729e-01	2.454708915685030e-01
3702	2.379520592585382e-01	2.398832919019490e-01
3911	2.342753100569838e-01	2.344228815319922e-01
4287	2.290730033853973e-01	2.290867652767773e-01
4597	2.234216929914296e-01	2.238721138568339e-01
4606	2.061035774492269e-01	2.089296130854039e-01
5073	2.030477059693335e-01	2.041737944669530e-01
5576	1.994977496408725e-01	1.995262314968880e-01
5621	1.896369628026006e-01	1.905460717963247e-01
6836	1.861542277264402e-01	1.862087136662867e-01
7250	1.813838092625368e-01	1.819700858609984e-01
8135	1.772728247267021e-01	1.778279410038923e-01
8428	1.629283629961973e-01	1.659586907437560e-01
8462	1.618411550770820e-01	1.621810097358930e-01
8683	1.584880290683160e-01	1.584893192461113e-01
9363	1.548474882608640e-01	1.548816618912481e-01
9787	1.494668241048223e-01	1.513561248436208e-01
11481	1.479010540708133e-01	1.479108388168208e-01
12519	1.445430256067801e-01	1.445439770745928e-01
16090	1.412501180743524e-01	1.412537544622754e-01
17561	1.358088000062422e-01	1.380384264602885e-01
18811	1.297275839148387e-01	1.318256738556407e-01
19004	1.277622726015063e-01	1.288249551693134e-01
19434	1.253671514452461e-01	1.258925411794167e-01
21094	1.228792934316474e-01	1.230268770812381e-01
21408	1.199808807186583e-01	1.202264434617413e-01
24532	1.174855291592860e-01	1.174897554939529e-01
26555	1.146233664676209e-01	1.148153621496883e-01
27650	1.108514277199192e-01	1.122018454301964e-01
28176	1.085833209313687e-01	1.096478196143185e-01
29442	1.067030745161590e-01	1.071519305237607e-01
32465	1.043870647696745e-01	1.047128548050900e-01
34450	1.021040357403193e-01	1.023292992280754e-01
35883	9.998250053050806e-02	1.000000000000000e-01
37033	9.772346359562267e-02	9.772372209558107e-02
37959	9.545036192891654e-02	9.549925860214359e-02
38964	9.295759605894904e-02	9.332543007969910e-02
40509	9.119403815749316e-02	9.120108393559097e-02
41652	8.912202183041018e-02	8.912509381337455e-02
43903	8.709102180231121e-02	8.709635899560805e-02
45309	8.481206556965615e-02	8.511380382023763e-02
45664	8.306255249675654e-02	8.317637711026708e-02
47447	8.127376639271622e-02	8.128305161640990e-02
49210	7.922275146636248e-02	7.943282347242814e-02
51321	7.762364809410982e-02	7.762471166286916e-02
53371	7.585707113280116e-02	7.585775750291836e-02
54245	7.228429165762429e-02	7.244359600749903e-02
55859	7.070387443901416e-02	7.079457843841380e-02
56584	6.918084926242973e-02	6.918309709189366e-02
56774	6.760230507396303e-02	6.760829753919818e-02
57594	6.476101551841484e-02	6.606934480075961e-02
57600	6.266275912681074e-02	6.309573444801933e-02
58672	6.165823014853555e-02	6.165950018614822e-02
59733	5.979778149553094e-02	6.025595860743578e-02
61023	5.749669345613362e-02	5.754399373371569e-02
61906	5.623400957371794e-02	5.623413251903491e-02
62211	4.923199255210819e-02	5.011872336272722e-02
62684	4.890828877949294e-02	4.897788193684462e-02
64763	4.786053189306116e-02	4.786300923226382e-02
65277	4.549567726947290e-02	4.570881896148749e-02
67129	4.466110646574895e-02	4.466835921509630e-02
67309	4.305965133447720e-02	4.365158322401658e-02
67767	4.170433436448728e-02	4.265795188015926e-02
67791	4.166655425155885e-02	4.168693834703355e-02
69561	3.997090411972648e-02	4.073802778041128e-02
70002	3.977835279011055e-02	3.981071705534973e-02
73475	3.886707978084358e-02	3.890451449942807e-02
75193	3.788084680430881e-02	3.801893963205612e-02
80600	3.715106958891357e-02	3.715352290971726e-02
84226	3.629562649926221e-02	3.630780547701014e-02
88743	3.546824936022586e-02	3.548133892335755e-02
92425	3.467321444459803e-02	3.467368504525317e-02
101119	3.363018865001988e-02	3.388441561392026e-02
109875	3.311294876404214e-02	3.311311214825911e-02
121792	3.231919413019990e-02	3.235936569296283e-02
125910	3.156089666323814e-02	3.162277660168379e-02
133740	3.090273169932645e-02	3.090295432513590e-02
142970	3.015728366274972e-02	3.019951720402016e-02
147783	2.934284744286364e-02	2.951209226666385e-02
152622	2.877408121669689e-02	2.884031503126606e-02
156325	2.803293101829774e-02	2.818382931264454e-02
159233	2.752394072649866e-02	2.754228703338166e-02
159934	2.623945599373090e-02	2.630267991895381e-02
165393	2.548922330790893e-02	2.570395782768863e-02
166280	2.456814783788208e-02	2.511886431509579e-02
166658	2.454707250228583e-02	2.454708915685030e-02
170098	2.395059998376925e-02	2.398832919019490e-02
175409	2.344174376765762e-02	2.344228815319923e-02
178428	2.264533126298118e-02	2.290867652767773e-02
183344	2.207257749504166e-02	2.238721138568340e-02
188526	2.180378950481465e-02	2.187761623949553e-02
194694	2.126830497878485e-02	2.137962089502233e-02
201223	2.082875110874816e-02	2.089296130854040e-02
214059	2.041666609008452e-02	2.041737944669529e-02
227689	1.995247111610554e-02	1.995262314968880e-02
261897	1.949734645736112e-02	1.949844599758046e-02
294290	1.900646295100905e-02	1.905460717963247e-02
362224	1.862086477452929e-02	1.862087136662868e-02
462525	1.819695572928093e-02	1.819700858609984e-02
558889	1.778089590784804e-02	1.778279410038923e-02
628591	1.736519831899841e-02	1.737800828749375e-02
683695	1.698236391322783e-02	1.698243652461744e-02
731798	1.630322017272268e-02	1.659586907437561e-02
741781	1.619338190390451e-02	1.621810097358930e-02
826982	1.584788918241564e-02	1.584893192461113e-02
990334	1.548568012942875e-02	1.548816618912481e-02
1200000	1.523261403899556e-02	1.548816618912481e-02
%
% index = 4109, name = bbob_f020_i31_d20__bbob_f021_i34_d20
% instance = 15, reference value = 1.000000000000000e+00
% function evaluation | indicator value | target hit
1	9.463234342101038e-01	9.549925860214360e-01
53	9.328300603620390e-01	9.332543007969910e-01
136	9.119267808454391e-01	9.120108393559098e-01
265	8.821798380606102e-01	8.912509381337456e-01
549	8.655521274260521e-01	8.709635899560807e-01
911	8.339774419104782e-01	8.511380382023764e-01
932	8.312696203195995e-01	8.317637711026710e-01
1169	8.127798715836414e-01	8.128305161640993e-01
1527	7.906414804541660e-01	7.943282347242815e-01
2145	7.412156638179128e-01	7.413102413009175e-01
2447	7.227264902153614e-01	7.244359600749900e-01
2488	6.982923040728204e-01	7.079457843841379e-01
2618	6.458574097874610e-01	6.606934480075960e-01
2620	6.456058484661142e-01	6.456542290346555e-01
2640	6.219390677385861e-01	6.309573444801932e-01
2767	6.156271560230653e-01	6.165950018614822e-01
3053	6.025516084041552e-01	6.025595860743578e-01
3357	5.700776473852629e-01	5.754399373371569e-01
3719	5.619451740195365e-01	5.623413251903491e-01
4103	5.468523641468594e-01	5.495408738576245e-01
4214	5.256626022670979e-01	5.370317963702527e-01
4334	5.243166182009051e-01	5.248074602497725e-01
5690	5.115790764341427e-01	5.128613839913648e-01
5797	4.952537994714681e-01	5.011872336272722e-01
7251	4.703924059042556e-01	4.786300923226383e-01
7807	4.333935319472882e-01	4.365158322401660e-01
9455	4.264303458077804e-01	4.265795188015927e-01
12678	4.085883729113651e-01	4.168693834703354e-01
13417	4.073801686934599e-01	4.073802778041127e-01
13869	3.957224928865127e-01	3.981071705534972e-01
15001	3.851324151544615e-01	3.890451449942806e-01
15360	3.755448410215687e-01	3.801893963205612e-01
17651	3.634434315358543e-01	3.715352290971726e-01
17793	3.627193693020251e-01	3.630780547701014e-01
20278	3.540811806204964e-01	3.548133892335755e-01
26563	3.432400873844760e-01	3.467368504525316e-01
34450	3.325416091799790e-01	3.388441561392025e-01
36590	3.310710319067225e-01	3.311311214825911e-01
44690	3.234530485615387e-01	3.235936569296283e-01
56460	3.162242260060927e-01	3.162277660168379e-01
64024	3.071252741800364e-01	3.090295432513591e-01
64956	2.923899398533332e-01	2.951209226666385e-01
64998	2.871449079122792e-01	2.884031503126606e-01
70857	2.818346174616311e-01	2.818382931264454e-01
81848	2.753429931510224e-01	2.754228703338166e-01
91256	2.682906297227480e-01	2.691534803926916e-01
104890	2.630247235958558e-01	2.630267991895382e-01
109167	2.569846553203159e-01	2.570395782768864e-01
124593	2.511869989532587e-01	2.511886431509580e-01
135714	2.453426283661908e-01	2.454708915685030e-01
152466	2.394430989237559e-01	2.398832919019490e-01
173098	2.341627437750370e-01	2.344228815319922e-01
187434	2.276523300551263e-01	2.290867652767773e-01
190301	2.238706460890681e-01	2.238721138568339e-01
238835	2.186055525630526e-01	2.187761623949552e-01
269591	2.137867132381469e-01	2.137962089502232e-01
360845	2.081211539102199e-01	2.089296130854039e-01
420288	2.040540831614727e-01	2.041737944669530e-01
465459	1.994724873368456e-01	1.995262314968880e-01
554166	1.949392537749570e-01	1.949844599758045e-01
703772	1.905240757605471e-01	1.905460717963247e-01
1200001	1.867582759842006e-01	1.905460717963247e-01
