%
% index = 3255, name = bbob_f020_i02_d10__bbob_f020_i04_d10
% instance = 1, reference value = 9.977709356346171e-01
% function evaluation | indicator value | target hit
1	5.631160322786264e-01	5.754399373371569e-01
17	5.092902381310256e-01	5.128613839913648e-01
26	4.599041632071164e-01	4.677351412871982e-01
44	4.562848130095644e-01	4.570881896148750e-01
71	3.706715467570806e-01	3.715352290971726e-01
84	3.300792054678728e-01	3.311311214825911e-01
98	2.938409548867774e-01	2.951209226666385e-01
111	2.638500350112605e-01	2.691534803926916e-01
117	2.594791844138711e-01	2.630267991895382e-01
123	2.445521162667638e-01	2.454708915685030e-01
129	2.382422141906800e-01	2.398832919019490e-01
142	2.322111882270342e-01	2.344228815319922e-01
169	2.271442807894921e-01	2.290867652767773e-01
240	2.116194286064614e-01	2.137962089502232e-01
241	2.081067791721107e-01	2.089296130854039e-01
253	1.680100790162806e-01	1.698243652461744e-01
270	1.365061507064225e-01	1.380384264602885e-01
288	1.264565905304785e-01	1.288249551693134e-01
299	1.246057456193566e-01	1.258925411794167e-01
329	1.186116723926143e-01	1.202264434617413e-01
330	1.012954596982092e-01	1.023292992280754e-01
334	8.513747946163897e-02	8.709635899560805e-02
359	8.238620488731785e-02	8.317637711026708e-02
361	8.028225662983535e-02	8.128305161640990e-02
381	7.880699348059450e-02	7.943282347242814e-02
400	6.470346427814211e-02	6.606934480075961e-02
404	6.451712180834634e-02	6.456542290346556e-02
417	6.282061608482548e-02	6.309573444801933e-02
419	6.142685510639778e-02	6.165950018614822e-02
431	5.517850526566070e-02	5.623413251903491e-02
443	5.428256918916019e-02	5.495408738576246e-02
444	5.299206077086016e-02	5.370317963702527e-02
469	2.684249832541086e-02	2.691534803926915e-02
489	2.132182565571583e-02	2.137962089502233e-02
547	2.058002230466671e-02	2.089296130854040e-02
583	2.041135704752339e-02	2.041737944669529e-02
611	1.940415636180781e-02	1.949844599758046e-02
695	1.780769648420477e-02	1.819700858609984e-02
697	1.315788220707237e-02	1.318256738556407e-02
705	1.149858832772965e-02	1.174897554939530e-02
707	1.046450769823126e-02	1.047128548050900e-02
730	8.450063997638702e-03	8.511380382023767e-03
734	6.191668714986331e-03	6.309573444801930e-03
747	5.897611518266066e-03	6.025595860743574e-03
757	5.280474949549974e-03	5.370317963702527e-03
760	5.032466453178563e-03	5.128613839913648e-03
765	5.007285034356657e-03	5.011872336272725e-03
770	4.707701905807493e-03	4.786300923226385e-03
771	4.411165458877320e-03	4.466835921509630e-03
782	4.270894727786967e-03	4.365158322401661e-03
802	3.875673370974386e-03	3.890451449942805e-03
807	3.518898099298617e-03	3.548133892335753e-03
825	3.358910631205858e-03	3.388441561392024e-03
827	3.198276813749845e-03	3.235936569296281e-03
828	3.149288126962135e-03	3.162277660168379e-03
832	3.086566713122352e-03	3.090295432513592e-03
841	2.837804036430636e-03	2.884031503126605e-03
848	2.797408377431476e-03	2.818382931264455e-03
864	2.701159577760293e-03	2.754228703338166e-03
889	2.425358758667229e-03	2.454708915685031e-03
901	2.347476975405716e-03	2.398832919019490e-03
909	2.325797672089736e-03	2.344228815319923e-03
931	2.089331819824736e-03	2.137962089502233e-03
932	2.079078599482975e-03	2.089296130854039e-03
934	2.016577022573629e-03	2.041737944669530e-03
939	1.888251368990290e-03	1.905460717963246e-03
952	1.805891273716664e-03	1.819700858609983e-03
979	1.750558582774286e-03	1.778279410038923e-03
984	1.708068862581125e-03	1.737800828749376e-03
998	1.664269751789460e-03	1.698243652461744e-03
1004	1.646016296606767e-03	1.659586907437561e-03
1005	1.571653115999605e-03	1.584893192461114e-03
1027	1.498480049404560e-03	1.513561248436209e-03
1043	1.459825394349523e-03	1.479108388168207e-03
1050	1.438013292531126e-03	1.445439770745928e-03
1061	1.402719641510175e-03	1.412537544622754e-03
1074	1.352087542169755e-03	1.380384264602885e-03
1077	1.345433085087278e-03	1.348962882591653e-03
1080	1.245486620822800e-03	1.258925411794167e-03
1088	1.210802775793995e-03	1.230268770812381e-03
1112	1.165943116894996e-03	1.174897554939529e-03
1123	1.140621769259109e-03	1.148153621496883e-03
1138	1.111740384155291e-03	1.122018454301963e-03
1147	1.081273057897181e-03	1.096478196143185e-03
1154	1.043920151007516e-03	1.047128548050900e-03
1169	9.940394741468905e-04	1.000000000000000e-03
1186	9.767546157862794e-04	9.772372209558111e-04
1201	9.514211579590981e-04	9.549925860214359e-04
1384	9.211400870471342e-04	9.332543007969915e-04
1387	9.067477809775459e-04	9.120108393559096e-04
1418	8.884703008010808e-04	8.912509381337459e-04
1420	8.686707756967449e-04	8.709635899560805e-04
1424	8.491390578433400e-04	8.511380382023768e-04
1443	8.265931760487177e-04	8.317637711026709e-04
1457	8.078427984251624e-04	8.128305161640995e-04
1471	7.910205388502733e-04	7.943282347242813e-04
1479	7.758528287012956e-04	7.762471166286919e-04
1499	7.524952326954937e-04	7.585775750291835e-04
1510	7.393440162593024e-04	7.413102413009177e-04
1522	7.184493156243699e-04	7.244359600749898e-04
1525	7.075137144915145e-04	7.079457843841380e-04
1552	6.832808966547033e-04	6.918309709189362e-04
1768	6.759414897881122e-04	6.760829753919819e-04
1785	6.581726969707713e-04	6.606934480075957e-04
1823	6.423676588328542e-04	6.456542290346556e-04
1862	6.305450740540230e-04	6.309573444801930e-04
1876	6.159915821248862e-04	6.165950018614823e-04
1895	6.002659765464990e-04	6.025595860743575e-04
1906	5.873640170450667e-04	5.888436553555889e-04
1932	5.692142564015512e-04	5.754399373371566e-04
1948	5.489539987119096e-04	5.495408738576248e-04
1982	5.370083771178980e-04	5.370317963702527e-04
2006	5.231820568151191e-04	5.248074602497728e-04
2022	5.116302339427392e-04	5.128613839913648e-04
2039	4.979224078599520e-04	5.011872336272725e-04
2093	4.875793383924965e-04	4.897788193684461e-04
2131	4.776641250301417e-04	4.786300923226385e-04
2563	4.595734825584286e-04	4.677351412871981e-04
2581	4.566403090032756e-04	4.570881896148752e-04
2617	4.463537315788635e-04	4.466835921509630e-04
2663	4.362817330376689e-04	4.365158322401661e-04
2704	4.262149814261429e-04	4.265795188015926e-04
2765	4.164243174882287e-04	4.168693834703355e-04
2823	4.071674689306581e-04	4.073802778041126e-04
2910	3.980375007163195e-04	3.981071705534974e-04
2951	3.878342863308237e-04	3.890451449942805e-04
3547	3.800514294524104e-04	3.801893963205612e-04
3616	3.712490609680819e-04	3.715352290971724e-04
3710	3.625186705027428e-04	3.630780547701014e-04
3824	3.530554407458197e-04	3.548133892335753e-04
4714	3.466781481016312e-04	3.467368504525317e-04
4903	3.386528137391265e-04	3.388441561392024e-04
5059	3.310861832725998e-04	3.311311214825911e-04
5319	3.235884751398022e-04	3.235936569296281e-04
6758	3.161051665772074e-04	3.162277660168379e-04
7041	3.089588452250824e-04	3.090295432513592e-04
7578	3.018656591606828e-04	3.019951720402016e-04
9840	2.951030251260311e-04	2.951209226666387e-04
10867	2.883979908879786e-04	2.884031503126605e-04
14301	2.818359949646743e-04	2.818382931264455e-04
15938	2.754076499013047e-04	2.754228703338166e-04
21373	2.690822368167645e-04	2.691534803926917e-04
24405	2.630267257449637e-04	2.630267991895381e-04
33707	2.570353230384459e-04	2.570395782768865e-04
46944	2.511852171876994e-04	2.511886431509580e-04
66595	2.454597824469440e-04	2.454708915685031e-04
93955	2.398830481205039e-04	2.398832919019490e-04
106722	2.320643845136194e-04	2.344228815319923e-04
123547	2.241697377116658e-04	2.290867652767772e-04
125146	2.238697056621275e-04	2.238721138568340e-04
147957	2.187750058204596e-04	2.187761623949552e-04
160350	2.137780509616771e-04	2.137962089502232e-04
180353	2.055265675989792e-04	2.089296130854039e-04
184421	2.035529994776075e-04	2.041737944669530e-04
202173	1.995225565112335e-04	1.995262314968879e-04
229402	1.949844249907740e-04	1.949844599758046e-04
257565	1.905455534944034e-04	1.905460717963246e-04
263992	1.853428474037910e-04	1.862087136662868e-04
307803	1.814701554201381e-04	1.819700858609983e-04
390801	1.778277561261810e-04	1.778279410038923e-04
511707	1.737800624653785e-04	1.737800828749376e-04
569788	1.698241603206307e-04	1.698243652461744e-04
600000	1.691573007679414e-04	1.698243652461744e-04
%
% index = 3256, name = bbob_f020_i03_d10__bbob_f020_i05_d10
% instance = 2, reference value = 9.950129303740490e-01
% function evaluation | indicator value | target hit
1	2.690501409494894e-01	2.691534803926916e-01
12	2.297952896163825e-01	2.344228815319922e-01
117	2.143535861492358e-01	2.187761623949552e-01
149	1.839079104277919e-01	1.862087136662867e-01
203	1.627721610155952e-01	1.659586907437560e-01
205	1.591105817215371e-01	1.621810097358930e-01
209	1.491350057208454e-01	1.513561248436208e-01
211	1.216831354325875e-01	1.230268770812381e-01
212	8.959907391337729e-02	9.120108393559097e-02
213	6.846245731081102e-02	6.918309709189366e-02
219	6.147123336417648e-02	6.165950018614822e-02
236	5.927082786915361e-02	6.025595860743578e-02
252	5.670987562091157e-02	5.754399373371569e-02
257	4.997333121345326e-02	5.011872336272722e-02
262	3.510111396521920e-02	3.548133892335755e-02
267	3.305232425452020e-02	3.311311214825911e-02
271	3.033119280396390e-02	3.090295432513590e-02
277	3.019049316901945e-02	3.019951720402016e-02
316	2.930843483129320e-02	2.951209226666385e-02
340	2.805103923493113e-02	2.818382931264454e-02
341	2.714240946024693e-02	2.754228703338166e-02
349	2.623205611046286e-02	2.630267991895381e-02
377	2.420791820076496e-02	2.454708915685030e-02
386	2.346685118987613e-02	2.398832919019490e-02
387	2.330377810253537e-02	2.344228815319923e-02
405	2.272153192059390e-02	2.290867652767773e-02
439	2.236268825743992e-02	2.238721138568340e-02
444	2.185030494737061e-02	2.187761623949553e-02
448	2.094275789456401e-02	2.137962089502233e-02
453	2.082347214922631e-02	2.089296130854040e-02
466	1.845601406914710e-02	1.862087136662868e-02
476	1.262053560261511e-02	1.288249551693134e-02
477	1.089776516715402e-02	1.096478196143185e-02
506	1.070994105799949e-02	1.071519305237606e-02
508	1.039017250328400e-02	1.047128548050900e-02
523	5.712967780439615e-03	5.754399373371567e-03
526	5.581661807642191e-03	5.623413251903491e-03
530	5.394378861995119e-03	5.495408738576248e-03
532	5.011207442797483e-03	5.011872336272725e-03
543	4.869507016993069e-03	4.897788193684461e-03
558	4.586465462773526e-03	4.677351412871981e-03
565	4.550082242447906e-03	4.570881896148752e-03
577	4.399540966880111e-03	4.466835921509630e-03
590	4.359001357702397e-03	4.365158322401661e-03
595	3.589923895534697e-03	3.630780547701014e-03
731	3.471256771575781e-03	3.548133892335753e-03
735	3.462903563222985e-03	3.467368504525317e-03
753	3.341089643174255e-03	3.388441561392024e-03
758	3.292928393267669e-03	3.311311214825911e-03
779	2.976760421620095e-03	3.019951720402016e-03
796	2.929327124686854e-03	2.951209226666387e-03
809	2.812824939932179e-03	2.818382931264455e-03
816	2.274955861100603e-03	2.290867652767772e-03
819	2.233205816544293e-03	2.238721138568340e-03
824	2.130671664362760e-03	2.137962089502233e-03
828	2.073969318088231e-03	2.089296130854039e-03
837	2.011423859773376e-03	2.041737944669530e-03
849	1.927185851809066e-03	1.949844599758046e-03
867	1.856170621589381e-03	1.862087136662868e-03
884	1.819560998852721e-03	1.819700858609983e-03
900	1.769834808563853e-03	1.778279410038923e-03
902	1.725617019319836e-03	1.737800828749376e-03
1092	1.698070872400481e-03	1.698243652461744e-03
1107	1.650256439114872e-03	1.659586907437561e-03
1115	1.603427140737801e-03	1.621810097358930e-03
1122	1.584034912717747e-03	1.584893192461114e-03
1127	1.542295076759070e-03	1.548816618912481e-03
1136	1.512330412040241e-03	1.513561248436209e-03
1142	1.460187961481618e-03	1.479108388168207e-03
1146	1.442413651827956e-03	1.445439770745928e-03
1170	1.404735082400799e-03	1.412537544622754e-03
1183	1.378249363841899e-03	1.380384264602885e-03
1200	1.347517641509310e-03	1.348962882591653e-03
1204	1.315958813420726e-03	1.318256738556408e-03
1221	1.287937098331415e-03	1.288249551693134e-03
1248	1.257217058090787e-03	1.258925411794167e-03
1261	1.228638305423746e-03	1.230268770812381e-03
1274	1.199531388450303e-03	1.202264434617413e-03
1542	1.172154153473270e-03	1.174897554939529e-03
1558	1.147183735619728e-03	1.148153621496883e-03
1584	1.116989416206748e-03	1.122018454301963e-03
1607	1.096203592798828e-03	1.096478196143185e-03
1611	1.054446397750763e-03	1.071519305237606e-03
1616	1.046420861634756e-03	1.047128548050900e-03
1649	1.021771037017616e-03	1.023292992280754e-03
1676	9.882441131849884e-04	1.000000000000000e-03
1691	9.768765318612926e-04	9.772372209558111e-04
1722	9.548290785252878e-04	9.549925860214359e-04
2146	9.329740569088418e-04	9.332543007969915e-04
2173	9.111366951803923e-04	9.120108393559096e-04
2177	8.907813759686523e-04	8.912509381337459e-04
2199	8.705596062221765e-04	8.709635899560805e-04
2256	8.478490096581748e-04	8.511380382023768e-04
2291	8.313160039483680e-04	8.317637711026709e-04
2338	8.115513478230696e-04	8.128305161640995e-04
2376	7.940896384854845e-04	7.943282347242813e-04
2452	7.754354467653934e-04	7.762471166286919e-04
2503	7.565945006796637e-04	7.585775750291835e-04
3146	7.400659285502487e-04	7.413102413009177e-04
3211	7.214031424728207e-04	7.244359600749898e-04
3253	7.054438987758038e-04	7.079457843841380e-04
3258	6.910879174902851e-04	6.918309709189362e-04
3295	6.755444701055380e-04	6.760829753919819e-04
3373	6.606792381096405e-04	6.606934480075957e-04
3393	6.442331823597325e-04	6.456542290346556e-04
3502	6.293930233505218e-04	6.309573444801930e-04
3568	6.138054706326113e-04	6.165950018614823e-04
3605	6.025034425372056e-04	6.025595860743575e-04
3726	5.854190587873953e-04	5.888436553555889e-04
3863	5.742349284504344e-04	5.754399373371566e-04
4006	5.585540664331257e-04	5.623413251903491e-04
4040	5.494690115203094e-04	5.495408738576248e-04
4145	5.370061253376912e-04	5.370317963702527e-04
4242	5.238657872499441e-04	5.248074602497728e-04
4364	5.112499679649218e-04	5.128613839913648e-04
4420	5.001594384832497e-04	5.011872336272725e-04
4479	4.893506892325039e-04	4.897788193684461e-04
4573	4.784417647289985e-04	4.786300923226385e-04
4696	4.666038989961097e-04	4.677351412871981e-04
4768	4.562076625370670e-04	4.570881896148752e-04
4859	4.464601289108083e-04	4.466835921509630e-04
4911	4.363459517378043e-04	4.365158322401661e-04
5034	4.258590704563359e-04	4.265795188015926e-04
5094	4.167053768004969e-04	4.168693834703355e-04
5162	4.066538420345323e-04	4.073802778041126e-04
5270	3.977599669081622e-04	3.981071705534974e-04
5296	3.874490956327081e-04	3.890451449942805e-04
5388	3.801420312201653e-04	3.801893963205612e-04
5448	3.703735684392750e-04	3.715352290971724e-04
5542	3.629723013358621e-04	3.630780547701014e-04
6412	3.546890209661369e-04	3.548133892335753e-04
6497	3.465215924666198e-04	3.467368504525317e-04
6545	3.388251979461465e-04	3.388441561392024e-04
6596	3.308207742128699e-04	3.311311214825911e-04
6666	3.235681382351974e-04	3.235936569296281e-04
6803	3.160103418239357e-04	3.162277660168379e-04
6859	3.088826465820205e-04	3.090295432513592e-04
6947	3.018457376439132e-04	3.019951720402016e-04
7054	2.949688698833386e-04	2.951209226666387e-04
7184	2.883381334892743e-04	2.884031503126605e-04
7282	2.812978142033851e-04	2.818382931264455e-04
8546	2.748150305049712e-04	2.754228703338166e-04
8604	2.690036167212195e-04	2.691534803926917e-04
8689	2.629094916214436e-04	2.630267991895381e-04
8810	2.568398186696408e-04	2.570395782768865e-04
8885	2.506952558938291e-04	2.511886431509580e-04
9022	2.453640162511928e-04	2.454708915685031e-04
9134	2.398792735466282e-04	2.398832919019490e-04
9330	2.344080462651776e-04	2.344228815319923e-04
9508	2.290538980639356e-04	2.290867652767772e-04
9658	2.238019502986965e-04	2.238721138568340e-04
11420	2.186594855980717e-04	2.187761623949552e-04
11588	2.133274822601061e-04	2.137962089502232e-04
11710	2.088532458105474e-04	2.089296130854039e-04
11889	2.040970777132944e-04	2.041737944669530e-04
12028	1.994315601151486e-04	1.995262314968879e-04
12232	1.949203322281212e-04	1.949844599758046e-04
12454	1.905429391905189e-04	1.905460717963246e-04
12618	1.862024171328525e-04	1.862087136662868e-04
12850	1.818605801933160e-04	1.819700858609983e-04
13127	1.777666185386328e-04	1.778279410038923e-04
15511	1.737545042617139e-04	1.737800828749376e-04
15777	1.697955979810262e-04	1.698243652461744e-04
15983	1.658560429114164e-04	1.659586907437562e-04
16209	1.621613876249262e-04	1.621810097358930e-04
16579	1.584786993524823e-04	1.584893192461114e-04
16894	1.545844656786199e-04	1.548816618912481e-04
17276	1.512300666258737e-04	1.513561248436209e-04
20562	1.479013275689223e-04	1.479108388168207e-04
20852	1.444706485494995e-04	1.445439770745928e-04
21240	1.412483075259319e-04	1.412537544622754e-04
21498	1.380053745982934e-04	1.380384264602885e-04
21857	1.348771318125941e-04	1.348962882591653e-04
22492	1.318018774717489e-04	1.318256738556407e-04
26897	1.288106197585570e-04	1.288249551693134e-04
27200	1.258851858149113e-04	1.258925411794167e-04
27677	1.230198514053926e-04	1.230268770812381e-04
28294	1.202257254975247e-04	1.202264434617413e-04
29123	1.174851857795867e-04	1.174897554939529e-04
29890	1.148118181302227e-04	1.148153621496883e-04
35909	1.120051002806433e-04	1.122018454301963e-04
36751	1.096336726662539e-04	1.096478196143185e-04
37434	1.071493204448659e-04	1.071519305237606e-04
38491	1.047013587677226e-04	1.047128548050900e-04
46859	1.023194567461028e-04	1.023292992280754e-04
48027	9.987222927831940e-05	1.000000000000000e-04
49094	9.771953208081996e-05	9.772372209558111e-05
50926	9.549403914088650e-05	9.549925860214369e-05
52959	9.330949018848678e-05	9.332543007969905e-05
54811	9.119484699815494e-05	9.120108393559096e-05
58029	8.912437900521208e-05	8.912509381337459e-05
60857	8.709610244272969e-05	8.709635899560814e-05
63931	8.509743550377813e-05	8.511380382023759e-05
72328	8.316664509189220e-05	8.317637711026709e-05
77015	8.128008169361323e-05	8.128305161640995e-05
78487	7.885410845698271e-05	7.943282347242822e-05
82812	7.762387627074929e-05	7.762471166286911e-05
88663	7.584849507402680e-05	7.585775750291836e-05
94755	7.363657891290565e-05	7.413102413009176e-05
99741	7.243524237932064e-05	7.244359600749906e-05
112388	7.079319358016534e-05	7.079457843841373e-05
114269	6.877881708655664e-05	6.918309709189363e-05
126188	6.759491129881834e-05	6.760829753919819e-05
154315	6.606932371844287e-05	6.606934480075965e-05
186247	6.456526428710863e-05	6.456542290346549e-05
221318	6.305654491578494e-05	6.309573444801929e-05
317314	6.164531665087125e-05	6.165950018614822e-05
411582	6.025564999057043e-05	6.025595860743581e-05
543699	5.633823466510979e-05	5.754399373371566e-05
566501	5.623411042943172e-05	5.623413251903491e-05
600001	5.610741350525750e-05	5.623413251903491e-05
%
% index = 3257, name = bbob_f020_i07_d10__bbob_f020_i08_d10
% instance = 3, reference value = 9.997583301101870e-01
% function evaluation | indicator value | target hit
1	5.505771928409853e-01	5.623413251903491e-01
30	5.201101591335623e-01	5.248074602497725e-01
69	5.108235462933886e-01	5.128613839913648e-01
94	4.843677055310540e-01	4.897788193684462e-01
96	4.414928307443869e-01	4.466835921509631e-01
98	4.333933239335194e-01	4.365158322401660e-01
113	3.707907437556116e-01	3.715352290971726e-01
114	3.320105468087380e-01	3.388441561392025e-01
132	3.307124702471829e-01	3.311311214825911e-01
205	3.132235861976198e-01	3.162277660168379e-01
228	3.016922751528698e-01	3.019951720402016e-01
238	2.873801016776630e-01	2.884031503126606e-01
266	2.815865141266546e-01	2.818382931264454e-01
277	2.739700786103387e-01	2.754228703338166e-01
312	2.689868050448964e-01	2.691534803926916e-01
354	2.488982959200645e-01	2.511886431509580e-01
365	2.369120695345556e-01	2.398832919019490e-01
375	2.341098170600536e-01	2.344228815319922e-01
422	2.290825516211262e-01	2.290867652767773e-01
441	2.086798492862897e-01	2.089296130854039e-01
458	1.917215643180995e-01	1.949844599758045e-01
460	1.877175485071587e-01	1.905460717963247e-01
479	1.859025634129389e-01	1.862087136662867e-01
483	1.432662047646803e-01	1.445439770745928e-01
484	1.361791385459670e-01	1.380384264602885e-01
487	1.313517350934134e-01	1.318256738556407e-01
496	1.175061062080167e-01	1.202264434617413e-01
511	1.173864144311344e-01	1.174897554939529e-01
522	1.141844218535092e-01	1.148153621496883e-01
528	9.282076175249143e-02	9.332543007969910e-02
547	7.037355514453181e-02	7.079457843841380e-02
549	4.629742637807444e-02	4.677351412871981e-02
590	4.137500491186341e-02	4.168693834703355e-02
598	3.017183441883775e-02	3.019951720402016e-02
618	2.919956891825715e-02	2.951209226666385e-02
628	2.881728494150038e-02	2.884031503126606e-02
645	2.759628391280289e-02	2.818382931264454e-02
646	2.062598258162218e-02	2.089296130854040e-02
655	1.918435003171592e-02	1.949844599758046e-02
657	1.814925847926285e-02	1.819700858609984e-02
666	1.769836235087885e-02	1.778279410038923e-02
688	1.644217806379544e-02	1.659586907437561e-02
689	1.610165194181790e-02	1.621810097358930e-02
692	1.374148915137863e-02	1.380384264602885e-02
703	1.304895067192768e-02	1.318256738556407e-02
705	1.213704628048740e-02	1.230268770812382e-02
706	1.191095371754403e-02	1.202264434617413e-02
722	9.559577965028043e-03	9.772372209558112e-03
723	9.416486349919873e-03	9.549925860214359e-03
725	8.803939565581564e-03	8.912509381337459e-03
749	7.591038147910067e-03	7.762471166286920e-03
760	7.585223577300959e-03	7.585775750291836e-03
761	7.410038843583822e-03	7.413102413009177e-03
773	6.188032967408108e-03	6.309573444801930e-03
782	6.130972844804572e-03	6.165950018614822e-03
788	6.007667821214757e-03	6.025595860743574e-03
789	5.779962196510446e-03	5.888436553555890e-03
793	5.553341456212779e-03	5.623413251903491e-03
796	4.319084555549524e-03	4.365158322401661e-03
801	3.869221286895153e-03	3.890451449942805e-03
806	3.150425157719461e-03	3.162277660168379e-03
825	2.918758706325519e-03	2.951209226666387e-03
828	2.823701594837913e-03	2.884031503126605e-03
833	2.680252458340138e-03	2.691534803926917e-03
841	2.622806872756844e-03	2.630267991895381e-03
883	2.567120828479208e-03	2.570395782768865e-03
897	2.511018962961242e-03	2.511886431509579e-03
908	2.130102024225256e-03	2.137962089502233e-03
927	2.088423467926703e-03	2.089296130854039e-03
946	1.998441262858641e-03	2.041737944669530e-03
948	1.863621719117803e-03	1.905460717963246e-03
965	1.861659233967639e-03	1.862087136662868e-03
967	1.771256373991004e-03	1.778279410038923e-03
969	1.645076151505886e-03	1.659586907437561e-03
978	1.493281209120956e-03	1.513561248436209e-03
980	1.478419884789584e-03	1.479108388168207e-03
993	1.419375285771407e-03	1.445439770745928e-03
1007	1.393048753505433e-03	1.412537544622754e-03
1011	1.312531557921881e-03	1.318256738556408e-03
1013	1.168283229593947e-03	1.174897554939529e-03
1030	1.129718584628847e-03	1.148153621496883e-03
1044	1.107465890639037e-03	1.122018454301963e-03
1071	8.670638913748085e-04	8.709635899560805e-04
1077	8.197339189662811e-04	8.317637711026709e-04
1086	8.065252680938828e-04	8.128305161640995e-04
1087	6.624977457511116e-04	6.760829753919819e-04
1090	6.564583272907765e-04	6.606934480075957e-04
1135	6.215650706289377e-04	6.309573444801930e-04
1136	6.156857559321827e-04	6.165950018614823e-04
1148	5.853720805873985e-04	5.888436553555889e-04
1179	5.100427520344786e-04	5.128613839913648e-04
1190	4.995533898625171e-04	5.011872336272725e-04
1202	4.847275404331608e-04	4.897788193684461e-04
1211	4.740261189352113e-04	4.786300923226385e-04
1244	4.596438369429690e-04	4.677351412871981e-04
1254	4.542967026914813e-04	4.570881896148752e-04
1287	4.434315585870596e-04	4.466835921509630e-04
1295	4.268875178156106e-04	4.365158322401661e-04
1306	4.239232352805100e-04	4.265795188015926e-04
1357	4.165268251020704e-04	4.168693834703355e-04
1368	4.069409747454733e-04	4.073802778041126e-04
1380	3.837732916645020e-04	3.890451449942805e-04
1386	3.790882761610659e-04	3.801893963205612e-04
1395	3.668966793093364e-04	3.715352290971724e-04
1517	3.588647074789231e-04	3.630780547701014e-04
1555	3.545458454050632e-04	3.548133892335753e-04
1571	3.424908161965279e-04	3.467368504525317e-04
1594	3.387021129782619e-04	3.388441561392024e-04
1613	3.304444552636454e-04	3.311311214825911e-04
1648	3.221093898307936e-04	3.235936569296281e-04
1677	3.141526247835147e-04	3.162277660168379e-04
1712	3.082903988589347e-04	3.090295432513592e-04
1913	3.017664245733576e-04	3.019951720402016e-04
1925	2.938154472325039e-04	2.951209226666387e-04
1930	2.881511735461917e-04	2.884031503126605e-04
1978	2.815474802413398e-04	2.818382931264455e-04
2002	2.745973991048478e-04	2.754228703338166e-04
2024	2.688344437697943e-04	2.691534803926917e-04
2054	2.584152612095103e-04	2.630267991895381e-04
2068	2.529179649679580e-04	2.570395782768865e-04
2080	2.509604931070220e-04	2.511886431509580e-04
2104	2.451488897348142e-04	2.454708915685031e-04
2186	2.395392499657811e-04	2.398832919019490e-04
2229	2.339528702416382e-04	2.344228815319923e-04
2306	2.288778772085998e-04	2.290867652767772e-04
2460	2.235780210682048e-04	2.238721138568340e-04
2798	2.182907038732473e-04	2.187761623949552e-04
2867	2.136584836082145e-04	2.137962089502232e-04
2885	2.010829299080585e-04	2.041737944669530e-04
2920	1.992253950954259e-04	1.995262314968879e-04
2987	1.947910219965987e-04	1.949844599758046e-04
3110	1.895261143530780e-04	1.905460717963246e-04
3186	1.861697345345581e-04	1.862087136662868e-04
3196	1.800681010207805e-04	1.819700858609983e-04
3258	1.778139828536585e-04	1.778279410038923e-04
3382	1.734165976514657e-04	1.737800828749376e-04
3471	1.695971894283277e-04	1.698243652461744e-04
3961	1.659389337963502e-04	1.659586907437562e-04
4119	1.621331720520480e-04	1.621810097358930e-04
4355	1.584750897394294e-04	1.584893192461114e-04
4455	1.532691567173172e-04	1.548816618912481e-04
5051	1.513428329900091e-04	1.513561248436209e-04
5289	1.462655637176624e-04	1.479108388168207e-04
5379	1.430711366053883e-04	1.445439770745928e-04
6281	1.412186633742429e-04	1.412537544622754e-04
6645	1.358713043694282e-04	1.380384264602885e-04
7796	1.348947633591502e-04	1.348962882591653e-04
8447	1.318189901352573e-04	1.318256738556407e-04
12673	1.288240925323425e-04	1.288249551693134e-04
13176	1.256249616894412e-04	1.258925411794167e-04
17533	1.210832473539369e-04	1.230268770812381e-04
22217	1.202237369717363e-04	1.202264434617413e-04
22837	1.104781275690359e-04	1.122018454301963e-04
29795	1.096390452099971e-04	1.096478196143185e-04
41609	1.071514122703565e-04	1.071519305237606e-04
68729	1.040095173817646e-04	1.047128548050900e-04
69888	1.015747509445220e-04	1.023292992280754e-04
83765	9.761809437813795e-05	9.772372209558111e-05
105725	9.408708252134357e-05	9.549925860214369e-05
120851	9.314370636648306e-05	9.332543007969905e-05
136554	8.861077813471230e-05	8.912509381337459e-05
147200	8.647453959820250e-05	8.709635899560814e-05
149820	8.412595217166530e-05	8.511380382023759e-05
182769	8.317548131120400e-05	8.317637711026709e-05
212357	7.893500562861089e-05	7.943282347242822e-05
238455	7.762456089810410e-05	7.762471166286911e-05
258238	7.555449609775167e-05	7.585775750291836e-05
305000	7.412630492686922e-05	7.413102413009176e-05
379493	7.236822403222654e-05	7.244359600749906e-05
588559	7.057140022925790e-05	7.079457843841373e-05
600001	6.980392140798486e-05	7.079457843841373e-05
%
% index = 3258, name = bbob_f020_i09_d10__bbob_f020_i10_d10
% instance = 4, reference value = 9.980869490838420e-01
% function evaluation | indicator value | target hit
1	4.549210397169515e-01	4.570881896148750e-01
58	3.344651805073949e-01	3.388441561392025e-01
64	2.356184908484860e-01	2.398832919019490e-01
68	2.141953115856862e-01	2.187761623949552e-01
90	1.992932309303000e-01	1.995262314968880e-01
118	1.903605802080361e-01	1.905460717963247e-01
175	1.854452286272606e-01	1.862087136662867e-01
179	1.699757004125325e-01	1.737800828749375e-01
190	1.691930968047211e-01	1.698243652461744e-01
204	1.585407016694542e-01	1.621810097358930e-01
212	1.444714781989636e-01	1.445439770745928e-01
283	1.408480060491188e-01	1.412537544622754e-01
291	1.354588701513829e-01	1.380384264602885e-01
301	9.488285983129929e-02	9.549925860214359e-02
305	9.135175797706352e-02	9.332543007969910e-02
326	8.216579352314457e-02	8.317637711026708e-02
328	8.085005967920411e-02	8.128305161640990e-02
337	6.184781306102605e-02	6.309573444801933e-02
368	5.778704330418871e-02	5.888436553555890e-02
385	4.413790894738079e-02	4.466835921509630e-02
392	4.043056924628097e-02	4.073802778041128e-02
398	3.977577836933266e-02	3.981071705534973e-02
401	3.846880625166227e-02	3.890451449942807e-02
414	3.780012594890669e-02	3.801893963205612e-02
417	3.698590609169705e-02	3.715352290971726e-02
431	3.316841464722131e-02	3.388441561392026e-02
438	3.015213357365176e-02	3.019951720402016e-02
455	2.810782250379296e-02	2.818382931264454e-02
460	2.735806114331374e-02	2.754228703338166e-02
469	2.393335703099930e-02	2.398832919019490e-02
478	2.261730064155465e-02	2.290867652767773e-02
480	2.111262180736129e-02	2.137962089502233e-02
502	2.055288172238012e-02	2.089296130854040e-02
515	2.017328258835205e-02	2.041737944669529e-02
516	1.982851732071611e-02	1.995262314968880e-02
524	1.825157504536001e-02	1.862087136662868e-02
527	1.798783967426321e-02	1.819700858609984e-02
573	1.771140645880864e-02	1.778279410038923e-02
578	1.725790453545240e-02	1.737800828749375e-02
589	1.665013767336598e-02	1.698243652461744e-02
600	1.658184607422863e-02	1.659586907437561e-02
611	1.609164727469092e-02	1.621810097358930e-02
617	1.555190341158730e-02	1.584893192461113e-02
628	1.156345282905158e-02	1.174897554939530e-02
630	1.132270692345827e-02	1.148153621496883e-02
656	1.117926072179887e-02	1.122018454301964e-02
675	1.096363511875931e-02	1.096478196143185e-02
694	1.063079586544946e-02	1.071519305237606e-02
709	9.947011329725863e-03	1.000000000000000e-02
711	9.489544864942023e-03	9.549925860214359e-03
731	8.475212477443428e-03	8.511380382023767e-03
735	8.192279479013576e-03	8.317637711026709e-03
738	7.958530171897182e-03	8.128305161640995e-03
741	7.765312070363350e-03	7.943282347242814e-03
742	7.759839082792541e-03	7.762471166286920e-03
760	7.516784636775187e-03	7.585775750291836e-03
790	7.268047284591961e-03	7.413102413009177e-03
797	7.169586385696536e-03	7.244359600749898e-03
799	6.993805373670892e-03	7.079457843841380e-03
800	6.469593067386814e-03	6.606934480075957e-03
828	6.427742526778912e-03	6.456542290346556e-03
834	6.274247212286199e-03	6.309573444801930e-03
856	6.094811684036805e-03	6.165950018614822e-03
860	5.703843285296051e-03	5.754399373371567e-03
870	5.614427895575091e-03	5.623413251903491e-03
883	4.524288654000341e-03	4.570881896148752e-03
887	4.425068412972410e-03	4.466835921509630e-03
901	4.121188447491653e-03	4.168693834703355e-03
910	4.040806411974462e-03	4.073802778041126e-03
926	3.709724741901232e-03	3.715352290971724e-03
943	3.616854083623111e-03	3.630780547701014e-03
947	3.530345832669535e-03	3.548133892335753e-03
964	3.463471927022788e-03	3.467368504525317e-03
983	3.204891620629757e-03	3.235936569296281e-03
1112	3.159807607147846e-03	3.162277660168379e-03
1134	2.891110622797566e-03	2.951209226666387e-03
1148	2.857924535438094e-03	2.884031503126605e-03
1159	2.745772717387407e-03	2.754228703338166e-03
1170	2.683561456646388e-03	2.691534803926917e-03
1192	2.620466656362619e-03	2.630267991895381e-03
1212	2.541191509223273e-03	2.570395782768865e-03
1218	2.471009325042628e-03	2.511886431509579e-03
1219	2.443658813345961e-03	2.454708915685031e-03
1239	2.397648541706099e-03	2.398832919019490e-03
1272	2.328496414694681e-03	2.344228815319923e-03
1278	2.280904178448839e-03	2.290867652767772e-03
1301	2.235035487224701e-03	2.238721138568340e-03
1302	2.180345940415718e-03	2.187761623949552e-03
1331	2.110433048915672e-03	2.137962089502233e-03
1339	2.085095258612002e-03	2.089296130854039e-03
1353	1.984422591087109e-03	1.995262314968879e-03
1355	1.949449957996174e-03	1.949844599758046e-03
1375	1.899170304332065e-03	1.905460717963246e-03
1377	1.836226677003783e-03	1.862087136662868e-03
1405	1.818831650896580e-03	1.819700858609983e-03
1423	1.756417152796064e-03	1.778279410038923e-03
1433	1.733724317670049e-03	1.737800828749376e-03
1462	1.624455702703309e-03	1.659586907437561e-03
1464	1.608383029800042e-03	1.621810097358930e-03
1485	1.582475165926245e-03	1.584893192461114e-03
1706	1.511670559901424e-03	1.513561248436209e-03
1714	1.477082606925362e-03	1.479108388168207e-03
1729	1.444413391142763e-03	1.445439770745928e-03
1745	1.406432780512445e-03	1.412537544622754e-03
1756	1.359356029807079e-03	1.380384264602885e-03
1768	1.329714753044997e-03	1.348962882591653e-03
1770	1.316037876527787e-03	1.318256738556408e-03
1801	1.279447935995548e-03	1.288249551693134e-03
1827	1.256371823083247e-03	1.258925411794167e-03
1855	1.229493391287861e-03	1.230268770812381e-03
1880	1.201340358634506e-03	1.202264434617413e-03
1931	1.172121905524959e-03	1.174897554939529e-03
1972	1.147391594582325e-03	1.148153621496883e-03
2041	1.101394392793109e-03	1.122018454301963e-03
2046	1.088032116331572e-03	1.096478196143185e-03
2075	1.067160373955267e-03	1.071519305237606e-03
2347	1.044837895148865e-03	1.047128548050900e-03
2352	1.020171051831387e-03	1.023292992280754e-03
2379	9.971679625171426e-04	1.000000000000000e-03
2399	9.770217752478327e-04	9.772372209558111e-04
2426	9.542578089822840e-04	9.549925860214359e-04
2457	9.208769803209504e-04	9.332543007969915e-04
2466	9.115569715053562e-04	9.120108393559096e-04
2498	8.906953688826436e-04	8.912509381337459e-04
2528	8.620585006545722e-04	8.709635899560805e-04
2622	8.500551167204273e-04	8.511380382023768e-04
2669	8.300376456160663e-04	8.317637711026709e-04
2714	8.116430771556438e-04	8.128305161640995e-04
2779	7.873576780620395e-04	7.943282347242813e-04
3170	7.740211686890763e-04	7.762471166286919e-04
3221	7.581320328706731e-04	7.585775750291835e-04
3222	7.369870758515695e-04	7.413102413009177e-04
3230	7.238656736331395e-04	7.244359600749898e-04
3299	7.078959642247140e-04	7.079457843841380e-04
3378	6.907269861196053e-04	6.918309709189362e-04
3421	6.760067851195872e-04	6.760829753919819e-04
3504	6.602052834620009e-04	6.606934480075957e-04
3553	6.431366553247830e-04	6.456542290346556e-04
3625	6.309195950435775e-04	6.309573444801930e-04
3703	6.161095408052653e-04	6.165950018614823e-04
3834	6.000537050804278e-04	6.025595860743575e-04
3886	5.833583953841481e-04	5.888436553555889e-04
3909	5.752346826169985e-04	5.754399373371566e-04
4031	5.615275611648984e-04	5.623413251903491e-04
4185	5.489470014411468e-04	5.495408738576248e-04
4271	5.361761371545093e-04	5.370317963702527e-04
4902	5.244145502092401e-04	5.248074602497728e-04
4979	5.122802855624942e-04	5.128613839913648e-04
5040	5.006812569499086e-04	5.011872336272725e-04
5160	4.896933062566999e-04	4.897788193684461e-04
5303	4.785771208152267e-04	4.786300923226385e-04
5373	4.676127973440858e-04	4.677351412871981e-04
5480	4.567525040570786e-04	4.570881896148752e-04
5616	4.459802155066805e-04	4.466835921509630e-04
5788	4.359664550608322e-04	4.365158322401661e-04
5883	4.251024571145789e-04	4.265795188015926e-04
5962	4.167935003559498e-04	4.168693834703355e-04
6073	4.069731379657826e-04	4.073802778041126e-04
6267	3.979303065613227e-04	3.981071705534974e-04
6459	3.885980900205643e-04	3.890451449942805e-04
6587	3.793093847433981e-04	3.801893963205612e-04
6653	3.711800407275589e-04	3.715352290971724e-04
6792	3.628500327826911e-04	3.630780547701014e-04
6938	3.547015234161011e-04	3.548133892335753e-04
7071	3.462632988068259e-04	3.467368504525317e-04
7178	3.385458318654333e-04	3.388441561392024e-04
7376	3.309176155469329e-04	3.311311214825911e-04
8296	3.235579569085267e-04	3.235936569296281e-04
8395	3.159203423432899e-04	3.162277660168379e-04
8491	3.088549014664821e-04	3.090295432513592e-04
8643	3.014407681809494e-04	3.019951720402016e-04
8776	2.944621347362730e-04	2.951209226666387e-04
8845	2.883459524946064e-04	2.884031503126605e-04
8942	2.812058177322774e-04	2.818382931264455e-04
9131	2.752599374311604e-04	2.754228703338166e-04
9346	2.687503323718365e-04	2.691534803926917e-04
9474	2.627835459078076e-04	2.630267991895381e-04
9711	2.569575694395532e-04	2.570395782768865e-04
9930	2.511400474030090e-04	2.511886431509580e-04
10124	2.451437828577818e-04	2.454708915685031e-04
11297	2.397585136083569e-04	2.398832919019490e-04
11491	2.343910108806302e-04	2.344228815319923e-04
11684	2.289447767083175e-04	2.290867652767772e-04
11879	2.232967281043940e-04	2.238721138568340e-04
12075	2.187639747157633e-04	2.187761623949552e-04
12265	2.137839955361764e-04	2.137962089502232e-04
12609	2.089250756360794e-04	2.089296130854039e-04
12878	2.041578529465848e-04	2.041737944669530e-04
13190	1.995189870687142e-04	1.995262314968879e-04
13491	1.949691143230403e-04	1.949844599758046e-04
15229	1.902954264787482e-04	1.905460717963246e-04
15408	1.860992585246413e-04	1.862087136662868e-04
15822	1.819657931507734e-04	1.819700858609983e-04
16327	1.778153810340077e-04	1.778279410038923e-04
16794	1.737450868657398e-04	1.737800828749376e-04
19365	1.698164090785381e-04	1.698243652461744e-04
20144	1.659517111910480e-04	1.659586907437562e-04
23771	1.621794359040196e-04	1.621810097358930e-04
29023	1.584850492950540e-04	1.584893192461114e-04
36278	1.548760873237853e-04	1.548816618912481e-04
47036	1.513555132323097e-04	1.513561248436209e-04
53583	1.459928644382824e-04	1.479108388168207e-04
54828	1.428578080122644e-04	1.445439770745928e-04
61167	1.364592617403293e-04	1.380384264602885e-04
78557	1.348956760822695e-04	1.348962882591653e-04
85560	1.313685297333889e-04	1.318256738556407e-04
121216	1.288237508696444e-04	1.288249551693134e-04
160685	1.258925361015129e-04	1.258925411794167e-04
191665	1.221017992849571e-04	1.230268770812381e-04
213763	1.199562953113631e-04	1.202264434617413e-04
344093	1.174897520437312e-04	1.174897554939529e-04
387288	1.143898295463686e-04	1.148153621496883e-04
600000	1.132799092145031e-04	1.148153621496883e-04
%
% index = 3259, name = bbob_f020_i11_d10__bbob_f020_i12_d10
% instance = 5, reference value = 9.999645066880860e-01
% function evaluation | indicator value | target hit
1	6.162325432074238e-01	6.165950018614822e-01
10	3.877113878976203e-01	3.890451449942806e-01
28	3.747382814590871e-01	3.801893963205612e-01
53	2.465045462528861e-01	2.511886431509580e-01
61	2.450062881055768e-01	2.454708915685030e-01
75	2.325627220494472e-01	2.344228815319922e-01
85	7.314731859823831e-02	7.413102413009177e-02
165	3.939303090981361e-02	3.981071705534973e-02
227	3.148281880432935e-02	3.162277660168379e-02
268	2.850284496533539e-02	2.884031503126606e-02
285	1.217640282740695e-02	1.230268770812382e-02
301	1.199533325503976e-02	1.202264434617413e-02
315	1.118346240546897e-02	1.122018454301964e-02
337	1.056381007848473e-02	1.071519305237606e-02
361	8.901896056954683e-03	8.912509381337459e-03
393	7.421892664187357e-03	7.585775750291836e-03
406	7.411165468818925e-03	7.413102413009177e-03
431	2.708535357697550e-03	2.754228703338166e-03
493	2.686148498149299e-03	2.691534803926917e-03
603	1.985765126251593e-03	1.995262314968879e-03
735	3.156258353107511e-04	3.162277660168379e-04
759	3.069100227628407e-04	3.090295432513592e-04
788	2.830740094059703e-04	2.884031503126605e-04
789	2.803024234303564e-04	2.818382931264455e-04
830	2.749661957830440e-04	2.754228703338166e-04
942	2.630562810373993e-04	2.691534803926917e-04
944	2.628824634679505e-04	2.630267991895381e-04
973	2.509094331057948e-04	2.511886431509580e-04
1056	2.379045621109244e-04	2.398832919019490e-04
1120	2.321684666963808e-04	2.344228815319923e-04
1140	2.250498302907022e-04	2.290867652767772e-04
1173	2.235496867899478e-04	2.238721138568340e-04
1481	2.187356708767130e-04	2.187761623949552e-04
1625	2.136741768266059e-04	2.137962089502232e-04
2053	2.089287312159183e-04	2.089296130854039e-04
2101	1.941810395800214e-04	1.949844599758046e-04
3413	1.895380318044371e-04	1.905460717963246e-04
6537	1.811866216711033e-04	1.819700858609983e-04
10115	1.770833531232752e-04	1.778279410038923e-04
10761	1.704305837441078e-04	1.737800828749376e-04
14730	1.691895621256378e-04	1.698243652461744e-04
22995	1.579628067455152e-04	1.584893192461114e-04
23969	1.524886478500020e-04	1.548816618912481e-04
27750	1.501865874573571e-04	1.513561248436209e-04
27866	1.407302693530177e-04	1.412537544622754e-04
45252	1.374802658833385e-04	1.380384264602885e-04
56137	1.346847121703743e-04	1.348962882591653e-04
151477	1.315685899176966e-04	1.318256738556407e-04
194711	1.284965111230107e-04	1.288249551693134e-04
600001	1.265460918459249e-04	1.288249551693134e-04
%
% index = 3260, name = bbob_f020_i13_d10__bbob_f020_i14_d10
% instance = 6, reference value = 9.993593684564600e-01
% function evaluation | indicator value | target hit
1	4.015161114333524e-01	4.073802778041127e-01
2	3.438888818459686e-01	3.467368504525316e-01
82	3.387497057251936e-01	3.388441561392025e-01
106	3.203190544764779e-01	3.235936569296283e-01
121	2.910031960261930e-01	2.951209226666385e-01
132	2.505809146507945e-01	2.511886431509580e-01
163	2.446817614460132e-01	2.454708915685030e-01
225	2.228176748025120e-01	2.238721138568339e-01
226	2.111345732942403e-01	2.137962089502232e-01
239	1.650985835071094e-01	1.659586907437560e-01
241	1.568915166102484e-01	1.584893192461113e-01
251	1.518797340797807e-01	1.548816618912481e-01
271	1.359498142405566e-01	1.380384264602885e-01
303	1.326587174625787e-01	1.348962882591654e-01
315	1.300834304924828e-01	1.318256738556407e-01
318	8.660950139125034e-02	8.709635899560805e-02
319	7.382287461271642e-02	7.413102413009177e-02
323	5.996004477666250e-02	6.025595860743578e-02
324	5.310282247975939e-02	5.370317963702527e-02
330	5.144225118258527e-02	5.248074602497726e-02
339	4.453724525499447e-02	4.466835921509630e-02
345	4.111713774045722e-02	4.168693834703355e-02
348	3.835120647121493e-02	3.890451449942807e-02
365	3.648069258004449e-02	3.715352290971726e-02
379	2.902780049321019e-02	2.951209226666385e-02
381	2.481912166242772e-02	2.511886431509579e-02
416	2.451897730915242e-02	2.454708915685030e-02
419	2.325402106585295e-02	2.344228815319923e-02
433	2.253366777768318e-02	2.290867652767773e-02
452	2.167585166552410e-02	2.187761623949553e-02
455	1.983959760778409e-02	1.995262314968880e-02
463	1.908342235606131e-02	1.949844599758046e-02
476	1.836200362924145e-02	1.862087136662868e-02
501	1.815986408074866e-02	1.819700858609984e-02
507	1.680860409555407e-02	1.698243652461744e-02
523	1.653878280216292e-02	1.659586907437561e-02
533	1.620367791085187e-02	1.621810097358930e-02
548	1.457378917172913e-02	1.479108388168207e-02
564	1.359973659396740e-02	1.380384264602885e-02
583	1.311094360667453e-02	1.318256738556407e-02
591	1.282726713671722e-02	1.288249551693134e-02
598	1.216211105124421e-02	1.230268770812382e-02
606	1.145967559848649e-02	1.148153621496883e-02
613	1.116794791066278e-02	1.122018454301964e-02
630	1.090920690602160e-02	1.096478196143185e-02
653	1.065425125842678e-02	1.071519305237606e-02
659	1.022099894249295e-02	1.023292992280754e-02
679	9.966542718242488e-03	1.000000000000000e-02
682	8.625657255357244e-03	8.709635899560805e-03
684	8.347004705523964e-03	8.511380382023767e-03
690	8.224819276169137e-03	8.317637711026709e-03
733	8.111727899689058e-03	8.128305161640995e-03
768	5.863496351179331e-03	5.888436553555890e-03
792	5.662605001759746e-03	5.754399373371567e-03
795	5.616324298412856e-03	5.623413251903491e-03
804	5.353567869353926e-03	5.370317963702527e-03
822	5.233920078285270e-03	5.248074602497728e-03
856	5.126184319271032e-03	5.128613839913648e-03
864	4.830004771174790e-03	4.897788193684461e-03
877	4.736994729181543e-03	4.786300923226385e-03
884	4.666410857689485e-03	4.677351412871981e-03
892	4.515925148605993e-03	4.570881896148752e-03
906	4.462776065204510e-03	4.466835921509630e-03
924	3.957498080940813e-03	3.981071705534973e-03
931	3.715336441826089e-03	3.715352290971724e-03
940	3.616273951901450e-03	3.630780547701014e-03
945	3.499694962374900e-03	3.548133892335753e-03
973	3.434073941015137e-03	3.467368504525317e-03
975	3.384846728237467e-03	3.388441561392024e-03
997	3.079252156464984e-03	3.090295432513592e-03
1010	2.916091367664575e-03	2.951209226666387e-03
1028	2.864666379632896e-03	2.884031503126605e-03
1041	2.809742839540386e-03	2.818382931264455e-03
1052	2.734317827833288e-03	2.754228703338166e-03
1064	1.925491555403003e-03	1.949844599758046e-03
1066	1.887571021235712e-03	1.905460717963246e-03
1100	1.801742185453814e-03	1.819700858609983e-03
1105	1.660834077694240e-03	1.698243652461744e-03
1108	1.652908928596930e-03	1.659586907437561e-03
1127	1.606844093990145e-03	1.621810097358930e-03
1140	1.403647102672156e-03	1.412537544622754e-03
1175	1.377548787260596e-03	1.380384264602885e-03
1176	1.342117681792376e-03	1.348962882591653e-03
1189	1.313030033767926e-03	1.318256738556408e-03
1331	1.286928659177677e-03	1.288249551693134e-03
1354	1.258230074787203e-03	1.258925411794167e-03
1362	1.222484684325065e-03	1.230268770812381e-03
1374	1.117483749622505e-03	1.122018454301963e-03
1398	1.096013513251948e-03	1.096478196143185e-03
1403	1.062582697831660e-03	1.071519305237606e-03
1407	1.018163777698922e-03	1.023292992280754e-03
1415	9.918133828564768e-04	1.000000000000000e-03
1425	9.616460322861009e-04	9.772372209558111e-04
1448	9.540942052450596e-04	9.549925860214359e-04
1452	9.135487491508387e-04	9.332543007969915e-04
1456	9.025364551681347e-04	9.120108393559096e-04
1461	8.763340122582841e-04	8.912509381337459e-04
1472	8.705701061336724e-04	8.709635899560805e-04
1544	8.469297487483374e-04	8.511380382023768e-04
1586	8.272163667127908e-04	8.317637711026709e-04
1595	8.100997476954142e-04	8.128305161640995e-04
1608	7.397391542782739e-04	7.413102413009177e-04
1642	6.771308757798078e-04	6.918309709189362e-04
1649	6.673155344665282e-04	6.760829753919819e-04
1684	6.573599549370979e-04	6.606934480075957e-04
1701	6.415954890194309e-04	6.456542290346556e-04
1922	6.253506268205644e-04	6.309573444801930e-04
1926	6.113361937506445e-04	6.165950018614823e-04
1936	5.958970061697988e-04	6.025595860743575e-04
1944	5.661061582752369e-04	5.754399373371566e-04
1955	5.574935556545979e-04	5.623413251903491e-04
1958	5.487899968212862e-04	5.495408738576248e-04
1967	5.353033354307257e-04	5.370317963702527e-04
1971	5.240952886359507e-04	5.248074602497728e-04
1987	5.012641356720859e-04	5.128613839913648e-04
1988	5.010016425257557e-04	5.011872336272725e-04
2008	4.881890557915103e-04	4.897788193684461e-04
2042	4.459660959588163e-04	4.466835921509630e-04
2047	4.358940303701431e-04	4.365158322401661e-04
2076	4.263578332991402e-04	4.265795188015926e-04
2110	4.168670523546636e-04	4.168693834703355e-04
2122	3.988305671149828e-04	4.073802778041126e-04
2125	3.957518670771876e-04	3.981071705534974e-04
2181	3.861770109524487e-04	3.890451449942805e-04
2216	3.788942779168192e-04	3.801893963205612e-04
2242	3.710313848493962e-04	3.715352290971724e-04
2255	3.629794020477695e-04	3.630780547701014e-04
2308	3.547922599637099e-04	3.548133892335753e-04
2325	3.389471284952483e-04	3.467368504525317e-04
2326	3.363722403788572e-04	3.388441561392024e-04
2350	3.288248926668347e-04	3.311311214825911e-04
2406	3.220137706907433e-04	3.235936569296281e-04
2422	3.119509879285776e-04	3.162277660168379e-04
2431	3.086249421689891e-04	3.090295432513592e-04
2450	3.016598665759318e-04	3.019951720402016e-04
2485	2.941482989797795e-04	2.951209226666387e-04
2498	2.881804084106099e-04	2.884031503126605e-04
2504	2.795843359909567e-04	2.818382931264455e-04
2766	2.744279443341879e-04	2.754228703338166e-04
2779	2.667275153774851e-04	2.691534803926917e-04
2793	2.625267279037224e-04	2.630267991895381e-04
2808	2.569644795117343e-04	2.570395782768865e-04
2836	2.473439756406348e-04	2.511886431509580e-04
2846	2.450810627865341e-04	2.454708915685031e-04
2877	2.330835766115591e-04	2.344228815319923e-04
2884	2.277871276454846e-04	2.290867652767772e-04
2908	2.236871904589544e-04	2.238721138568340e-04
2978	2.183363072160160e-04	2.187761623949552e-04
3059	2.135224460341201e-04	2.137962089502232e-04
3094	2.065287592118992e-04	2.089296130854039e-04
3104	2.033429134438158e-04	2.041737944669530e-04
3116	1.992267767244593e-04	1.995262314968879e-04
3128	1.949791458414341e-04	1.949844599758046e-04
3528	1.899464205146195e-04	1.905460717963246e-04
3551	1.859869596704256e-04	1.862087136662868e-04
3558	1.818561543134312e-04	1.819700858609983e-04
3604	1.778188572180150e-04	1.778279410038923e-04
3648	1.735668674693880e-04	1.737800828749376e-04
3666	1.672712905834706e-04	1.698243652461744e-04
3678	1.657880724866834e-04	1.659586907437562e-04
3740	1.618726616775534e-04	1.621810097358930e-04
3800	1.584710010569257e-04	1.584893192461114e-04
3845	1.547652192555038e-04	1.548816618912481e-04
3884	1.512572791845246e-04	1.513561248436209e-04
3929	1.478408379005369e-04	1.479108388168207e-04
3980	1.445173593164206e-04	1.445439770745928e-04
4068	1.411711024401630e-04	1.412537544622754e-04
4637	1.380154469212691e-04	1.380384264602885e-04
4706	1.348767967483955e-04	1.348962882591653e-04
4743	1.318147223132726e-04	1.318256738556407e-04
4794	1.285624583234890e-04	1.288249551693134e-04
4939	1.258755467333783e-04	1.258925411794167e-04
5727	1.230191301829775e-04	1.230268770812381e-04
5904	1.199120889897598e-04	1.202264434617413e-04
6036	1.174621218085203e-04	1.174897554939529e-04
7052	1.147869745707908e-04	1.148153621496883e-04
7315	1.122007462734942e-04	1.122018454301963e-04
7328	1.087447081618009e-04	1.096478196143185e-04
7543	1.068277094423697e-04	1.071519305237606e-04
8853	1.032436460413066e-04	1.047128548050900e-04
8986	1.023230488613747e-04	1.023292992280754e-04
11081	9.998020368784388e-05	1.000000000000000e-04
11772	9.767669611204788e-05	9.772372209558111e-05
14758	9.549064407465835e-05	9.549925860214369e-05
19311	9.331727932704315e-05	9.332543007969905e-05
20915	8.982685561564896e-05	9.120108393559096e-05
25979	8.912487439749484e-05	8.912509381337459e-05
35524	8.709307110543740e-05	8.709635899560814e-05
40905	8.511122061538590e-05	8.511380382023759e-05
53727	8.294699862398947e-05	8.317637711026709e-05
66561	8.051769572936518e-05	8.128305161640995e-05
91613	7.943113999020479e-05	7.943282347242822e-05
108331	7.695494410253634e-05	7.762471166286911e-05
135975	7.585767621531847e-05	7.585775750291836e-05
180174	7.258521167652354e-05	7.413102413009176e-05
180961	7.235954630291364e-05	7.244359600749906e-05
192688	7.067791260162437e-05	7.079457843841373e-05
236831	6.918271581157764e-05	6.918309709189363e-05
287549	6.760815980588752e-05	6.760829753919819e-05
343719	6.600732228290163e-05	6.606934480075965e-05
353670	6.439109391953579e-05	6.456542290346549e-05
409583	6.309569237239465e-05	6.309573444801929e-05
536618	6.124095276838215e-05	6.165950018614822e-05
600000	6.094600554107377e-05	6.165950018614822e-05
%
% index = 3261, name = bbob_f020_i15_d10__bbob_f020_i16_d10
% instance = 7, reference value = 9.910738605173230e-01
% function evaluation | indicator value | target hit
1	1.742949719105057e-01	1.778279410038923e-01
29	1.351587221939630e-01	1.380384264602885e-01
39	9.796588822782071e-02	1.000000000000000e-01
50	9.565392703986419e-02	9.772372209558107e-02
51	9.376526306862065e-02	9.549925860214359e-02
70	9.331673791130757e-02	9.332543007969910e-02
176	9.115519613648548e-02	9.120108393559097e-02
180	8.646542644765298e-02	8.709635899560805e-02
262	8.450476770923698e-02	8.511380382023763e-02
294	8.260039336961211e-02	8.317637711026708e-02
313	6.993223006402571e-02	7.079457843841380e-02
364	6.026351480796333e-02	6.165950018614822e-02
376	6.025245932041723e-02	6.025595860743578e-02
381	5.538201686691280e-02	5.623413251903491e-02
387	4.284303959061186e-02	4.365158322401658e-02
391	2.774045587997753e-02	2.818382931264454e-02
401	2.700290861994947e-02	2.754228703338166e-02
408	2.689794271551949e-02	2.691534803926915e-02
430	2.429399878962724e-02	2.454708915685030e-02
432	2.384956411247563e-02	2.398832919019490e-02
455	2.321299244054076e-02	2.344228815319923e-02
471	1.331498771141360e-02	1.348962882591653e-02
486	1.313722061282707e-02	1.318256738556407e-02
518	1.259009254471566e-02	1.288249551693134e-02
520	1.216628180722357e-02	1.230268770812382e-02
522	1.191697386310908e-02	1.202264434617413e-02
537	1.157383488194330e-02	1.174897554939530e-02
544	9.667931913021732e-03	9.772372209558112e-03
547	9.216538901179572e-03	9.332543007969915e-03
548	9.056252924288022e-03	9.120108393559097e-03
558	8.764418308750521e-03	8.912509381337459e-03
563	8.212919852463196e-03	8.317637711026709e-03
583	7.929253481775644e-03	7.943282347242814e-03
591	7.741042333843096e-03	7.762471166286920e-03
596	7.518109149769026e-03	7.585775750291836e-03
605	7.344944564099287e-03	7.413102413009177e-03
612	7.156792518892341e-03	7.244359600749898e-03
631	7.058726356681033e-03	7.079457843841380e-03
640	6.860066347583182e-03	6.918309709189363e-03
647	6.744786849942508e-03	6.760829753919818e-03
657	6.509663612549788e-03	6.606934480075957e-03
660	6.347327542046921e-03	6.456542290346556e-03
662	6.282208814207491e-03	6.309573444801930e-03
672	6.140309876857875e-03	6.165950018614822e-03
758	5.973199987448385e-03	6.025595860743574e-03
785	5.883727003640926e-03	5.888436553555890e-03
921	5.709182943551605e-03	5.754399373371567e-03
922	5.607804377786407e-03	5.623413251903491e-03
948	5.490608806841379e-03	5.495408738576248e-03
991	5.319314986525714e-03	5.370317963702527e-03
1000	4.969766470141468e-03	5.011872336272725e-03
1004	4.678134812847734e-03	4.786300923226385e-03
1009	4.675290615378080e-03	4.677351412871981e-03
1014	4.468039224028608e-03	4.570881896148752e-03
1015	4.458847385996556e-03	4.466835921509630e-03
1024	4.099410366787071e-03	4.168693834703355e-03
1033	4.055757067367161e-03	4.073802778041126e-03
1043	3.680164055289925e-03	3.715352290971724e-03
1054	3.611360457231760e-03	3.630780547701014e-03
1087	3.545243224524319e-03	3.548133892335753e-03
1110	3.458034985941327e-03	3.467368504525317e-03
1358	3.385220736541017e-03	3.388441561392024e-03
1369	3.218982052958230e-03	3.235936569296281e-03
1370	2.862031638690254e-03	2.884031503126605e-03
1376	2.799515154150667e-03	2.818382931264455e-03
1394	2.738707103247862e-03	2.754228703338166e-03
1429	2.670550917046932e-03	2.691534803926917e-03
1433	2.345485083202425e-03	2.398832919019490e-03
1435	2.344005435130359e-03	2.344228815319923e-03
1454	2.290832533623277e-03	2.290867652767772e-03
1470	2.238481930730840e-03	2.238721138568340e-03
1492	2.177365202251869e-03	2.187761623949552e-03
1521	2.124374272268414e-03	2.137962089502233e-03
1539	2.076456395928017e-03	2.089296130854039e-03
1559	2.040991328717379e-03	2.041737944669530e-03
1594	1.988691729877812e-03	1.995262314968879e-03
1638	1.945325836080425e-03	1.949844599758046e-03
1668	1.896776048194826e-03	1.905460717963246e-03
1678	1.745236027031138e-03	1.778279410038923e-03
1685	1.733848044323527e-03	1.737800828749376e-03
1706	1.683409745412368e-03	1.698243652461744e-03
2092	1.655044226313906e-03	1.659586907437561e-03
2109	1.621302911367195e-03	1.621810097358930e-03
2138	1.583596112578523e-03	1.584893192461114e-03
2178	1.548691719859163e-03	1.548816618912481e-03
2205	1.513486698593192e-03	1.513561248436209e-03
2253	1.471054189321030e-03	1.479108388168207e-03
2784	1.445295985953554e-03	1.445439770745928e-03
2836	1.411785991932701e-03	1.412537544622754e-03
2872	1.380339152014964e-03	1.380384264602885e-03
2913	1.348706786684417e-03	1.348962882591653e-03
2947	1.096256835946718e-03	1.096478196143185e-03
3665	1.070143817455294e-03	1.071519305237606e-03
3739	1.044916213745584e-03	1.047128548050900e-03
3844	1.022983162151436e-03	1.023292992280754e-03
3924	9.975586445349904e-04	1.000000000000000e-03
4015	9.771800604246872e-04	9.772372209558111e-04
4967	6.909881331733647e-04	6.918309709189362e-04
5019	6.758024820399111e-04	6.760829753919819e-04
5083	6.530120174235154e-04	6.606934480075957e-04
5149	6.426625353636028e-04	6.456542290346556e-04
5211	6.309133574262660e-04	6.309573444801930e-04
5328	6.128131057455688e-04	6.165950018614823e-04
5392	5.714698703924714e-04	5.754399373371566e-04
5480	5.578137740032130e-04	5.623413251903491e-04
6738	5.133766483418345e-04	5.248074602497728e-04
6742	5.123699147484562e-04	5.128613839913648e-04
6812	5.011203115149465e-04	5.011872336272725e-04
6918	4.896716494656728e-04	4.897788193684461e-04
7015	4.786245786609911e-04	4.786300923226385e-04
7210	4.674661990774487e-04	4.677351412871981e-04
7271	4.570411093237636e-04	4.570881896148752e-04
7358	4.033667784832939e-04	4.073802778041126e-04
7441	3.980884986363176e-04	3.981071705534974e-04
9292	3.853479642376145e-04	3.890451449942805e-04
9330	3.419618010976899e-04	3.467368504525317e-04
9384	3.386578608990387e-04	3.388441561392024e-04
9591	3.307809563477537e-04	3.311311214825911e-04
9642	3.227290391543125e-04	3.235936569296281e-04
9825	3.158739783942766e-04	3.162277660168379e-04
10079	3.089638012478968e-04	3.090295432513592e-04
10227	3.019200644158726e-04	3.019951720402016e-04
12796	2.950128375129868e-04	2.951209226666387e-04
12915	2.882894884378429e-04	2.884031503126605e-04
13203	2.816340153096730e-04	2.818382931264455e-04
13444	2.754094986410216e-04	2.754228703338166e-04
13697	2.691488930465225e-04	2.691534803926917e-04
13930	2.621553822163003e-04	2.630267991895381e-04
14030	2.567579064610692e-04	2.570395782768865e-04
14429	2.511756922450870e-04	2.511886431509580e-04
14710	2.454640452475010e-04	2.454708915685031e-04
18023	2.398444015695445e-04	2.398832919019490e-04
18367	2.344067916728587e-04	2.344228815319923e-04
18797	2.290842481832422e-04	2.290867652767772e-04
19226	2.237764572392553e-04	2.238721138568340e-04
19649	2.187430151850966e-04	2.187761623949552e-04
24246	2.135946509636000e-04	2.137962089502232e-04
24837	2.089073092075289e-04	2.089296130854039e-04
25417	2.041568248630776e-04	2.041737944669530e-04
26140	1.995214983454563e-04	1.995262314968879e-04
32532	1.948244495684204e-04	1.949844599758046e-04
33184	1.663361344935721e-04	1.698243652461744e-04
33323	1.659569239182979e-04	1.659586907437562e-04
34022	1.618627553866547e-04	1.621810097358930e-04
35201	1.584306874101715e-04	1.584893192461114e-04
43746	1.548628263515761e-04	1.548816618912481e-04
44887	1.513430756060474e-04	1.513561248436209e-04
46628	1.479102117987185e-04	1.479108388168207e-04
49800	1.445379803075575e-04	1.445439770745928e-04
51985	1.352592971235467e-04	1.380384264602885e-04
52066	1.318870111128856e-04	1.348962882591653e-04
52131	1.317267126732524e-04	1.318256738556407e-04
55707	1.285712342498080e-04	1.288249551693134e-04
57089	1.204001137571353e-04	1.230268770812381e-04
57338	1.202086528167001e-04	1.202264434617413e-04
60874	1.174177820681965e-04	1.174897554939529e-04
61634	1.075028315609128e-04	1.096478196143185e-04
62383	1.071518810400462e-04	1.071519305237606e-04
70373	1.046963033840553e-04	1.047128548050900e-04
74955	1.022189938435503e-04	1.023292992280754e-04
80467	9.997739232781022e-05	1.000000000000000e-04
87254	9.729624231380463e-05	9.772372209558111e-05
94521	9.498487831438585e-05	9.549925860214369e-05
104868	9.332352592328341e-05	9.332543007969905e-05
122984	9.120026015185800e-05	9.120108393559096e-05
141536	8.896974854510908e-05	8.912509381337459e-05
180854	8.709592538291844e-05	8.709635899560814e-05
288215	8.509576536974706e-05	8.511380382023759e-05
600000	8.381830649772937e-05	8.511380382023759e-05
%
% index = 3262, name = bbob_f020_i17_d10__bbob_f020_i18_d10
% instance = 8, reference value = 9.928596396811370e-01
% function evaluation | indicator value | target hit
1	1.559688229223674e-01	1.584893192461113e-01
15	1.531794995578241e-01	1.548816618912481e-01
66	1.490998664704378e-01	1.513561248436208e-01
73	1.199493781878317e-01	1.202264434617413e-01
87	1.170998667547783e-01	1.174897554939529e-01
89	1.136891642596564e-01	1.148153621496883e-01
94	1.109494236992967e-01	1.122018454301964e-01
128	1.091309314803901e-01	1.096478196143185e-01
140	1.049018064399723e-01	1.071519305237607e-01
148	1.040639166543502e-01	1.047128548050900e-01
189	1.001790215861539e-01	1.023292992280754e-01
206	9.802108365722284e-02	1.000000000000000e-01
208	9.771603342951285e-02	9.772372209558107e-02
228	9.467415058985096e-02	9.549925860214359e-02
252	9.249434155237757e-02	9.332543007969910e-02
262	8.475627329435265e-02	8.511380382023763e-02
287	8.290188805481213e-02	8.317637711026708e-02
294	7.543686731355714e-02	7.585775750291836e-02
305	7.331442686989742e-02	7.413102413009177e-02
315	7.093618941976176e-02	7.244359600749903e-02
323	7.058784658524353e-02	7.079457843841380e-02
358	6.668949671814184e-02	6.760829753919818e-02
386	6.184854362300163e-02	6.309573444801933e-02
404	6.147252628336586e-02	6.165950018614822e-02
477	5.780205736339739e-02	5.888436553555890e-02
534	5.660444300684964e-02	5.754399373371569e-02
546	5.390759028997771e-02	5.495408738576246e-02
550	5.044365198857315e-02	5.128613839913648e-02
597	4.613932220082995e-02	4.677351412871981e-02
615	4.485016762821359e-02	4.570881896148749e-02
630	4.423467548560134e-02	4.466835921509630e-02
664	3.994256144931951e-02	4.073802778041128e-02
668	3.979564482201925e-02	3.981071705534973e-02
730	3.886635472337430e-02	3.890451449942807e-02
733	3.799760373266992e-02	3.801893963205612e-02
760	3.670301407760890e-02	3.715352290971726e-02
830	3.583403879424163e-02	3.630780547701014e-02
832	2.554415954433309e-02	2.570395782768863e-02
833	2.236428848783922e-02	2.238721138568340e-02
851	2.122826026061231e-02	2.137962089502233e-02
861	1.890425784782812e-02	1.905460717963247e-02
873	1.580144883772083e-02	1.584893192461113e-02
899	1.496526101816154e-02	1.513561248436208e-02
937	1.455257032960156e-02	1.479108388168207e-02
942	1.428912836658180e-02	1.445439770745927e-02
961	1.375131450391298e-02	1.380384264602885e-02
979	1.317793475729245e-02	1.318256738556407e-02
1016	1.285412018989074e-02	1.288249551693134e-02
1040	1.246755027797242e-02	1.258925411794167e-02
1044	1.229031179715823e-02	1.230268770812382e-02
1052	1.191777223938606e-02	1.202264434617413e-02
1086	1.091338910082218e-02	1.096478196143185e-02
1130	1.021081512495725e-02	1.023292992280754e-02
1136	9.589001611953640e-03	9.772372209558112e-03
1142	9.449254616499925e-03	9.549925860214359e-03
1143	8.792285693804636e-03	8.912509381337459e-03
1155	8.559379244314269e-03	8.709635899560805e-03
1156	8.493100392588770e-03	8.511380382023767e-03
1174	8.313153216215508e-03	8.317637711026709e-03
1189	7.874739529908803e-03	7.943282347242814e-03
1198	7.723318098269316e-03	7.762471166286920e-03
1335	7.583643540621576e-03	7.585775750291836e-03
1379	7.215855463415966e-03	7.244359600749898e-03
1395	7.043513053450190e-03	7.079457843841380e-03
1436	6.843567388736815e-03	6.918309709189363e-03
1445	6.752011730867147e-03	6.760829753919818e-03
1457	5.007537957309349e-03	5.011872336272725e-03
1728	4.893693949087785e-03	4.897788193684461e-03
1761	4.776596457910953e-03	4.786300923226385e-03
1789	4.609270143571154e-03	4.677351412871981e-03
1821	4.543022187926571e-03	4.570881896148752e-03
1843	4.456994454147378e-03	4.466835921509630e-03
1922	4.354061256582220e-03	4.365158322401661e-03
2220	4.221679295511982e-03	4.265795188015926e-03
2254	2.642407237183231e-03	2.691534803926917e-03
2265	2.627551507624393e-03	2.630267991895381e-03
2295	1.288205624042305e-03	1.288249551693134e-03
2303	1.255813827952257e-03	1.258925411794167e-03
2313	1.218856583530825e-03	1.230268770812381e-03
2335	1.179264032598715e-03	1.202264434617413e-03
2344	1.172149884596241e-03	1.174897554939529e-03
2371	1.147732949502656e-03	1.148153621496883e-03
2828	1.119355854733550e-03	1.122018454301963e-03
2871	1.091217254405308e-03	1.096478196143185e-03
2926	1.066151387102310e-03	1.071519305237606e-03
2956	1.043723458218015e-03	1.047128548050900e-03
2990	1.020324673631223e-03	1.023292992280754e-03
3591	9.999146224273225e-04	1.000000000000000e-03
3607	9.751195814584612e-04	9.772372209558111e-04
3665	7.860110140212040e-04	7.943282347242813e-04
3693	7.744411880905577e-04	7.762471166286919e-04
3711	7.582579325553507e-04	7.585775750291835e-04
3752	5.933296662662402e-04	6.025595860743575e-04
3776	5.798792559920107e-04	5.888436553555889e-04
3784	5.750413409322253e-04	5.754399373371566e-04
3824	5.612752694892365e-04	5.623413251903491e-04
3906	5.491102479109333e-04	5.495408738576248e-04
3945	5.360066712729594e-04	5.370317963702527e-04
4360	4.476897007160696e-04	4.570881896148752e-04
4801	4.466242405803955e-04	4.466835921509630e-04
4838	4.304813543359876e-04	4.365158322401661e-04
4863	4.255724117662174e-04	4.265795188015926e-04
4904	4.167081741330847e-04	4.168693834703355e-04
4952	4.047048294588684e-04	4.073802778041126e-04
5001	3.947216216434457e-04	3.981071705534974e-04
5033	3.878702150547086e-04	3.890451449942805e-04
5060	3.786637314751040e-04	3.801893963205612e-04
5156	3.682827328765903e-04	3.715352290971724e-04
5168	3.620306930817163e-04	3.630780547701014e-04
5229	3.538784961455432e-04	3.548133892335753e-04
5326	3.466886042764461e-04	3.467368504525317e-04
6621	3.385002042888274e-04	3.388441561392024e-04
6738	3.302589097792241e-04	3.311311214825911e-04
6821	3.234921458626916e-04	3.235936569296281e-04
6969	3.160840447521407e-04	3.162277660168379e-04
7011	3.081793978274572e-04	3.090295432513592e-04
7102	3.019868932470082e-04	3.019951720402016e-04
7192	2.944482797139214e-04	2.951209226666387e-04
8913	2.878011428175675e-04	2.884031503126605e-04
9029	2.818156402710770e-04	2.818382931264455e-04
9242	2.748075263370175e-04	2.754228703338166e-04
9411	2.690273385861364e-04	2.691534803926917e-04
11261	2.630127901314117e-04	2.630267991895381e-04
12217	2.569340289564348e-04	2.570395782768865e-04
12441	2.511430700822270e-04	2.511886431509580e-04
12479	2.058352811858954e-04	2.089296130854039e-04
12524	2.040616455725175e-04	2.041737944669530e-04
12704	1.995259054405896e-04	1.995262314968879e-04
12994	1.949837267882781e-04	1.949844599758046e-04
16521	1.905010859228895e-04	1.905460717963246e-04
16793	1.861369312267103e-04	1.862087136662868e-04
17144	1.818859153984720e-04	1.819700858609983e-04
17557	1.776638151892440e-04	1.778279410038923e-04
22225	1.737451496101050e-04	1.737800828749376e-04
22449	1.692660701442250e-04	1.698243652461744e-04
22721	1.657615341238428e-04	1.659586907437562e-04
23159	1.621378510370253e-04	1.621810097358930e-04
23866	1.584888717816035e-04	1.584893192461114e-04
30420	1.548794266135189e-04	1.548816618912481e-04
30563	1.456360112860322e-04	1.479108388168207e-04
30682	1.442480811617575e-04	1.445439770745928e-04
31350	1.412516596392965e-04	1.412537544622754e-04
32180	1.380105154937805e-04	1.380384264602885e-04
32979	1.347654211314442e-04	1.348962882591653e-04
34502	1.317266257208072e-04	1.318256738556407e-04
35660	1.288223118689480e-04	1.288249551693134e-04
36776	1.258656179184969e-04	1.258925411794167e-04
37946	1.229800328460540e-04	1.230268770812381e-04
39310	1.201498257474842e-04	1.202264434617413e-04
40600	1.171140585428665e-04	1.174897554939529e-04
42990	1.146748786031715e-04	1.148153621496883e-04
46240	1.121761348215067e-04	1.122018454301963e-04
47496	1.096407401000032e-04	1.096478196143185e-04
48661	1.004393392787239e-04	1.023292992280754e-04
49467	9.990422220673700e-05	1.000000000000000e-04
55504	9.772367415239458e-05	9.772372209558111e-05
57823	9.549197418778910e-05	9.549925860214369e-05
60309	9.324516158815133e-05	9.332543007969905e-05
64564	9.099881701313262e-05	9.120108393559096e-05
65769	8.910726537736391e-05	8.912509381337459e-05
70232	8.708343400753993e-05	8.709635899560814e-05
74582	8.511050369863771e-05	8.511380382023759e-05
78549	8.316617979309271e-05	8.317637711026709e-05
84497	8.125886674303917e-05	8.128305161640995e-05
89113	7.943204621063682e-05	7.943282347242822e-05
100981	7.762294412183568e-05	7.762471166286911e-05
110075	7.570368400278138e-05	7.585775750291836e-05
122609	7.412899045278198e-05	7.413102413009176e-05
147757	7.238825028610396e-05	7.244359600749906e-05
197847	7.079457170666714e-05	7.079457843841373e-05
364246	6.918228828578510e-05	6.918309709189363e-05
600000	6.883515521172168e-05	6.918309709189363e-05
%
% index = 3263, name = bbob_f020_i19_d10__bbob_f020_i21_d10
% instance = 9, reference value = 9.999547258740650e-01
% function evaluation | indicator value | target hit
1	8.033661180744351e-01	8.128305161640993e-01
5	2.882713070570829e-01	2.884031503126606e-01
24	2.743892569323580e-01	2.754228703338166e-01
42	2.298740462179585e-01	2.344228815319922e-01
46	1.977513209874133e-01	1.995262314968880e-01
71	1.576026377066665e-01	1.584893192461113e-01
183	1.310854210101152e-01	1.318256738556407e-01
231	1.285201219796447e-01	1.288249551693134e-01
249	1.221777208327887e-01	1.230268770812381e-01
250	7.275485586294739e-02	7.413102413009177e-02
270	3.895275083522931e-02	3.981071705534973e-02
274	3.448791367803816e-02	3.467368504525317e-02
309	2.376684552489117e-02	2.398832919019490e-02
312	1.848829382767314e-02	1.862087136662868e-02
341	1.701630334250559e-02	1.737800828749375e-02
343	1.644732294300666e-02	1.659586907437561e-02
363	1.618837352385916e-02	1.621810097358930e-02
364	1.563875333858045e-02	1.584893192461113e-02
366	1.516275997327643e-02	1.548816618912481e-02
372	1.468565327688398e-02	1.479108388168207e-02
376	1.435391075340697e-02	1.445439770745927e-02
392	1.382615870584492e-02	1.412537544622754e-02
394	1.206047553924428e-02	1.230268770812382e-02
398	1.022343298192474e-02	1.023292992280754e-02
435	9.747932210897869e-03	9.772372209558112e-03
449	9.275459590956658e-03	9.332543007969915e-03
487	5.992671841344777e-03	6.025595860743574e-03
518	5.440279681766858e-03	5.495408738576248e-03
532	4.823409322614602e-03	4.897788193684461e-03
535	4.692361370577935e-03	4.786300923226385e-03
575	4.574321399425152e-03	4.677351412871981e-03
581	3.819575030364231e-03	3.890451449942805e-03
598	3.796430164930586e-03	3.801893963205613e-03
623	3.641605303660200e-03	3.715352290971724e-03
631	3.609854159008496e-03	3.630780547701014e-03
674	7.274821239584561e-04	7.413102413009177e-04
690	6.968776083332573e-04	7.079457843841380e-04
696	6.873873904909011e-04	6.918309709189362e-04
732	5.751450508333367e-04	5.754399373371566e-04
741	5.479488772591745e-04	5.495408738576248e-04
745	5.199102333292016e-04	5.248074602497728e-04
748	5.120514039462787e-04	5.128613839913648e-04
769	4.905633253503572e-04	5.011872336272725e-04
772	4.751050504450127e-04	4.786300923226385e-04
778	3.612290641842320e-04	3.630780547701014e-04
803	3.537996657770881e-04	3.548133892335753e-04
821	3.452569206980893e-04	3.467368504525317e-04
903	3.383974915173171e-04	3.388441561392024e-04
1005	3.310120932555893e-04	3.311311214825911e-04
1132	3.086984557539862e-04	3.090295432513592e-04
1492	3.019742839088790e-04	3.019951720402016e-04
1669	2.935032882178668e-04	2.951209226666387e-04
1864	2.883570807920011e-04	2.884031503126605e-04
2056	2.786437068570402e-04	2.818382931264455e-04
2135	2.745834507308365e-04	2.754228703338166e-04
2196	2.679023406165770e-04	2.691534803926917e-04
2641	2.624271393733002e-04	2.630267991895381e-04
3323	2.558407421847653e-04	2.570395782768865e-04
3837	2.511823659161472e-04	2.511886431509580e-04
3911	2.453676026916707e-04	2.454708915685031e-04
5252	2.332146525334533e-04	2.344228815319923e-04
8416	2.278430671232012e-04	2.290867652767772e-04
12190	2.192379000405253e-04	2.238721138568340e-04
12926	2.173684464777947e-04	2.187761623949552e-04
14337	2.133758955885634e-04	2.137962089502232e-04
18390	2.070034051858682e-04	2.089296130854039e-04
26693	2.007621521117331e-04	2.041737944669530e-04
27428	1.980161702678229e-04	1.995262314968879e-04
39107	1.932090163944133e-04	1.949844599758046e-04
48423	1.870074826860746e-04	1.905460717963246e-04
52403	1.848683709316790e-04	1.862087136662868e-04
62886	1.817085941083763e-04	1.819700858609983e-04
70205	1.752126256651110e-04	1.778279410038923e-04
71338	1.706920981141558e-04	1.737800828749376e-04
72184	1.681253449408171e-04	1.698243652461744e-04
78143	1.655621842976407e-04	1.659586907437562e-04
79316	1.611212311328769e-04	1.621810097358930e-04
81473	1.576800577681725e-04	1.584893192461114e-04
82000	1.539685906516430e-04	1.548816618912481e-04
90866	1.512997769396174e-04	1.513561248436209e-04
100149	1.476208538327972e-04	1.479108388168207e-04
121129	1.427405938091431e-04	1.445439770745928e-04
125207	1.403156490998869e-04	1.412537544622754e-04
141322	1.351268740793499e-04	1.380384264602885e-04
147015	1.347415528717422e-04	1.348962882591653e-04
160377	1.317839036182322e-04	1.318256738556407e-04
217303	1.254817072445791e-04	1.258925411794167e-04
267007	1.228741341940953e-04	1.230268770812381e-04
396551	1.199078863407532e-04	1.202264434617413e-04
485626	1.162570624582138e-04	1.174897554939529e-04
530624	1.147089671117429e-04	1.148153621496883e-04
532434	1.088648392642000e-04	1.096478196143185e-04
605481	1.072251200135987e-04	1.096478196143185e-04
%
% index = 3264, name = bbob_f020_i21_d10__bbob_f020_i22_d10
% instance = 10, reference value = 9.999403093903930e-01
% function evaluation | indicator value | target hit
1	3.090183890371651e+00	3.090295432513591e+00
3	1.218689022921247e+00	1.230268770812382e+00
77	1.110216386154318e+00	1.122018454301963e+00
171	4.591493462078090e-01	4.677351412871982e-01
194	4.497806032620822e-01	4.570881896148750e-01
285	4.238739363971099e-01	4.265795188015927e-01
291	4.164797274166400e-01	4.168693834703354e-01
294	4.062940007223769e-01	4.073802778041127e-01
329	3.194614323663330e-01	3.235936569296283e-01
331	2.104999870750968e-03	2.137962089502233e-03
465	1.959310299609718e-03	1.995262314968879e-03
497	1.844252433969906e-03	1.862087136662868e-03
529	1.761580894165116e-03	1.778279410038923e-03
548	1.727611283065200e-03	1.737800828749376e-03
568	1.693747760895592e-03	1.698243652461744e-03
660	1.623793179360566e-03	1.659586907437561e-03
669	1.620345222448139e-03	1.621810097358930e-03
720	1.537054628803158e-03	1.548816618912481e-03
791	1.509373443641771e-03	1.513561248436209e-03
894	1.479106341058189e-03	1.479108388168207e-03
905	1.426512496371046e-03	1.445439770745928e-03
906	1.328897436592591e-03	1.348962882591653e-03
927	1.304519767442391e-03	1.318256738556408e-03
974	1.272774533008225e-03	1.288249551693134e-03
994	1.209439458442430e-03	1.230268770812381e-03
1148	1.147455611643755e-03	1.148153621496883e-03
1177	1.087243507776003e-03	1.096478196143185e-03
1207	1.068679461386113e-03	1.071519305237606e-03
1373	1.033460343589865e-03	1.047128548050900e-03
1507	9.861451760296847e-04	1.000000000000000e-03
1516	9.711896486698235e-04	9.772372209558111e-04
1757	9.097512102436145e-04	9.120108393559096e-04
1855	8.897354387348289e-04	8.912509381337459e-04
1889	8.629277475384889e-04	8.709635899560805e-04
2236	8.454874086333275e-04	8.511380382023768e-04
2313	8.240276504694055e-04	8.317637711026709e-04
2552	7.497730510761524e-04	7.585775750291835e-04
3369	7.402112559954377e-04	7.413102413009177e-04
6068	7.171328610806604e-04	7.244359600749898e-04
9137	7.061812190927164e-04	7.079457843841380e-04
10807	6.880625664132944e-04	6.918309709189362e-04
12234	6.726479131012875e-04	6.760829753919819e-04
19939	6.412665180155486e-04	6.456542290346556e-04
20418	6.194276127523546e-04	6.309573444801930e-04
20425	5.845207204433489e-04	5.888436553555889e-04
21097	5.680223724671141e-04	5.754399373371566e-04
21579	5.618117582033566e-04	5.623413251903491e-04
22074	5.442971577628297e-04	5.495408738576248e-04
23043	5.304061136020000e-04	5.370317963702527e-04
23366	5.165240418611994e-04	5.248074602497728e-04
25849	5.128077653070440e-04	5.128613839913648e-04
63566	5.006567323377897e-04	5.011872336272725e-04
134452	4.893694443867114e-04	4.897788193684461e-04
356146	4.562420071039242e-04	4.570881896148752e-04
601241	4.542302126229192e-04	4.570881896148752e-04
%
% index = 3265, name = bbob_f020_i23_d10__bbob_f020_i24_d10
% instance = 11, reference value = 1.000000000000000e+00
% function evaluation | indicator value | target hit
1	1.518830221956421e-01	1.548816618912481e-01
49	1.473595428932387e-01	1.479108388168208e-01
58	1.391728045616092e-01	1.412537544622754e-01
117	1.136708956984557e-01	1.148153621496883e-01
122	1.069534547873222e-01	1.071519305237607e-01
136	7.483789685418984e-02	7.585775750291836e-02
149	7.060444141529854e-02	7.079457843841380e-02
160	6.675368948194804e-02	6.760829753919818e-02
164	6.371997455524614e-02	6.456542290346556e-02
172	5.344710842387568e-02	5.370317963702527e-02
210	5.242834852777223e-02	5.248074602497726e-02
243	5.117130726010988e-02	5.128613839913648e-02
307	5.009312328717519e-02	5.011872336272722e-02
354	4.865627083362878e-02	4.897788193684462e-02
361	4.667611231196123e-02	4.677351412871981e-02
387	4.183073885002209e-02	4.265795188015926e-02
396	4.165281769599671e-02	4.168693834703355e-02
599	4.059449191027809e-02	4.073802778041128e-02
638	3.957564890736465e-02	3.981071705534973e-02
639	3.644386720867798e-02	3.715352290971726e-02
641	3.622159821024185e-02	3.630780547701014e-02
667	3.478491989344012e-02	3.548133892335755e-02
679	3.467179286952327e-02	3.467368504525317e-02
752	3.300941419670966e-02	3.311311214825911e-02
800	3.232797780856622e-02	3.235936569296283e-02
921	3.157838765653731e-02	3.162277660168379e-02
997	2.997115857374155e-02	3.019951720402016e-02
1011	2.923684447481700e-02	2.951209226666385e-02
1063	2.833117885116154e-02	2.884031503126606e-02
1089	2.693565129403208e-02	2.754228703338166e-02
1122	2.685858583684064e-02	2.691534803926915e-02
1214	2.065310534154885e-02	2.089296130854040e-02
1257	2.035131046341809e-02	2.041737944669529e-02
1366	1.979653857524033e-02	1.995262314968880e-02
1397	1.945468107333248e-02	1.949844599758046e-02
1451	1.897784465070551e-02	1.905460717963247e-02
1502	1.807278024401726e-02	1.819700858609984e-02
1780	1.768105160806988e-02	1.778279410038923e-02
1840	1.737376034325100e-02	1.737800828749375e-02
1891	1.667678109268667e-02	1.698243652461744e-02
1892	1.594937693701903e-02	1.621810097358930e-02
1947	1.584842705851719e-02	1.584893192461113e-02
2076	1.493954531279107e-02	1.513561248436208e-02
2137	1.479093374590246e-02	1.479108388168207e-02
2506	1.427720162543933e-02	1.445439770745927e-02
2527	1.379126526789909e-02	1.380384264602885e-02
3062	1.299014346901506e-02	1.318256738556407e-02
3196	1.288195125808023e-02	1.288249551693134e-02
4178	1.258913134040118e-02	1.258925411794167e-02
4596	1.230047001691559e-02	1.230268770812382e-02
5995	1.198519623970118e-02	1.202264434617413e-02
10765	1.174879880959012e-02	1.174897554939530e-02
42605	1.148153417113762e-02	1.148153621496883e-02
600001	1.142910243107620e-02	1.148153621496883e-02
%
% index = 3266, name = bbob_f020_i25_d10__bbob_f020_i26_d10
% instance = 12, reference value = 1.000000000000000e+00
% function evaluation | indicator value | target hit
1	5.041910286377231e+00	5.128613839913648e+00
124	4.762475574159191e+00	4.786300923226384e+00
208	9.945465995651628e-01	1.000000000000000e+00
239	9.543524109993861e-01	9.549925860214360e-01
284	8.846189054474574e-01	8.912509381337456e-01
407	6.721184947163784e-01	6.760829753919817e-01
420	6.072558498306160e-01	6.165950018614822e-01
427	4.928296729740939e-01	5.011872336272722e-01
474	4.682995687558291e-01	4.786300923226383e-01
477	3.534190643582400e-01	3.548133892335755e-01
483	3.315991819526565e-01	3.388441561392025e-01
511	3.003323928952922e-01	3.019951720402016e-01
521	1.468839061398391e-01	1.479108388168208e-01
530	5.280339714874271e-02	5.370317963702527e-02
542	8.022905230808619e-03	8.128305161640995e-03
557	7.826219006078272e-03	7.943282347242814e-03
576	6.662764913606511e-03	6.760829753919818e-03
615	2.802075726243469e-03	2.818382931264455e-03
635	2.738788603074527e-03	2.754228703338166e-03
723	2.667749092578386e-03	2.691534803926917e-03
728	2.597834764591633e-03	2.630267991895381e-03
768	2.520842125744771e-03	2.570395782768865e-03
773	2.504603761325774e-03	2.511886431509579e-03
780	2.442122646257205e-03	2.454708915685031e-03
799	2.350698694600473e-03	2.398832919019490e-03
820	2.342148109724662e-03	2.344228815319923e-03
824	2.262619214478678e-03	2.290867652767772e-03
969	2.184938199778386e-03	2.187761623949552e-03
987	2.129827653559291e-03	2.137962089502233e-03
990	2.028514429396111e-03	2.041737944669530e-03
1041	1.839059158200373e-03	1.862087136662868e-03
1047	1.744894616211079e-03	1.778279410038923e-03
1152	1.735991875062681e-03	1.737800828749376e-03
1170	1.669148168278012e-03	1.698243652461744e-03
1207	1.550527488878184e-03	1.584893192461114e-03
1222	1.521267801247617e-03	1.548816618912481e-03
1235	1.412368201678116e-03	1.412537544622754e-03
1305	1.266942784587832e-03	1.288249551693134e-03
1336	1.254181302027924e-03	1.258925411794167e-03
1408	1.162385904292962e-03	1.174897554939529e-03
1436	1.134394867754240e-03	1.148153621496883e-03
1555	1.112257575556219e-03	1.122018454301963e-03
1684	1.087450452759264e-03	1.096478196143185e-03
1701	1.049597734818830e-03	1.071519305237606e-03
1727	9.433698722071115e-04	9.549925860214359e-04
2057	9.265660330217695e-04	9.332543007969915e-04
2674	9.102452711393649e-04	9.120108393559096e-04
3186	8.901351051797679e-04	8.912509381337459e-04
4278	8.706146556196614e-04	8.709635899560805e-04
5179	8.485483725890752e-04	8.511380382023768e-04
6154	8.296132028099423e-04	8.317637711026709e-04
12889	8.010416095242112e-04	8.128305161640995e-04
16701	7.877508058854454e-04	7.943282347242813e-04
22907	7.647057553704650e-04	7.762471166286919e-04
22931	7.504322973688193e-04	7.585775750291835e-04
158293	7.390194912125780e-04	7.413102413009177e-04
261858	7.239168547660269e-04	7.244359600749898e-04
310528	7.074164986665687e-04	7.079457843841380e-04
600575	6.988677569615964e-04	7.079457843841380e-04
%
% index = 3267, name = bbob_f020_i27_d10__bbob_f020_i28_d10
% instance = 13, reference value = 1.000000000000000e+00
% function evaluation | indicator value | target hit
1	3.719108907212451e-01	3.801893963205612e-01
48	3.713138267736878e-01	3.715352290971726e-01
81	3.521619570883829e-01	3.548133892335755e-01
85	3.431895384998391e-01	3.467368504525316e-01
88	3.298102012163705e-01	3.311311214825911e-01
93	3.154589764263153e-01	3.162277660168379e-01
121	2.915690639238391e-01	2.951209226666385e-01
135	1.517975152132780e-01	1.548816618912481e-01
242	1.351937428009682e-01	1.380384264602885e-01
243	1.173372369579802e-01	1.174897554939529e-01
255	8.841564265327584e-02	8.912509381337455e-02
271	8.151179187846425e-02	8.317637711026708e-02
276	6.578039949587067e-02	6.606934480075961e-02
323	5.697146130381436e-02	5.754399373371569e-02
341	5.553617645594244e-02	5.623413251903491e-02
360	4.653887509833754e-02	4.677351412871981e-02
362	4.489085214402611e-02	4.570881896148749e-02
374	3.327642436309641e-02	3.388441561392026e-02
391	3.152652751076002e-02	3.162277660168379e-02
428	3.051574221576603e-02	3.090295432513590e-02
451	2.823189296414230e-02	2.884031503126606e-02
464	2.736199998045463e-02	2.754228703338166e-02
465	1.923476980299155e-02	1.949844599758046e-02
471	1.899606885670191e-02	1.905460717963247e-02
473	1.365066407982518e-02	1.380384264602885e-02
492	1.347163955112496e-02	1.348962882591653e-02
523	5.787242537899751e-03	5.888436553555890e-03
528	5.750926276318902e-03	5.754399373371567e-03
544	5.599925106927639e-03	5.623413251903491e-03
560	5.478963623986144e-03	5.495408738576248e-03
567	5.220646355884040e-03	5.248074602497728e-03
603	5.122613171400614e-03	5.128613839913648e-03
619	4.745510150161336e-03	4.786300923226385e-03
621	4.191682775148919e-03	4.265795188015926e-03
629	3.620258452522451e-03	3.630780547701014e-03
655	3.543678838427100e-03	3.548133892335753e-03
670	3.445489372348898e-03	3.467368504525317e-03
694	3.382035522195181e-03	3.388441561392024e-03
705	2.524959845395691e-03	2.570395782768865e-03
729	2.510407394844205e-03	2.511886431509579e-03
747	2.152129620628274e-03	2.187761623949552e-03
758	1.989769489272319e-03	1.995262314968879e-03
781	1.938543626401668e-03	1.949844599758046e-03
793	1.894337292489889e-03	1.905460717963246e-03
984	1.859582408243021e-03	1.862087136662868e-03
1030	1.817603779469379e-03	1.819700858609983e-03
1367	1.777803164573211e-03	1.778279410038923e-03
1379	1.570697417365596e-03	1.584893192461114e-03
1440	1.547680296256071e-03	1.548816618912481e-03
1522	1.429837291947234e-03	1.445439770745928e-03
1852	1.412242667308550e-03	1.412537544622754e-03
2031	1.380328836165567e-03	1.380384264602885e-03
2723	1.348878901833994e-03	1.348962882591653e-03
3802	1.318121074412537e-03	1.318256738556408e-03
5779	1.287987568396654e-03	1.288249551693134e-03
7813	1.258911434659837e-03	1.258925411794167e-03
10599	1.229994525835165e-03	1.230268770812381e-03
16232	1.202242037031342e-03	1.202264434617413e-03
20388	1.174831627703155e-03	1.174897554939529e-03
30928	1.148121195094776e-03	1.148153621496883e-03
39563	1.121806276584314e-03	1.122018454301963e-03
54919	1.095556967937394e-03	1.096478196143185e-03
79273	1.071518774852231e-03	1.071519305237606e-03
600000	1.057632083485416e-03	1.071519305237606e-03
%
% index = 3268, name = bbob_f020_i29_d10__bbob_f020_i30_d10
% instance = 14, reference value = 1.000000000000000e+00
% function evaluation | indicator value | target hit
1	1.771943397770485e-01	1.778279410038923e-01
2	1.390684380345574e-01	1.412537544622754e-01
5	1.277260422324418e-01	1.288249551693134e-01
24	1.254607641189553e-01	1.258925411794167e-01
25	1.175083780705918e-01	1.202264434617413e-01
26	1.170753328173058e-01	1.174897554939529e-01
100	1.048734734540208e-01	1.071519305237607e-01
107	8.377503690326771e-02	8.511380382023763e-02
131	8.149257989558789e-02	8.317637711026708e-02
144	8.100897651703809e-02	8.128305161640990e-02
149	7.854877826537754e-02	7.943282347242814e-02
152	7.346374723150939e-02	7.413102413009177e-02
223	7.168810097180378e-02	7.244359600749903e-02
257	7.010699916664276e-02	7.079457843841380e-02
296	6.569279356805291e-02	6.606934480075961e-02
305	6.442261503459179e-02	6.456542290346556e-02
367	5.663142500307616e-02	5.754399373371569e-02
382	5.612835478098022e-02	5.623413251903491e-02
397	5.453682239239899e-02	5.495408738576246e-02
405	5.173025531005293e-02	5.248074602497726e-02
431	5.128400207711981e-02	5.128613839913648e-02
440	4.978727357758761e-02	5.011872336272722e-02
451	4.829155168633525e-02	4.897788193684462e-02
454	4.544045527690177e-02	4.570881896148749e-02
494	4.434740970629358e-02	4.466835921509630e-02
503	4.283607932228484e-02	4.365158322401658e-02
512	4.242766839030399e-02	4.265795188015926e-02
539	4.165541825657981e-02	4.168693834703355e-02
554	4.009522722125691e-02	4.073802778041128e-02
725	3.980201144937057e-02	3.981071705534973e-02
757	3.351584456136425e-02	3.388441561392026e-02
789	3.310478546520390e-02	3.311311214825911e-02
820	3.202834092784990e-02	3.235936569296283e-02
829	3.120965373727846e-02	3.162277660168379e-02
836	3.025426162871059e-02	3.090295432513590e-02
837	3.016036181222603e-02	3.019951720402016e-02
890	2.880288298381550e-02	2.884031503126606e-02
1152	2.712452594650017e-02	2.754228703338166e-02
1163	2.682394550098166e-02	2.691534803926915e-02
1167	2.558556317710425e-02	2.570395782768863e-02
1239	2.435058007677571e-02	2.454708915685030e-02
1270	2.377746507416778e-02	2.398832919019490e-02
1570	2.344021263073703e-02	2.344228815319923e-02
1745	2.290397187232074e-02	2.290867652767773e-02
1799	2.238137984995925e-02	2.238721138568340e-02
1901	2.180577341916645e-02	2.187761623949553e-02
1910	2.119750138942122e-02	2.137962089502233e-02
2481	2.089133977994595e-02	2.089296130854040e-02
3349	1.988619929780255e-02	1.995262314968880e-02
4621	1.948758629345460e-02	1.949844599758046e-02
4887	1.895232752842635e-02	1.905460717963247e-02
6279	1.850178008865089e-02	1.862087136662868e-02
6377	1.805253654128403e-02	1.819700858609984e-02
6404	1.718305872852144e-02	1.737800828749375e-02
6511	1.680883755555496e-02	1.698243652461744e-02
8378	1.644718135577206e-02	1.659586907437561e-02
8724	1.621606939718001e-02	1.621810097358930e-02
16037	1.582744193954599e-02	1.584893192461113e-02
600000	1.554120585627783e-02	1.584893192461113e-02
%
% index = 3269, name = bbob_f020_i31_d10__bbob_f020_i34_d10
% instance = 15, reference value = 1.000000000000000e+00
% function evaluation | indicator value | target hit
1	1.662505873490485e-01	1.698243652461744e-01
84	1.646889544055882e-01	1.659586907437560e-01
94	1.384204373466220e-01	1.412537544622754e-01
156	1.191035289432110e-01	1.202264434617413e-01
205	8.383131169990654e-02	8.511380382023763e-02
228	7.800109520022813e-02	7.943282347242814e-02
229	7.728394166554375e-02	7.762471166286916e-02
266	7.568711178963428e-02	7.585775750291836e-02
286	7.381032516915442e-02	7.413102413009177e-02
290	6.707330646439225e-02	6.760829753919818e-02
291	6.121785376293842e-02	6.165950018614822e-02
306	4.655664952592209e-02	4.677351412871981e-02
322	4.456612691240558e-02	4.466835921509630e-02
344	4.239178514274911e-02	4.265795188015926e-02
382	4.158175598894576e-02	4.168693834703355e-02
393	4.070424790580218e-02	4.073802778041128e-02
423	3.971829598645271e-02	3.981071705534973e-02
429	3.848526522373119e-02	3.890451449942807e-02
441	3.694989177456254e-02	3.715352290971726e-02
460	3.211434778945255e-02	3.235936569296283e-02
475	3.150527432940864e-02	3.162277660168379e-02
542	3.087105211706498e-02	3.090295432513590e-02
552	3.006900654870914e-02	3.019951720402016e-02
583	2.932614495821018e-02	2.951209226666385e-02
635	2.876039768285843e-02	2.884031503126606e-02
694	2.807769285063155e-02	2.818382931264454e-02
700	2.509801884595564e-02	2.511886431509579e-02
943	2.395150937475654e-02	2.398832919019490e-02
955	1.933406179006991e-02	1.949844599758046e-02
963	1.632766233601690e-02	1.659586907437561e-02
966	1.619172549103920e-02	1.621810097358930e-02
986	1.520408272136831e-02	1.548816618912481e-02
1002	1.510404906002072e-02	1.513561248436208e-02
1067	1.437716690085444e-02	1.445439770745927e-02
1114	1.410020110156418e-02	1.412537544622754e-02
1205	1.310392113955428e-02	1.318256738556407e-02
1254	1.287342138187997e-02	1.288249551693134e-02
1262	1.171119775634877e-02	1.174897554939530e-02
1300	1.148066157217675e-02	1.148153621496883e-02
1348	1.121352417818644e-02	1.122018454301964e-02
1366	1.096241040754731e-02	1.096478196143185e-02
1392	1.071407944701663e-02	1.071519305237606e-02
1424	1.046771389031342e-02	1.047128548050900e-02
1453	1.020154457516731e-02	1.023292992280754e-02
1482	9.996164637665284e-03	1.000000000000000e-02
1520	9.766050991044217e-03	9.772372209558112e-03
1552	9.540824338386544e-03	9.549925860214359e-03
1650	9.280502083089170e-03	9.332543007969915e-03
1732	9.111434540892804e-03	9.120108393559097e-03
2054	8.894293445255719e-03	8.912509381337459e-03
2169	8.703601802635741e-03	8.709635899560805e-03
2200	8.341621181620074e-03	8.511380382023767e-03
2218	8.297620639571401e-03	8.317637711026709e-03
2375	8.122682838407558e-03	8.128305161640995e-03
3640	7.943219709412030e-03	7.943282347242814e-03
5137	7.760222262831018e-03	7.762471166286920e-03
12582	7.585726773937540e-03	7.585775750291836e-03
600001	7.463055944708197e-03	7.585775750291836e-03
