%
% index = 1635, name = bbob_f021_i02_d03__bbob_f021_i04_d03
% instance = 1, reference value = 9.698166402998040e-01
% function evaluation | indicator value | target hit
1	1.459434522363304e+00	1.479108388168207e+00
13	6.991230843603763e-01	7.079457843841379e-01
15	6.889411503068612e-01	6.918309709189365e-01
16	6.551729652640197e-01	6.606934480075960e-01
32	6.444008363226619e-01	6.456542290346555e-01
53	6.076365303362440e-01	6.165950018614822e-01
103	6.023434247023707e-01	6.025595860743578e-01
130	5.833194791247529e-01	5.888436553555889e-01
149	5.235173386312986e-01	5.248074602497725e-01
203	4.947926267625772e-01	5.011872336272722e-01
208	4.869867648609091e-01	4.897788193684462e-01
352	4.783166182000052e-01	4.786300923226383e-01
397	4.443314390870924e-01	4.466835921509631e-01
413	4.362394432969361e-01	4.365158322401660e-01
509	4.216122564737164e-01	4.265795188015927e-01
582	4.160162829900483e-01	4.168693834703354e-01
588	3.951363411163850e-01	3.981071705534972e-01
620	3.761223536058943e-01	3.801893963205612e-01
632	3.706282926843345e-01	3.715352290971726e-01
636	2.823561143360688e-01	2.884031503126606e-01
653	2.811083027598371e-01	2.818382931264454e-01
703	2.749631519172805e-01	2.754228703338166e-01
711	2.047764939208666e-01	2.089296130854039e-01
814	1.926233142992529e-01	1.949844599758045e-01
863	1.760923277671262e-01	1.778279410038923e-01
870	1.705863825976395e-01	1.737800828749375e-01
879	1.684034362276876e-01	1.698243652461744e-01
947	1.635394277126457e-01	1.659586907437560e-01
1005	1.620047980910408e-01	1.621810097358930e-01
1070	1.574661224588475e-01	1.584893192461113e-01
1106	1.548736260174467e-01	1.548816618912481e-01
1178	1.473564105650512e-01	1.479108388168208e-01
1216	1.425038595357560e-01	1.445439770745928e-01
1219	1.400612251397554e-01	1.412537544622754e-01
1293	1.370344833007119e-01	1.380384264602885e-01
1337	1.345812909041744e-01	1.348962882591654e-01
1343	1.311198137141174e-01	1.318256738556407e-01
1373	1.288208586490937e-01	1.288249551693134e-01
1374	1.214504863582326e-01	1.230268770812381e-01
1401	1.201089596707452e-01	1.202264434617413e-01
1468	1.174859292184905e-01	1.174897554939529e-01
1556	1.147289135234079e-01	1.148153621496883e-01
1598	1.117777138676038e-01	1.122018454301964e-01
1803	1.088003167169568e-01	1.096478196143185e-01
1810	1.040011943135795e-01	1.047128548050900e-01
1899	1.001607299020544e-01	1.023292992280754e-01
2095	9.986313069011410e-02	1.000000000000000e-01
2278	8.987586986250340e-02	9.120108393559097e-02
2293	8.607395599499468e-02	8.709635899560805e-02
2407	8.367123592000258e-02	8.511380382023763e-02
2530	8.228028467419068e-02	8.317637711026708e-02
2562	6.217853301692444e-02	6.309573444801933e-02
2634	5.732597081762691e-02	5.754399373371569e-02
2636	5.529973964555579e-02	5.623413251903491e-02
3138	5.320607686801992e-02	5.370317963702527e-02
3279	5.207485459211603e-02	5.248074602497726e-02
3302	5.011801512509007e-02	5.011872336272722e-02
3329	4.779142536099479e-02	4.786300923226382e-02
3438	4.076076643818716e-02	4.168693834703355e-02
3513	4.069452471330171e-02	4.073802778041128e-02
3702	3.973860949738917e-02	3.981071705534973e-02
4137	3.837195762654899e-02	3.890451449942807e-02
4612	3.797402313728793e-02	3.801893963205612e-02
5346	3.617616942111457e-02	3.630780547701014e-02
7567	3.548034506264386e-02	3.548133892335755e-02
12035	3.425123305275724e-02	3.467368504525317e-02
12272	3.371098814445850e-02	3.388441561392026e-02
17222	3.307831479466183e-02	3.311311214825911e-02
18485	3.184442288823630e-02	3.235936569296283e-02
22499	3.161205264333167e-02	3.162277660168379e-02
23580	3.031595072042992e-02	3.090295432513590e-02
23789	2.827891250126469e-02	2.884031503126606e-02
23923	2.801267371106952e-02	2.818382931264454e-02
28173	2.748244371583897e-02	2.754228703338166e-02
36150	2.679863104584934e-02	2.691534803926915e-02
48537	2.629931330966229e-02	2.630267991895381e-02
51928	2.564696404094113e-02	2.570395782768863e-02
56499	2.506979404720278e-02	2.511886431509579e-02
68349	2.418296325182268e-02	2.454708915685030e-02
76984	2.397726911338482e-02	2.398832919019490e-02
83467	2.343295812457746e-02	2.344228815319923e-02
87222	1.988414971021035e-02	1.995262314968880e-02
87956	1.833127122213751e-02	1.862087136662868e-02
88086	1.091725602199156e-02	1.096478196143185e-02
88748	1.070458263065299e-02	1.071519305237606e-02
91051	1.047102298114777e-02	1.047128548050900e-02
91739	1.021535289655640e-02	1.023292992280754e-02
98350	9.990689184995571e-03	1.000000000000000e-02
116974	9.759464812984731e-03	9.772372209558112e-03
123587	9.509488294754065e-03	9.549925860214359e-03
133278	9.326435727150195e-03	9.332543007969915e-03
148861	9.115247413311045e-03	9.120108393559097e-03
160428	8.662130966266779e-03	8.709635899560805e-03
180000	8.604896639778814e-03	8.709635899560805e-03
%
% index = 1636, name = bbob_f021_i03_d03__bbob_f021_i05_d03
% instance = 2, reference value = 9.326876340230370e-01
% function evaluation | indicator value | target hit
1	1.996652648179537e+00	2.041737944669529e+00
4	1.594984463356037e+00	1.621810097358930e+00
10	1.568931331795619e+00	1.584893192461114e+00
27	1.158697094374545e+00	1.174897554939530e+00
55	8.138243636261608e-01	8.317637711026710e-01
64	5.857934236863080e-01	5.888436553555889e-01
89	5.405154220509133e-01	5.495408738576245e-01
115	4.735824274126784e-01	4.786300923226383e-01
156	4.587334626404351e-01	4.677351412871982e-01
201	4.429419587461061e-01	4.466835921509631e-01
237	2.990367463013670e-01	3.019951720402016e-01
325	2.939498778519009e-01	2.951209226666385e-01
338	2.296979729433505e-01	2.344228815319922e-01
341	2.259487143074260e-01	2.290867652767773e-01
356	2.128634863493095e-01	2.137962089502232e-01
375	2.050212018571604e-01	2.089296130854039e-01
390	2.008731808869078e-01	2.041737944669530e-01
440	1.993116147721783e-01	1.995262314968880e-01
496	1.924851725809084e-01	1.949844599758045e-01
528	1.903763974047262e-01	1.905460717963247e-01
534	1.828666183533946e-01	1.862087136662867e-01
580	1.789998504109495e-01	1.819700858609984e-01
615	1.769445649565224e-01	1.778279410038923e-01
643	1.720525361322957e-01	1.737800828749375e-01
663	1.663000758538540e-01	1.698243652461744e-01
676	1.636359277488189e-01	1.659586907437560e-01
706	1.611813373171627e-01	1.621810097358930e-01
770	1.584815104154715e-01	1.584893192461113e-01
1044	1.545040050079380e-01	1.548816618912481e-01
1167	1.476942761752320e-01	1.479108388168208e-01
1704	1.445301469694527e-01	1.445439770745928e-01
2716	1.412381260701940e-01	1.412537544622754e-01
3071	1.367139800699646e-01	1.380384264602885e-01
5643	1.348428506176058e-01	1.348962882591654e-01
8382	1.303457784286133e-01	1.318256738556407e-01
17349	1.286570671126945e-01	1.288249551693134e-01
29468	1.258880055800520e-01	1.258925411794167e-01
42951	1.230221539295669e-01	1.230268770812381e-01
47598	1.200406381662000e-01	1.202264434617413e-01
52507	1.167086070782587e-01	1.174897554939529e-01
57440	1.148149471276565e-01	1.148153621496883e-01
70509	1.121983026536398e-01	1.122018454301964e-01
134915	1.096477527822890e-01	1.096478196143185e-01
184828	1.082830904036338e-01	1.096478196143185e-01
%
% index = 1637, name = bbob_f021_i07_d03__bbob_f021_i08_d03
% instance = 3, reference value = 9.600310911258100e-01
% function evaluation | indicator value | target hit
1	2.652887914729823e+00	2.691534803926916e+00
7	1.240525364813310e+00	1.258925411794167e+00
28	8.735780646656592e-01	8.912509381337456e-01
101	5.968918335681968e-01	6.025595860743578e-01
182	3.750479014397455e-01	3.801893963205612e-01
289	3.698528693039860e-01	3.715352290971726e-01
310	3.313848133907542e-01	3.388441561392025e-01
336	3.280617796728684e-01	3.311311214825911e-01
405	2.801148269743050e-01	2.818382931264454e-01
453	2.744744119509900e-01	2.754228703338166e-01
512	2.677080198038784e-01	2.691534803926916e-01
530	2.543456713720754e-01	2.570395782768864e-01
548	2.510871422063120e-01	2.511886431509580e-01
622	2.427814070418581e-01	2.454708915685030e-01
638	2.017146297626186e-01	2.041737944669530e-01
643	1.934988622083890e-01	1.949844599758045e-01
653	1.889683020566365e-01	1.905460717963247e-01
662	1.808655322602523e-01	1.819700858609984e-01
755	1.752488987911907e-01	1.778279410038923e-01
827	1.699207403525523e-01	1.737800828749375e-01
866	1.696301858803942e-01	1.698243652461744e-01
906	1.558225159478244e-01	1.584893192461113e-01
939	1.402677561868765e-01	1.412537544622754e-01
997	1.363278620142822e-01	1.380384264602885e-01
1097	1.339966943842057e-01	1.348962882591654e-01
1159	1.307021747724489e-01	1.318256738556407e-01
1324	1.286039498235380e-01	1.288249551693134e-01
1544	1.253328852262664e-01	1.258925411794167e-01
1546	1.218881235518027e-01	1.230268770812381e-01
1559	1.201631893650716e-01	1.202264434617413e-01
1584	1.078731342258140e-01	1.096478196143185e-01
1722	1.069862619742538e-01	1.071519305237607e-01
2255	1.045405937022109e-01	1.047128548050900e-01
2512	1.005329266519407e-01	1.023292992280754e-01
2594	9.966085365845101e-02	1.000000000000000e-01
2719	9.764999142049358e-02	9.772372209558107e-02
4553	9.497176332727464e-02	9.549925860214359e-02
7135	9.331415686886180e-02	9.332543007969910e-02
12300	9.081119156616824e-02	9.120108393559097e-02
22156	8.907796899632781e-02	8.912509381337455e-02
36450	8.671938877695229e-02	8.709635899560805e-02
38433	8.216267985350034e-02	8.317637711026708e-02
58333	8.127170957616348e-02	8.128305161640990e-02
98057	7.942775577482952e-02	7.943282347242814e-02
182993	7.826410209179691e-02	7.943282347242814e-02
%
% index = 1638, name = bbob_f021_i09_d03__bbob_f021_i10_d03
% instance = 4, reference value = 9.787914134013600e-01
% function evaluation | indicator value | target hit
1	8.185232495294762e-01	8.317637711026710e-01
4	6.699184148683046e-01	6.760829753919817e-01
8	6.494578888558575e-01	6.606934480075960e-01
21	5.437906726014495e-01	5.495408738576245e-01
25	5.144257243443274e-01	5.248074602497725e-01
39	5.027477468769588e-01	5.128613839913648e-01
51	5.001014047250845e-01	5.011872336272722e-01
107	3.250134878027578e-01	3.311311214825911e-01
115	3.063607933664791e-01	3.090295432513591e-01
131	1.947235934595493e-01	1.949844599758045e-01
236	1.823215504655051e-01	1.862087136662867e-01
241	1.446858226147050e-01	1.479108388168208e-01
306	1.440056252696282e-01	1.445439770745928e-01
357	1.229509656794512e-01	1.230268770812381e-01
458	1.157571490793221e-01	1.174897554939529e-01
650	1.104195412071528e-01	1.122018454301964e-01
683	9.574689846952367e-02	9.772372209558107e-02
745	9.539581514054707e-02	9.549925860214359e-02
899	8.798795302962703e-02	8.912509381337455e-02
1053	8.640069485528357e-02	8.709635899560805e-02
2121	8.510643677885843e-02	8.511380382023763e-02
5906	6.918780992872464e-02	7.079457843841380e-02
6110	6.474491488781842e-02	6.606934480075961e-02
6157	6.417376881090153e-02	6.456542290346556e-02
6350	6.237088845993721e-02	6.309573444801933e-02
8836	6.165909985441720e-02	6.165950018614822e-02
17562	4.961071453983323e-02	5.011872336272722e-02
20834	3.926777460468966e-02	3.981071705534973e-02
21948	2.975481469982444e-02	3.019951720402016e-02
23533	2.898337093035264e-02	2.951209226666385e-02
24296	2.849250204066778e-02	2.884031503126606e-02
27795	2.806714530206555e-02	2.818382931264454e-02
39478	2.741798671214524e-02	2.754228703338166e-02
40560	2.618202106047351e-02	2.630267991895381e-02
58132	2.570047615259541e-02	2.570395782768863e-02
65045	2.511686108276745e-02	2.511886431509579e-02
82286	2.258391398031212e-02	2.290867652767773e-02
87455	2.225014716849993e-02	2.238721138568340e-02
106961	2.184740165792354e-02	2.187761623949553e-02
141818	2.114108067724618e-02	2.137962089502233e-02
157829	2.089272645605378e-02	2.089296130854040e-02
167829	2.032099184309633e-02	2.041737944669529e-02
168532	1.925843351662893e-02	1.949844599758046e-02
171983	1.858087697142663e-02	1.862087136662868e-02
180000	1.840415832939568e-02	1.862087136662868e-02
%
% index = 1639, name = bbob_f021_i11_d03__bbob_f021_i12_d03
% instance = 5, reference value = 8.902978391560390e-01
% function evaluation | indicator value | target hit
1	3.936084175745039e+00	3.981071705534972e+00
6	3.604036942672448e+00	3.630780547701014e+00
39	2.321574195446250e+00	2.344228815319922e+00
54	1.438063486161421e+00	1.445439770745927e+00
56	1.384922743267315e+00	1.412537544622754e+00
250	1.360889866256139e+00	1.380384264602885e+00
413	1.165918795725082e+00	1.174897554939530e+00
603	1.147615059737504e+00	1.148153621496883e+00
677	9.709188107415390e-01	9.772372209558107e-01
728	9.288791084845389e-01	9.332543007969910e-01
781	8.492575976248226e-01	8.511380382023764e-01
1515	6.635576047123736e-01	6.760829753919817e-01
1666	6.427885446159984e-01	6.456542290346555e-01
1848	5.086827249782488e-01	5.128613839913648e-01
1857	4.419494441188103e-01	4.466835921509631e-01
1904	4.293059746090170e-01	4.365158322401660e-01
2051	4.253954776939693e-01	4.265795188015927e-01
2122	4.145816413261995e-01	4.168693834703354e-01
2181	4.012969469849472e-01	4.073802778041127e-01
2208	3.945556921023192e-01	3.981071705534972e-01
2348	3.645618645631298e-01	3.715352290971726e-01
2416	3.513105169553891e-01	3.548133892335755e-01
2485	3.448053450555764e-01	3.467368504525316e-01
2778	3.371512954409523e-01	3.388441561392025e-01
2932	3.304629492455391e-01	3.311311214825911e-01
3587	3.235811642455193e-01	3.235936569296283e-01
5958	3.162078310430170e-01	3.162277660168379e-01
9459	3.078996683408830e-01	3.090295432513591e-01
12539	3.018147746241276e-01	3.019951720402016e-01
21422	2.951131366415156e-01	2.951209226666385e-01
79591	1.221845492029517e-01	1.230268770812381e-01
82576	9.481370505718112e-02	9.549925860214359e-02
83108	9.253762740423599e-02	9.332543007969910e-02
90282	5.127962202715142e-02	5.128613839913648e-02
96464	4.677272968162705e-02	4.677351412871981e-02
97008	4.451025194635028e-02	4.466835921509630e-02
98865	4.242944028169249e-02	4.265795188015926e-02
101631	4.071198644675822e-02	4.073802778041128e-02
103927	3.823080372724263e-02	3.890451449942807e-02
104127	3.793697239216298e-02	3.801893963205612e-02
104652	3.704410133324065e-02	3.715352290971726e-02
108006	3.629927425483992e-02	3.630780547701014e-02
112651	3.520614609624373e-02	3.548133892335755e-02
122049	3.467074091643430e-02	3.467368504525317e-02
122795	3.388211221366999e-02	3.388441561392026e-02
133472	3.183052474797821e-02	3.235936569296283e-02
140223	3.159025837337281e-02	3.162277660168379e-02
157877	2.767995151112113e-02	2.818382931264454e-02
162875	2.754113729498497e-02	2.754228703338166e-02
163962	2.383413810341983e-02	2.398832919019490e-02
171848	2.228636835445463e-02	2.238721138568340e-02
178033	2.177761864749017e-02	2.187761623949553e-02
180572	2.177665911983562e-02	2.187761623949553e-02
%
% index = 1640, name = bbob_f021_i13_d03__bbob_f021_i14_d03
% instance = 6, reference value = 9.078370700005080e-01
% function evaluation | indicator value | target hit
1	2.942926980731008e+00	2.951209226666386e+00
14	1.763998032977508e+00	1.778279410038923e+00
15	8.660198702286649e-01	8.709635899560807e-01
25	2.685592142828670e-01	2.691534803926916e-01
58	1.825475167001079e-01	1.862087136662867e-01
71	1.813681937723327e-01	1.819700858609984e-01
182	1.465017120599820e-01	1.479108388168208e-01
217	1.444540930608278e-01	1.445439770745928e-01
300	1.365462175418771e-01	1.380384264602885e-01
304	1.315539873418852e-01	1.318256738556407e-01
315	1.189529046237972e-01	1.202264434617413e-01
515	1.174239492185402e-01	1.174897554939529e-01
763	1.147234923053403e-01	1.148153621496883e-01
826	1.121720037031034e-01	1.122018454301964e-01
1208	1.096107321951272e-01	1.096478196143185e-01
1319	1.053496676404366e-01	1.071519305237607e-01
1711	1.041452208753030e-01	1.047128548050900e-01
2260	1.022094748970785e-01	1.023292992280754e-01
2509	9.978187328401777e-02	1.000000000000000e-01
4718	9.771544545635447e-02	9.772372209558107e-02
14840	9.549277886544372e-02	9.549925860214359e-02
183798	9.407999396759570e-02	9.549925860214359e-02
%
% index = 1641, name = bbob_f021_i15_d03__bbob_f021_i16_d03
% instance = 7, reference value = 9.717149833112499e-01
% function evaluation | indicator value | target hit
1	3.664697847498250e+00	3.715352290971725e+00
12	2.148983679794250e+00	2.187761623949553e+00
14	8.812957869385708e-01	8.912509381337456e-01
48	5.049104963977429e-01	5.128613839913648e-01
57	4.532299571231251e-01	4.570881896148750e-01
93	4.192209799560600e-01	4.265795188015927e-01
113	4.043220365727054e-01	4.073802778041127e-01
206	3.424373001422588e-01	3.467368504525316e-01
212	3.368040208490942e-01	3.388441561392025e-01
250	3.047844828288888e-01	3.090295432513591e-01
346	2.993334730888145e-01	3.019951720402016e-01
393	2.934820471428360e-01	2.951209226666385e-01
482	2.853805729680773e-01	2.884031503126606e-01
519	2.817673635067007e-01	2.818382931264454e-01
628	2.749392685542061e-01	2.754228703338166e-01
689	2.302518467986299e-01	2.344228815319922e-01
691	2.223376034084674e-01	2.238721138568339e-01
710	2.182349787677553e-01	2.187761623949552e-01
812	2.114160260187739e-01	2.137962089502232e-01
853	2.039407972298629e-01	2.041737944669530e-01
959	1.963791933737827e-01	1.995262314968880e-01
1055	1.885031815927085e-01	1.905460717963247e-01
1121	1.859177602260693e-01	1.862087136662867e-01
1369	1.818140155814529e-01	1.819700858609984e-01
1587	1.777229572688707e-01	1.778279410038923e-01
1667	1.721391383434618e-01	1.737800828749375e-01
1743	1.697952420300638e-01	1.698243652461744e-01
1843	1.490595257674184e-01	1.513561248436208e-01
2108	1.477078669374688e-01	1.479108388168208e-01
2128	1.175371803366820e-01	1.202264434617413e-01
2145	1.172641889292489e-01	1.174897554939529e-01
2224	1.116303553716369e-01	1.122018454301964e-01
2629	9.009249967956501e-02	9.120108393559097e-02
3200	8.274387932373184e-02	8.317637711026708e-02
3224	8.127551973681768e-02	8.128305161640990e-02
4990	7.774751464463803e-02	7.943282347242814e-02
5066	7.760612242256615e-02	7.762471166286916e-02
5112	7.523828637215391e-02	7.585775750291836e-02
5238	7.174376733520460e-02	7.244359600749903e-02
5621	6.887770682902505e-02	6.918309709189366e-02
5723	5.108723394561177e-02	5.128613839913648e-02
7287	4.061032100110795e-02	4.073802778041128e-02
7357	3.969420917713995e-02	3.981071705534973e-02
7693	3.343598791753544e-02	3.388441561392026e-02
9941	3.310784718462079e-02	3.311311214825911e-02
10416	3.224270506538784e-02	3.235936569296283e-02
13035	3.137371846222625e-02	3.162277660168379e-02
13192	3.016826700385200e-02	3.019951720402016e-02
13525	2.932218627532046e-02	2.951209226666385e-02
17958	2.877383351938323e-02	2.884031503126606e-02
18611	2.234641489249645e-02	2.238721138568340e-02
18697	2.165535407417585e-02	2.187761623949553e-02
19191	2.128520128584466e-02	2.137962089502233e-02
19251	1.190196098708751e-02	1.202264434617413e-02
20125	1.123446773849657e-02	1.148153621496883e-02
20145	1.118340418587171e-02	1.122018454301964e-02
20622	9.785777278043306e-03	1.000000000000000e-02
20957	9.640014176190648e-03	9.772372209558112e-03
21006	9.423500507440341e-03	9.549925860214359e-03
21364	9.314141033054391e-03	9.332543007969915e-03
21522	9.116195683279704e-03	9.120108393559097e-03
21812	8.891414783467111e-03	8.912509381337459e-03
22369	8.620942089467065e-03	8.709635899560805e-03
22908	8.507798728781490e-03	8.511380382023767e-03
23293	8.252164976567666e-03	8.317637711026709e-03
23600	8.118612910903766e-03	8.128305161640995e-03
24015	7.937462413745822e-03	7.943282347242814e-03
24211	7.760858533338633e-03	7.762471166286920e-03
24340	7.584768539678932e-03	7.585775750291836e-03
25535	7.411947051913614e-03	7.413102413009177e-03
27322	7.242230271918171e-03	7.244359600749898e-03
33497	7.076768186840110e-03	7.079457843841380e-03
34380	6.915567535728528e-03	6.918309709189363e-03
35260	6.750829068970843e-03	6.760829753919818e-03
35881	6.390436463215132e-03	6.456542290346556e-03
37483	6.304170860560676e-03	6.309573444801930e-03
41178	6.161037707239858e-03	6.165950018614822e-03
42208	5.952926270983427e-03	6.025595860743574e-03
44382	5.874208682793536e-03	5.888436553555890e-03
47197	5.753449114113907e-03	5.754399373371567e-03
51920	5.623344750024795e-03	5.623413251903491e-03
59106	5.495386087635779e-03	5.495408738576248e-03
61815	5.368878276830191e-03	5.370317963702527e-03
64157	5.246870717500407e-03	5.248074602497728e-03
64259	4.980678756372869e-03	5.011872336272725e-03
67604	4.882852715133890e-03	4.897788193684461e-03
71219	4.786281243325696e-03	4.786300923226385e-03
71947	4.676435562210424e-03	4.677351412871981e-03
73325	4.550025640242872e-03	4.570881896148752e-03
75502	4.466656471132757e-03	4.466835921509630e-03
82549	4.364939348478036e-03	4.365158322401661e-03
84368	4.259362039380044e-03	4.265795188015926e-03
87168	4.167458260817769e-03	4.168693834703355e-03
90080	4.073266202954451e-03	4.073802778041126e-03
93613	3.980949328573513e-03	3.981071705534973e-03
95331	3.890267901973554e-03	3.890451449942805e-03
98876	3.801843364317992e-03	3.801893963205613e-03
107457	3.715259750156408e-03	3.715352290971724e-03
109866	3.629434804257148e-03	3.630780547701014e-03
112671	3.540552661993379e-03	3.548133892335753e-03
115798	3.463085738855343e-03	3.467368504525317e-03
118074	3.387817618062727e-03	3.388441561392024e-03
119924	3.309938269545509e-03	3.311311214825911e-03
122037	3.208220718173060e-03	3.235936569296281e-03
123720	3.162164382007671e-03	3.162277660168379e-03
127237	3.089711379978599e-03	3.090295432513592e-03
133297	3.018892240637783e-03	3.019951720402016e-03
136169	2.947639550303638e-03	2.951209226666387e-03
136594	2.868191096693673e-03	2.884031503126605e-03
139466	2.818358180451619e-03	2.818382931264455e-03
140351	2.732833056286021e-03	2.754228703338166e-03
140921	2.678035939413625e-03	2.691534803926917e-03
142988	2.630262166177122e-03	2.630267991895381e-03
144908	2.569553839512961e-03	2.570395782768865e-03
146807	2.510788193239133e-03	2.511886431509579e-03
149731	2.454260718000811e-03	2.454708915685031e-03
152058	2.393794330501353e-03	2.398832919019490e-03
158640	2.343476148349399e-03	2.344228815319923e-03
159140	2.285243996567710e-03	2.290867652767772e-03
160704	2.238685548113573e-03	2.238721138568340e-03
162729	2.187263482442692e-03	2.187761623949552e-03
163721	2.137882084030540e-03	2.137962089502233e-03
165040	2.088864088607645e-03	2.089296130854039e-03
165614	2.040972957759735e-03	2.041737944669530e-03
166843	1.994674847104250e-03	1.995262314968879e-03
168366	1.942381544742355e-03	1.949844599758046e-03
169381	1.904222247723242e-03	1.905460717963246e-03
169820	1.848903699253279e-03	1.862087136662868e-03
170132	1.819134356402352e-03	1.819700858609983e-03
171056	1.771671674806630e-03	1.778279410038923e-03
172578	1.733413822696428e-03	1.737800828749376e-03
173755	1.696511828448433e-03	1.698243652461744e-03
175276	1.658725518753235e-03	1.659586907437561e-03
176213	1.617344131845333e-03	1.621810097358930e-03
182133	1.591422393833364e-03	1.621810097358930e-03
%
% index = 1642, name = bbob_f021_i17_d03__bbob_f021_i18_d03
% instance = 8, reference value = 9.867552138402880e-01
% function evaluation | indicator value | target hit
1	1.349656580449288e+00	1.380384264602885e+00
5	9.108544714690866e-01	9.120108393559098e-01
9	7.263180858672329e-01	7.413102413009175e-01
14	6.499415804970448e-01	6.606934480075960e-01
25	6.299832618821655e-01	6.309573444801932e-01
52	5.935998383238895e-01	6.025595860743578e-01
55	4.284130959554225e-01	4.365158322401660e-01
61	3.999239659395826e-01	4.073802778041127e-01
64	1.714467540340844e-01	1.737800828749375e-01
78	1.692590424590997e-01	1.698243652461744e-01
102	1.025113921801175e-01	1.047128548050900e-01
169	1.015739255446770e-01	1.023292992280754e-01
178	9.728885856701042e-02	9.772372209558107e-02
180	9.272325416149596e-02	9.332543007969910e-02
228	9.045135892391376e-02	9.120108393559097e-02
300	6.189402392946453e-02	6.309573444801933e-02
321	5.654668112980565e-02	5.754399373371569e-02
324	5.609515192441505e-02	5.623413251903491e-02
426	5.490290295381395e-02	5.495408738576246e-02
430	4.995735896615494e-02	5.011872336272722e-02
451	4.637313720165026e-02	4.677351412871981e-02
469	4.566047983650856e-02	4.570881896148749e-02
517	4.457048719347068e-02	4.466835921509630e-02
528	4.256294117479720e-02	4.265795188015926e-02
555	3.599160644814392e-02	3.630780547701014e-02
592	3.522961441797989e-02	3.548133892335755e-02
602	3.387707301284315e-02	3.388441561392026e-02
711	3.293339647539584e-02	3.311311214825911e-02
749	3.227876323083523e-02	3.235936569296283e-02
781	3.132699551746299e-02	3.162277660168379e-02
815	3.088009018263582e-02	3.090295432513590e-02
826	3.018302116620553e-02	3.019951720402016e-02
838	2.903309472422433e-02	2.951209226666385e-02
845	2.720433726518656e-02	2.754228703338166e-02
913	2.690302216695906e-02	2.691534803926915e-02
932	2.422903810405574e-02	2.454708915685030e-02
952	2.389855358897630e-02	2.398832919019490e-02
986	2.341807718741273e-02	2.344228815319923e-02
994	2.278680126895871e-02	2.290867652767773e-02
1008	2.228456337539764e-02	2.238721138568340e-02
1013	2.152709201711089e-02	2.187761623949553e-02
1062	1.892848933646885e-02	1.905460717963247e-02
1090	1.852941985812184e-02	1.862087136662868e-02
1112	1.812119909122700e-02	1.819700858609984e-02
1139	1.771046284234123e-02	1.778279410038923e-02
1218	1.732837777586138e-02	1.737800828749375e-02
1232	1.452781773535539e-02	1.479108388168207e-02
1265	1.431580602655935e-02	1.445439770745927e-02
1311	1.410191786693260e-02	1.412537544622754e-02
1376	1.351373951169144e-02	1.380384264602885e-02
1433	1.339979236511990e-02	1.348962882591653e-02
1566	1.312677872694978e-02	1.318256738556407e-02
1672	1.183139638393038e-02	1.202264434617413e-02
1745	1.173705357263288e-02	1.174897554939530e-02
2014	1.134935336860221e-02	1.148153621496883e-02
2164	1.119310860038436e-02	1.122018454301964e-02
2442	1.087569100647956e-02	1.096478196143185e-02
3252	1.070177860274413e-02	1.071519305237606e-02
7139	1.046841826899803e-02	1.047128548050900e-02
9832	1.023142082556094e-02	1.023292992280754e-02
27468	9.999799599502035e-03	1.000000000000000e-02
61090	9.772166736216392e-03	9.772372209558112e-03
169862	9.531987928112939e-03	9.549925860214359e-03
180000	9.528321408178830e-03	9.549925860214359e-03
%
% index = 1643, name = bbob_f021_i19_d03__bbob_f021_i21_d03
% instance = 9, reference value = 9.384835544328440e-01
% function evaluation | indicator value | target hit
1	9.379516681054864e-01	9.549925860214360e-01
7	9.003258277234942e-01	9.120108393559098e-01
28	8.728285846975562e-01	8.912509381337456e-01
73	5.534242797000257e-01	5.623413251903491e-01
78	5.402286161435703e-01	5.495408738576245e-01
100	5.315512149403250e-01	5.370317963702527e-01
138	5.182874030682127e-01	5.248074602497725e-01
191	5.116673047422092e-01	5.128613839913648e-01
220	4.716566123452078e-01	4.786300923226383e-01
400	4.348986184408784e-01	4.365158322401660e-01
495	4.062334552709475e-01	4.073802778041127e-01
726	3.056137262415214e-01	3.090295432513591e-01
918	2.951225123794047e-01	3.019951720402016e-01
928	2.937384200346090e-01	2.951209226666385e-01
1006	2.800285299773831e-01	2.818382931264454e-01
1135	2.745046358230965e-01	2.754228703338166e-01
1190	2.681647272399886e-01	2.691534803926916e-01
1225	2.524679282985306e-01	2.570395782768864e-01
1266	2.497452663264408e-01	2.511886431509580e-01
1331	2.454457899863884e-01	2.454708915685030e-01
1463	2.363430148794426e-01	2.398832919019490e-01
1660	2.332865543441669e-01	2.344228815319922e-01
1671	2.288207421962392e-01	2.290867652767773e-01
1672	2.216345695379580e-01	2.238721138568339e-01
1684	2.187039969732082e-01	2.187761623949552e-01
1704	2.095242008648150e-01	2.137962089502232e-01
1708	2.031612226682453e-01	2.041737944669530e-01
1865	1.989579919931707e-01	1.995262314968880e-01
1969	1.941557884181774e-01	1.949844599758045e-01
2075	1.905127905609352e-01	1.905460717963247e-01
2161	1.853516019210935e-01	1.862087136662867e-01
2177	1.721554240683180e-01	1.737800828749375e-01
2286	1.564634879488511e-01	1.584893192461113e-01
2350	1.544592269278379e-01	1.548816618912481e-01
2354	1.470132178858735e-01	1.479108388168208e-01
2651	1.429586644962683e-01	1.445439770745928e-01
3007	1.409524475702476e-01	1.412537544622754e-01
3453	1.348664448280910e-01	1.348962882591654e-01
3498	1.191189555245091e-01	1.202264434617413e-01
4134	1.172157918885929e-01	1.174897554939529e-01
4607	1.148006859759805e-01	1.148153621496883e-01
6987	1.121531484523600e-01	1.122018454301964e-01
7760	1.090758182351732e-01	1.096478196143185e-01
10145	1.069540139343167e-01	1.071519305237607e-01
13336	1.036060295687238e-01	1.047128548050900e-01
14725	1.005387719389911e-01	1.023292992280754e-01
15436	9.862849019040276e-02	1.000000000000000e-01
19784	9.725018852967526e-02	9.772372209558107e-02
22382	9.547538966298963e-02	9.549925860214359e-02
30960	9.331658714849878e-02	9.332543007969910e-02
37536	9.119485036750019e-02	9.120108393559097e-02
56612	8.911829754512279e-02	8.912509381337455e-02
66268	8.708634383296487e-02	8.709635899560805e-02
81313	8.497348961685880e-02	8.511380382023763e-02
90278	8.307981692865951e-02	8.317637711026708e-02
97595	7.580627881010416e-02	7.585775750291836e-02
101087	6.363048001316540e-02	6.456542290346556e-02
101567	6.281526539266513e-02	6.309573444801933e-02
102100	6.032437394127632e-02	6.165950018614822e-02
105516	6.012899728232723e-02	6.025595860743578e-02
105740	5.627038894844705e-02	5.754399373371569e-02
106361	5.586175277452288e-02	5.623413251903491e-02
107627	5.461948061737054e-02	5.495408738576246e-02
108540	5.346473900625504e-02	5.370317963702527e-02
109100	5.243271951106798e-02	5.248074602497726e-02
109951	5.107400904818105e-02	5.128613839913648e-02
110940	4.985970032244058e-02	5.011872336272722e-02
114095	4.852760367516951e-02	4.897788193684462e-02
116418	4.784430499720738e-02	4.786300923226382e-02
117985	4.554435808167678e-02	4.570881896148749e-02
119350	4.436106513512195e-02	4.466835921509630e-02
119935	3.977278165769627e-02	3.981071705534973e-02
120188	3.722248575586329e-02	3.801893963205612e-02
120678	3.714941472280875e-02	3.715352290971726e-02
122965	3.630038370388566e-02	3.630780547701014e-02
123519	3.503855327113647e-02	3.548133892335755e-02
123703	3.427549354067605e-02	3.467368504525317e-02
125105	3.375419935107182e-02	3.388441561392026e-02
128672	3.295972620192422e-02	3.311311214825911e-02
129560	3.235509570531003e-02	3.235936569296283e-02
130240	3.158498062027715e-02	3.162277660168379e-02
130997	3.090285641188772e-02	3.090295432513590e-02
131979	2.991608930850886e-02	3.019951720402016e-02
132574	2.950686881646236e-02	2.951209226666385e-02
137276	2.883897739790475e-02	2.884031503126606e-02
145386	2.818375502132497e-02	2.818382931264454e-02
151858	2.688897509627108e-02	2.691534803926915e-02
158164	2.608279015099113e-02	2.630267991895381e-02
162491	2.533362246680937e-02	2.570395782768863e-02
166487	2.468593249251927e-02	2.511886431509579e-02
168242	2.447453665672883e-02	2.454708915685030e-02
171183	2.398701614786092e-02	2.398832919019490e-02
179562	2.341437593030615e-02	2.344228815319923e-02
180001	2.337857560163026e-02	2.344228815319923e-02
%
% index = 1644, name = bbob_f021_i21_d03__bbob_f021_i22_d03
% instance = 10, reference value = 9.839372860628000e-01
% function evaluation | indicator value | target hit
1	7.806709408665299e-01	7.943282347242815e-01
33	3.981679629396796e-01	4.073802778041127e-01
67	3.964440962354658e-01	3.981071705534972e-01
82	2.462716286824619e-01	2.511886431509580e-01
86	2.439859721222692e-01	2.454708915685030e-01
104	2.156608145879786e-01	2.187761623949552e-01
122	2.135420141786392e-01	2.137962089502232e-01
124	2.050890461217499e-01	2.089296130854039e-01
133	2.036160133244863e-01	2.041737944669530e-01
138	1.504216151818539e-01	1.513561248436208e-01
145	1.476217987621841e-01	1.479108388168208e-01
170	1.100869757815792e-01	1.122018454301964e-01
180	1.094323978875480e-01	1.096478196143185e-01
204	1.056190863716997e-01	1.071519305237607e-01
210	9.941408958918074e-02	1.000000000000000e-01
229	9.547818433287025e-02	9.549925860214359e-02
256	8.996066432331595e-02	9.120108393559097e-02
271	8.735391024076888e-02	8.912509381337455e-02
285	8.509857994877768e-02	8.511380382023763e-02
290	6.629311059815057e-02	6.760829753919818e-02
308	6.556860881196169e-02	6.606934480075961e-02
353	6.233414802855408e-02	6.309573444801933e-02
377	5.921585286897346e-02	6.025595860743578e-02
425	5.720095311090967e-02	5.754399373371569e-02
478	5.602715643289125e-02	5.623413251903491e-02
484	5.359673511185514e-02	5.370317963702527e-02
593	5.244571394764108e-02	5.248074602497726e-02
608	4.814920794978006e-02	4.897788193684462e-02
621	4.785557252181283e-02	4.786300923226382e-02
717	4.627220783070440e-02	4.677351412871981e-02
793	3.354719309247900e-02	3.388441561392026e-02
922	3.301642700277663e-02	3.311311214825911e-02
942	3.186295415032281e-02	3.235936569296283e-02
965	3.153476356997098e-02	3.162277660168379e-02
1026	3.075633469877270e-02	3.090295432513590e-02
1101	2.998445659255433e-02	3.019951720402016e-02
1886	2.948509004005428e-02	2.951209226666385e-02
2463	2.878705472395904e-02	2.884031503126606e-02
4148	2.813606122482581e-02	2.818382931264454e-02
11509	2.751921542498992e-02	2.754228703338166e-02
171051	2.690433291758221e-02	2.691534803926915e-02
180660	2.690129965262733e-02	2.691534803926915e-02
%
% index = 1645, name = bbob_f021_i23_d03__bbob_f021_i24_d03
% instance = 11, reference value = 1.000000000000000e+00
% function evaluation | indicator value | target hit
1	4.714256904164499e+00	4.786300923226384e+00
4	2.810965512108000e+00	2.818382931264454e+00
10	2.709268864927500e+00	2.754228703338166e+00
14	2.060686459689448e+00	2.089296130854040e+00
41	1.164496854661352e+00	1.174897554939530e+00
70	5.581786211089154e-01	5.623413251903491e-01
129	4.898530862184425e-01	5.011872336272722e-01
168	4.892641021559377e-01	4.897788193684462e-01
224	4.779558143543251e-01	4.786300923226383e-01
237	4.128040284405028e-01	4.168693834703354e-01
325	3.450079865949420e-01	3.467368504525316e-01
404	3.065176373327555e-01	3.090295432513591e-01
405	3.004635027893162e-01	3.019951720402016e-01
465	2.411950138767034e-01	2.454708915685030e-01
500	2.368920119576944e-01	2.398832919019490e-01
566	2.304492109563810e-01	2.344228815319922e-01
598	2.272972522495704e-01	2.290867652767773e-01
765	2.237322561397398e-01	2.238721138568339e-01
1142	2.181527105536265e-01	2.187761623949552e-01
1451	2.130969824322292e-01	2.137962089502232e-01
1863	2.083254590781013e-01	2.089296130854039e-01
3370	2.040610775246323e-01	2.041737944669530e-01
6081	1.995236879056630e-01	1.995262314968880e-01
182735	1.970451019305997e-01	1.995262314968880e-01
%
% index = 1646, name = bbob_f021_i25_d03__bbob_f021_i26_d03
% instance = 12, reference value = 1.000000000000000e+00
% function evaluation | indicator value | target hit
1	3.479456918093000e+00	3.548133892335755e+00
4	1.603949642267000e+00	1.621810097358930e+00
49	5.286843893232946e-01	5.370317963702527e-01
65	5.102973618345787e-01	5.128613839913648e-01
95	4.677578193231071e-01	4.786300923226383e-01
98	4.674671871391475e-01	4.677351412871982e-01
120	4.208604664712007e-01	4.265795188015927e-01
146	4.132228101711702e-01	4.168693834703354e-01
171	4.040285839909099e-01	4.073802778041127e-01
205	3.826045067668471e-01	3.890451449942806e-01
238	3.730477333289319e-01	3.801893963205612e-01
254	3.460982338986933e-01	3.467368504525316e-01
276	3.367195013901316e-01	3.388441561392025e-01
321	3.285679256965608e-01	3.311311214825911e-01
326	3.187223578509243e-01	3.235936569296283e-01
353	3.145888966762772e-01	3.162277660168379e-01
397	2.965402493197246e-01	3.019951720402016e-01
427	2.872029669961847e-01	2.884031503126606e-01
742	2.785657568259543e-01	2.818382931264454e-01
823	2.712494828586263e-01	2.754228703338166e-01
876	2.688298344717924e-01	2.691534803926916e-01
1275	2.539326816923031e-01	2.570395782768864e-01
1280	2.288233531226300e-01	2.290867652767773e-01
2025	2.237818846113707e-01	2.238721138568339e-01
3566	2.179367873234396e-01	2.187761623949552e-01
5675	2.091298415186791e-01	2.137962089502232e-01
5942	2.089240813533587e-01	2.089296130854039e-01
31717	2.018268558425644e-01	2.041737944669530e-01
97089	1.771324582277507e-01	1.778279410038923e-01
103947	1.543413408672460e-01	1.548816618912481e-01
130073	1.206444627825760e-01	1.230268770812381e-01
132187	1.147533555191479e-01	1.148153621496883e-01
155944	1.120508812116909e-01	1.122018454301964e-01
180000	1.111070705952643e-01	1.122018454301964e-01
%
% index = 1647, name = bbob_f021_i27_d03__bbob_f021_i28_d03
% instance = 13, reference value = 1.000000000000000e+00
% function evaluation | indicator value | target hit
1	9.606260750891563e-01	9.772372209558107e-01
5	6.732387254318367e-01	6.760829753919817e-01
10	6.388397556385674e-01	6.456542290346555e-01
11	4.975898757015995e-01	5.011872336272722e-01
25	3.618989352789618e-01	3.630780547701014e-01
42	3.464755753563939e-01	3.467368504525316e-01
76	3.380186725382951e-01	3.388441561392025e-01
84	3.300179265802345e-01	3.311311214825911e-01
167	3.163364504798063e-01	3.235936569296283e-01
173	2.932491003487636e-01	2.951209226666385e-01
217	2.776654321278765e-01	2.818382931264454e-01
231	2.486055145111642e-01	2.511886431509580e-01
255	2.411645351458143e-01	2.454708915685030e-01
269	2.301510060761485e-01	2.344228815319922e-01
299	2.079563899576820e-01	2.089296130854039e-01
327	2.041261271665880e-01	2.041737944669530e-01
394	1.969315315258565e-01	1.995262314968880e-01
414	1.633592876039714e-01	1.659586907437560e-01
431	1.527346392967738e-01	1.548816618912481e-01
540	1.505092832889758e-01	1.513561248436208e-01
558	1.457779288521662e-01	1.479108388168208e-01
579	1.443621047981966e-01	1.445439770745928e-01
582	1.337266171710338e-01	1.348962882591654e-01
673	1.305591903235861e-01	1.318256738556407e-01
674	1.181194490502022e-01	1.202264434617413e-01
698	1.171595602948389e-01	1.174897554939529e-01
738	1.140995554099219e-01	1.148153621496883e-01
893	1.119357443240550e-01	1.122018454301964e-01
939	1.090370400361952e-01	1.096478196143185e-01
991	1.065748342163765e-01	1.071519305237607e-01
1655	1.035129830694301e-01	1.047128548050900e-01
1788	1.014140540718793e-01	1.023292992280754e-01
1799	9.850529380522299e-02	1.000000000000000e-01
1800	9.453810236258997e-02	9.549925860214359e-02
1991	7.795215924499899e-02	7.943282347242814e-02
2018	7.759881560135640e-02	7.762471166286916e-02
2056	7.455673492019865e-02	7.585775750291836e-02
2059	7.390207333443322e-02	7.413102413009177e-02
2107	7.213949078762749e-02	7.244359600749903e-02
2160	7.041902404270695e-02	7.079457843841380e-02
2259	6.891725151399375e-02	6.918309709189366e-02
2298	6.716410083682978e-02	6.760829753919818e-02
2417	6.605066890447986e-02	6.606934480075961e-02
2765	6.456534561067040e-02	6.456542290346556e-02
9666	6.307615066691030e-02	6.309573444801933e-02
181506	6.230512613769879e-02	6.309573444801933e-02
%
% index = 1648, name = bbob_f021_i29_d03__bbob_f021_i30_d03
% instance = 14, reference value = 1.000000000000000e+00
% function evaluation | indicator value | target hit
1	7.762492155474547e-01	7.943282347242815e-01
11	7.544023955967615e-01	7.585775750291838e-01
19	5.904398063740304e-01	6.025595860743578e-01
25	5.872611300758372e-01	5.888436553555889e-01
28	5.645377824015697e-01	5.754399373371569e-01
42	5.608793085052315e-01	5.623413251903491e-01
125	5.183409594675440e-01	5.248074602497725e-01
128	4.384994877981895e-01	4.466835921509631e-01
147	4.317471734184004e-01	4.365158322401660e-01
168	4.151339213058189e-01	4.168693834703354e-01
186	4.053694186364455e-01	4.073802778041127e-01
199	3.640102195843492e-01	3.715352290971726e-01
275	3.390246475839034e-01	3.467368504525316e-01
305	3.295193743886150e-01	3.311311214825911e-01
322	2.896508005281107e-01	2.951209226666385e-01
357	2.792457924599381e-01	2.818382931264454e-01
361	2.530247857130424e-01	2.570395782768864e-01
362	2.367544249591780e-01	2.398832919019490e-01
364	2.239777918630204e-01	2.290867652767773e-01
400	1.994548956744702e-01	1.995262314968880e-01
434	1.917959067082703e-01	1.949844599758045e-01
435	1.646550261009014e-01	1.659586907437560e-01
449	1.560551947595941e-01	1.584893192461113e-01
543	1.534979572401282e-01	1.548816618912481e-01
647	1.501861919746824e-01	1.513561248436208e-01
665	1.335375101523965e-01	1.348962882591654e-01
774	1.282807400229076e-01	1.288249551693134e-01
775	1.247312624811417e-01	1.258925411794167e-01
795	9.643876348597036e-02	9.772372209558107e-02
853	9.419845308845176e-02	9.549925860214359e-02
883	9.086500347836080e-02	9.120108393559097e-02
967	8.857562525112794e-02	8.912509381337455e-02
993	8.629629439415609e-02	8.709635899560805e-02
1029	8.476115832713338e-02	8.511380382023763e-02
1055	8.055415989763093e-02	8.128305161640990e-02
1060	7.862724231653984e-02	7.943282347242814e-02
1120	7.751091897003926e-02	7.762471166286916e-02
1233	7.583721743804006e-02	7.585775750291836e-02
1350	7.412737865516050e-02	7.413102413009177e-02
2109	7.238557520038058e-02	7.244359600749903e-02
6585	7.008278595164930e-02	7.079457843841380e-02
9872	6.882189018749363e-02	6.918309709189366e-02
18398	6.736271182211750e-02	6.760829753919818e-02
18571	6.459731002754765e-02	6.606934480075961e-02
18596	6.432788243142173e-02	6.456542290346556e-02
66963	6.308022719608541e-02	6.309573444801933e-02
83218	6.158706423173144e-02	6.165950018614822e-02
95337	5.750777726190559e-02	5.754399373371569e-02
97850	5.600794391594266e-02	5.623413251903491e-02
99917	5.475335355859934e-02	5.495408738576246e-02
136643	5.349109104489846e-02	5.370317963702527e-02
182232	5.326580200374442e-02	5.370317963702527e-02
%
% index = 1649, name = bbob_f021_i31_d03__bbob_f021_i34_d03
% instance = 15, reference value = 1.000000000000000e+00
% function evaluation | indicator value | target hit
1	1.989036831021000e+00	1.995262314968880e+00
2	1.439726408167325e+00	1.445439770745927e+00
7	7.705072967252138e-01	7.762471166286917e-01
67	7.419950896599654e-01	7.585775750291838e-01
183	6.895580702796207e-01	6.918309709189365e-01
198	6.750086381309617e-01	6.760829753919817e-01
213	4.939436574877504e-01	5.011872336272722e-01
215	4.354535436248856e-01	4.365158322401660e-01
230	4.052067832144856e-01	4.073802778041127e-01
260	3.901833629553743e-01	3.981071705534972e-01
299	3.767223643721335e-01	3.801893963205612e-01
349	3.633079110204760e-01	3.715352290971726e-01
350	3.578607402917633e-01	3.630780547701014e-01
360	3.520095589729411e-01	3.548133892335755e-01
428	3.411687953058409e-01	3.467368504525316e-01
429	3.329558285062080e-01	3.388441561392025e-01
436	3.263432901354928e-01	3.311311214825911e-01
440	3.203435494977439e-01	3.235936569296283e-01
488	3.062092224776188e-01	3.090295432513591e-01
498	3.016995694577954e-01	3.019951720402016e-01
503	2.203551690853687e-01	2.238721138568339e-01
526	2.005206962963738e-01	2.041737944669530e-01
549	1.967105564088518e-01	1.995262314968880e-01
553	1.928543980572578e-01	1.949844599758045e-01
613	1.635914015659616e-01	1.659586907437560e-01
615	1.616578330235666e-01	1.621810097358930e-01
687	1.553842943076691e-01	1.584893192461113e-01
692	1.520997712928778e-01	1.548816618912481e-01
727	1.503290431488500e-01	1.513561248436208e-01
741	1.400245845423270e-01	1.412537544622754e-01
833	1.372048760571453e-01	1.380384264602885e-01
837	1.138948049307476e-01	1.148153621496883e-01
850	1.008955633160886e-01	1.023292992280754e-01
870	9.903554447814733e-02	1.000000000000000e-01
947	9.453440944981761e-02	9.549925860214359e-02
972	9.060190527274559e-02	9.120108393559097e-02
1010	8.854304750135222e-02	8.912509381337455e-02
1046	8.445231026780431e-02	8.511380382023763e-02
1119	8.306325816792137e-02	8.317637711026708e-02
1222	7.952508210132070e-02	8.128305161640990e-02
1232	7.916302281836474e-02	7.943282347242814e-02
1393	7.722568112170081e-02	7.762471166286916e-02
1516	7.538058834743933e-02	7.585775750291836e-02
1771	7.399913882958387e-02	7.413102413009177e-02
2169	7.179667817194579e-02	7.244359600749903e-02
2357	7.079386608592020e-02	7.079457843841380e-02
3285	6.916544654987422e-02	6.918309709189366e-02
4717	6.759439502469067e-02	6.760829753919818e-02
6395	6.606554451852042e-02	6.606934480075961e-02
8332	6.328740366048946e-02	6.456542290346556e-02
11699	6.309549798097358e-02	6.309573444801933e-02
180012	6.291379307670542e-02	6.309573444801933e-02
