%
% index = 180, name = bbob_f002_i02_d02__bbob_f008_i04_d02
% instance = 1, reference value = 9.448884814959130e-01
% function evaluation | indicator value | target hit
1	5.206562913131865e-01	5.248074602497725e-01
10	2.778505712577696e-01	2.818382931264454e-01
19	2.698046310544877e-01	2.754228703338166e-01
20	2.682283801824739e-01	2.691534803926916e-01
118	2.602230711552754e-01	2.630267991895382e-01
181	2.463426107113486e-01	2.511886431509580e-01
355	2.391830083169586e-01	2.398832919019490e-01
478	4.667107598920239e-02	4.677351412871981e-02
695	4.562328409312244e-02	4.570881896148749e-02
862	4.464779241489059e-02	4.466835921509630e-02
1029	4.343793165766985e-02	4.365158322401658e-02
1117	4.227074902849803e-02	4.265795188015926e-02
1341	4.118590684600976e-02	4.168693834703355e-02
1467	4.050984180699946e-02	4.073802778041128e-02
1505	3.406142761441433e-02	3.467368504525317e-02
1752	3.354613615212509e-02	3.388441561392026e-02
1782	3.286652183897787e-02	3.311311214825911e-02
1804	2.966906074466635e-02	3.019951720402016e-02
1812	2.914651295646220e-02	2.951209226666385e-02
1855	2.878377389225295e-02	2.884031503126606e-02
1935	2.717696907152323e-02	2.754228703338166e-02
2131	2.684872699566376e-02	2.691534803926915e-02
2189	2.624802381533453e-02	2.630267991895381e-02
2279	2.564333022724374e-02	2.570395782768863e-02
2297	2.358754861594292e-02	2.398832919019490e-02
2316	2.342449297304816e-02	2.344228815319923e-02
2377	2.108611304813834e-02	2.137962089502233e-02
2511	2.087097502376989e-02	2.089296130854040e-02
2516	1.478492856337865e-02	1.479108388168207e-02
2836	1.445062235211669e-02	1.445439770745927e-02
2970	1.412221649691847e-02	1.412537544622754e-02
3099	1.356725276252124e-02	1.380384264602885e-02
3101	1.346995184255018e-02	1.348962882591653e-02
3880	1.316328187581317e-02	1.318256738556407e-02
3896	1.284192836535336e-02	1.288249551693134e-02
3919	1.229962516672856e-02	1.230268770812382e-02
4098	1.202044397174584e-02	1.202264434617413e-02
4155	1.136265095597788e-02	1.148153621496883e-02
4779	9.754211875951269e-03	9.772372209558112e-03
4834	9.539501848428888e-03	9.549925860214359e-03
4876	9.195573576676219e-03	9.332543007969915e-03
4992	9.119662391597672e-03	9.120108393559097e-03
5055	8.809005097932143e-03	8.912509381337459e-03
5162	8.606890041624071e-03	8.709635899560805e-03
6258	8.489046813893508e-03	8.511380382023767e-03
6363	7.764143165755022e-03	7.943282347242814e-03
6387	7.762131390988247e-03	7.762471166286920e-03
6636	7.536710362251342e-03	7.585775750291836e-03
6667	7.379726839921386e-03	7.413102413009177e-03
6705	7.194968973007088e-03	7.244359600749898e-03
7868	7.079193871524003e-03	7.079457843841380e-03
8082	6.914383928005141e-03	6.918309709189363e-03
8215	6.697532433418196e-03	6.760829753919818e-03
8282	6.557077563663638e-03	6.606934480075957e-03
8506	6.456341819963574e-03	6.456542290346556e-03
8823	6.255380647061659e-03	6.309573444801930e-03
8917	5.978100909998951e-03	6.025595860743574e-03
9024	5.881842436966322e-03	5.888436553555890e-03
10793	5.753861948561756e-03	5.754399373371567e-03
10966	5.544835396833148e-03	5.623413251903491e-03
11064	5.487370074853781e-03	5.495408738576248e-03
11427	5.112640335530938e-03	5.128613839913648e-03
11455	5.006431097726805e-03	5.011872336272725e-03
11801	4.884433638251862e-03	4.897788193684461e-03
12528	4.755814915807344e-03	4.786300923226385e-03
12965	4.676196555953194e-03	4.677351412871981e-03
15600	4.570342509266134e-03	4.570881896148752e-03
17309	4.464898087420122e-03	4.466835921509630e-03
19132	4.364277026845498e-03	4.365158322401661e-03
22612	4.265162909907527e-03	4.265795188015926e-03
25274	4.165947265177938e-03	4.168693834703355e-03
29700	4.073779071262273e-03	4.073802778041126e-03
35357	3.935953196135933e-03	3.981071705534973e-03
47048	3.887667590562027e-03	3.890451449942805e-03
93624	3.800332617299396e-03	3.801893963205613e-03
114900	3.711992812769016e-03	3.715352290971724e-03
122662	3.707985464378338e-03	3.715352290971724e-03
%
% index = 181, name = bbob_f002_i03_d02__bbob_f008_i05_d02
% instance = 2, reference value = 9.997596376687100e-01
% function evaluation | indicator value | target hit
1	4.709270630445819e-01	4.786300923226383e-01
25	4.569227326059860e-01	4.570881896148750e-01
30	3.157566580673988e-01	3.162277660168379e-01
33	2.210552101804891e-01	2.238721138568339e-01
55	2.107680809450373e-01	2.137962089502232e-01
71	1.351876787693059e-01	1.380384264602885e-01
78	1.725356733030048e-02	1.737800828749375e-02
99	1.388382835747626e-02	1.412537544622754e-02
121	1.328937468696811e-02	1.348962882591653e-02
151	1.310773477893512e-02	1.318256738556407e-02
160	1.285520421977870e-02	1.288249551693134e-02
220	8.657240828671919e-03	8.709635899560805e-03
238	6.806720031602542e-03	6.918309709189363e-03
288	6.739246057902881e-03	6.760829753919818e-03
289	5.747923430520330e-03	5.754399373371567e-03
294	5.240606666190195e-03	5.248074602497728e-03
301	4.540771179077474e-03	4.570881896148752e-03
378	4.305035265110502e-03	4.365158322401661e-03
401	4.114214286023765e-03	4.168693834703355e-03
411	3.885619225120873e-03	3.890451449942805e-03
473	3.795598984625448e-03	3.801893963205613e-03
481	3.585741416943566e-03	3.630780547701014e-03
484	3.547517858127347e-03	3.548133892335753e-03
485	1.011774068283566e-03	1.023292992280754e-03
547	6.416116217383694e-04	6.456542290346556e-04
583	5.910812449428926e-04	6.025595860743575e-04
623	5.788280447758254e-04	5.888436553555889e-04
1254	5.754317138095821e-04	5.754399373371566e-04
120000	5.723421085863656e-04	5.754399373371566e-04
%
% index = 182, name = bbob_f002_i07_d02__bbob_f008_i08_d02
% instance = 3, reference value = 9.999511365309690e-01
% function evaluation | indicator value | target hit
1	9.002103984690126e+01	9.120108393559097e+01
3	8.899884342346176e+01	8.912509381337455e+01
20	2.474344122637184e+01	2.511886431509580e+01
28	2.067918952262321e+01	2.089296130854040e+01
59	1.981664808353497e+01	1.995262314968880e+01
95	9.241166313666082e-01	9.332543007969910e-01
173	8.485585983386116e-01	8.511380382023764e-01
187	4.556400764194531e-01	4.570881896148750e-01
208	2.905971288496898e-01	2.951209226666385e-01
218	1.185000235956648e-01	1.202264434617413e-01
288	9.383600741435383e-02	9.549925860214359e-02
302	9.182345027434535e-02	9.332543007969910e-02
325	6.285166243846052e-02	6.309573444801933e-02
382	4.945989081834257e-02	5.011872336272722e-02
385	4.233915512142161e-02	4.265795188015926e-02
402	3.885864084972090e-02	3.890451449942807e-02
441	6.720468516504208e-03	6.760829753919818e-03
527	6.565609189073118e-03	6.606934480075957e-03
600	9.487107519030591e-04	9.549925860214359e-04
681	8.461967071698995e-04	8.511380382023768e-04
726	5.969094648166084e-04	6.025595860743575e-04
760	5.741448222820189e-04	5.754399373371566e-04
795	5.607626896733109e-04	5.623413251903491e-04
864	5.476491724107913e-04	5.495408738576248e-04
900	3.636011651974025e-04	3.715352290971724e-04
918	3.537900963171969e-04	3.548133892335753e-04
934	3.210030067609670e-04	3.235936569296281e-04
935	2.985602155661793e-04	3.019951720402016e-04
960	2.196999188990301e-04	2.238721138568340e-04
973	1.890999506370949e-04	1.905460717963246e-04
1109	1.761638760086059e-04	1.778279410038923e-04
1300	1.709679604090519e-04	1.737800828749376e-04
1520	1.197702004355206e-04	1.202264434617413e-04
81228	1.172607161892270e-04	1.174897554939529e-04
107902	5.940149793437488e-05	6.025595860743581e-05
113887	4.070194045147080e-05	4.073802778041130e-05
119842	2.418138023896343e-05	2.454708915685029e-05
120001	2.418138015469751e-05	2.454708915685029e-05
%
% index = 183, name = bbob_f002_i09_d02__bbob_f008_i10_d02
% instance = 4, reference value = 9.999631919765620e-01
% function evaluation | indicator value | target hit
1	7.525070871071238e-03	7.585775750291836e-03
32	4.785394249152808e-03	4.786300923226385e-03
75	2.364322545757580e-03	2.398832919019490e-03
79	1.983969806158115e-03	1.995262314968879e-03
81	1.736426332492713e-03	1.737800828749376e-03
95	1.405879583128988e-03	1.412537544622754e-03
108	7.418095884931253e-04	7.585775750291835e-04
111	7.028203154582080e-04	7.079457843841380e-04
115	6.554920067133319e-04	6.606934480075957e-04
132	5.461233349346450e-04	5.495408738576248e-04
147	4.151136907590836e-04	4.168693834703355e-04
225	3.690682543256996e-04	3.715352290971724e-04
252	1.568585972550052e-04	1.584893192461114e-04
332	1.530656659801677e-04	1.548816618912481e-04
377	1.420693684063279e-04	1.445439770745928e-04
379	1.370751677307602e-04	1.380384264602885e-04
408	1.316512371434264e-04	1.318256738556407e-04
422	1.032280100045080e-04	1.047128548050900e-04
456	9.810371395413409e-05	1.000000000000000e-04
494	9.585466880257520e-05	9.772372209558111e-05
508	9.393453438777399e-05	9.549925860214369e-05
521	9.314074491884039e-05	9.332543007969905e-05
563	9.108611315344906e-05	9.120108393559096e-05
588	6.411213801127413e-05	6.456542290346549e-05
603	5.891595720808329e-05	6.025595860743581e-05
626	5.883016276708730e-05	5.888436553555884e-05
637	3.505823578564549e-05	3.548133892335753e-05
654	3.458182345650318e-05	3.467368504525317e-05
664	3.384617394963652e-05	3.388441561392028e-05
723	3.207967315188576e-05	3.235936569296281e-05
734	3.074083415788298e-05	3.090295432513592e-05
740	3.007347912509228e-05	3.019951720402019e-05
741	2.890102518093851e-05	2.951209226666384e-05
757	2.564348187927834e-05	2.570395782768864e-05
785	2.511316323472457e-05	2.511886431509582e-05
799	2.428383743235951e-05	2.454708915685029e-05
918	2.326340958680451e-05	2.344228815319923e-05
993	2.254773580601110e-05	2.290867652767775e-05
1007	2.212816235069859e-05	2.238721138568338e-05
1036	2.125531740737596e-05	2.137962089502232e-05
1046	2.049675418869246e-05	2.089296130854041e-05
1053	1.989792365131304e-05	1.995262314968879e-05
1107	1.941382414516468e-05	1.949844599758046e-05
1143	1.772211710415750e-05	1.778279410038923e-05
1144	1.731417072570185e-05	1.737800828749376e-05
1171	1.696305971743417e-05	1.698243652461746e-05
1206	1.657983152303366e-05	1.659586907437560e-05
1232	1.530119036574629e-05	1.548816618912483e-05
1244	1.508502929103983e-05	1.513561248436207e-05
1262	1.478557863354713e-05	1.479108388168207e-05
1273	1.405524359543442e-05	1.412537544622755e-05
1288	1.368143974744829e-05	1.380384264602884e-05
1297	1.338254201055378e-05	1.348962882591653e-05
1521	1.288448397385178e-05	1.318256738556407e-05
1524	1.283171768806657e-05	1.288249551693135e-05
1529	1.217493280225579e-05	1.230268770812381e-05
1563	1.174314594887260e-05	1.174897554939530e-05
1593	1.141868906584520e-05	1.148153621496882e-05
1658	1.119950452244112e-05	1.122018454301963e-05
1665	1.095954227647855e-05	1.096478196143185e-05
1695	1.071466862945236e-05	1.071519305237607e-05
2030	1.046296593332219e-05	1.047128548050899e-05
2085	1.022476905720993e-05	1.023292992280754e-05
2121	9.951743410563374e-06	1.000000000000000e-05
2602	9.756850396502870e-06	9.772372209558111e-06
2610	9.549062828018151e-06	9.549925860214369e-06
2697	9.329237897870435e-06	9.332543007969906e-06
2753	8.447963207758313e-06	8.511380382023760e-06
3424	8.308170920234836e-06	8.317637711026709e-06
3486	8.066201488188263e-06	8.128305161640995e-06
3539	7.940957798768800e-06	7.943282347242822e-06
3719	7.762204081940283e-06	7.762471166286911e-06
4900	7.553848211161451e-06	7.585775750291836e-06
5027	7.385453182573443e-06	7.413102413009177e-06
6748	7.243945156609755e-06	7.244359600749906e-06
9221	7.079419646616181e-06	7.079457843841373e-06
12638	6.849154530530477e-06	6.918309709189363e-06
13007	6.709515388725329e-06	6.760829753919819e-06
23378	6.606820388110890e-06	6.606934480075964e-06
33488	6.418145307995893e-06	6.456542290346549e-06
39714	6.309550337091352e-06	6.309573444801930e-06
48990	6.165866256568897e-06	6.165950018614822e-06
52583	5.945153537356695e-06	6.025595860743581e-06
60614	5.887930048742440e-06	5.888436553555884e-06
120000	5.793783406260467e-06	5.888436553555884e-06
%
% index = 184, name = bbob_f002_i11_d02__bbob_f008_i12_d02
% instance = 5, reference value = 9.998183045448630e-01
% function evaluation | indicator value | target hit
1	1.147614994545863e+00	1.148153621496883e+00
7	2.730368507170733e-02	2.754228703338166e-02
12	1.243525492556319e-02	1.258925411794167e-02
59	1.103110340342606e-02	1.122018454301964e-02
97	9.313119250158208e-03	9.332543007969915e-03
111	8.670459872944125e-03	8.709635899560805e-03
114	6.081055525562262e-03	6.165950018614822e-03
115	3.465914429055306e-03	3.467368504525317e-03
127	3.004226570495927e-03	3.019951720402016e-03
205	2.839555840994046e-03	2.884031503126605e-03
220	2.794717674221237e-03	2.818382931264455e-03
228	2.501793156900800e-03	2.511886431509579e-03
237	2.412077606338991e-03	2.454708915685031e-03
246	2.335230178294401e-03	2.344228815319923e-03
249	2.039254393290668e-03	2.041737944669530e-03
252	1.986259269612267e-03	1.995262314968879e-03
273	1.687054272705990e-03	1.698243652461744e-03
288	1.617462001203607e-03	1.621810097358930e-03
308	1.581555187678885e-03	1.584893192461114e-03
310	8.262396131694105e-04	8.317637711026709e-04
330	7.390041465555885e-04	7.413102413009177e-04
341	7.227319711879954e-04	7.244359600749898e-04
351	5.256926069353574e-04	5.370317963702527e-04
364	5.103406829800594e-04	5.128613839913648e-04
411	4.979501655582030e-04	5.011872336272725e-04
427	4.604105920338331e-04	4.677351412871981e-04
431	4.567316393079279e-04	4.570881896148752e-04
474	3.486811806663326e-04	3.548133892335753e-04
488	3.462078776689248e-04	3.467368504525317e-04
489	1.832409058233342e-04	1.862087136662868e-04
492	1.778093428648209e-04	1.778279410038923e-04
503	1.644890970894375e-04	1.659586907437562e-04
514	1.439962207276935e-04	1.445439770745928e-04
535	1.399276735459809e-04	1.412537544622754e-04
536	1.306830719945973e-04	1.318256738556407e-04
552	1.237586211189079e-04	1.258925411794167e-04
563	1.132022638713481e-04	1.148153621496883e-04
572	1.107008787475383e-04	1.122018454301963e-04
584	1.015947903122427e-04	1.023292992280754e-04
593	9.724034317915020e-05	9.772372209558111e-05
594	9.237266487527318e-05	9.332543007969905e-05
619	9.050002526378442e-05	9.120108393559096e-05
620	8.852563792893786e-05	8.912509381337459e-05
630	8.618577893870771e-05	8.709635899560814e-05
647	6.881415814119496e-05	6.918309709189363e-05
662	6.622618942164760e-05	6.760829753919819e-05
668	6.458495759498195e-05	6.606934480075965e-05
681	6.411416995133479e-05	6.456542290346549e-05
690	5.752066952569024e-05	5.754399373371566e-05
694	5.541586201718296e-05	5.623413251903491e-05
695	5.442883393302900e-05	5.495408738576248e-05
716	5.197095446674016e-05	5.248074602497723e-05
717	5.012300336504349e-05	5.128613839913648e-05
725	4.752762836357505e-05	4.786300923226380e-05
726	4.327748837607004e-05	4.365158322401657e-05
737	3.765499760910451e-05	3.801893963205612e-05
755	3.582477944741314e-05	3.630780547701010e-05
782	3.524168165258690e-05	3.548133892335753e-05
788	3.448165747332865e-05	3.467368504525317e-05
935	3.348914351430921e-05	3.388441561392028e-05
961	3.176062476661912e-05	3.235936569296281e-05
963	3.131839998093966e-05	3.162277660168380e-05
971	3.026800526517714e-05	3.090295432513592e-05
985	2.960563992504550e-05	3.019951720402019e-05
987	2.901269334032452e-05	2.951209226666384e-05
996	2.864014524839309e-05	2.884031503126606e-05
1043	2.814568344466917e-05	2.818382931264455e-05
1048	2.748266270280464e-05	2.754228703338169e-05
1057	2.688866058531136e-05	2.691534803926914e-05
1070	2.585588943015971e-05	2.630267991895381e-05
1077	2.542875854039117e-05	2.570395782768864e-05
1089	2.506261474599647e-05	2.511886431509582e-05
1105	2.439786521868381e-05	2.454708915685029e-05
1118	2.123525496688927e-05	2.137962089502232e-05
1120	2.077805952860334e-05	2.089296130854041e-05
1187	2.029287178950678e-05	2.041737944669527e-05
1356	1.995249449515679e-05	1.995262314968879e-05
1378	1.941799205207317e-05	1.949844599758046e-05
1416	1.898471876005114e-05	1.905460717963248e-05
1438	1.858214347505438e-05	1.862087136662866e-05
1459	1.764298391293551e-05	1.778279410038923e-05
1477	1.733300043338382e-05	1.737800828749376e-05
1489	1.694598459744956e-05	1.698243652461746e-05
1521	1.632557107666965e-05	1.659586907437560e-05
1537	1.530760144285992e-05	1.548816618912483e-05
1541	1.486217666080147e-05	1.513561248436207e-05
1542	1.477492815737946e-05	1.479108388168207e-05
1988	1.442531033990502e-05	1.445439770745928e-05
2026	1.412055668392753e-05	1.412537544622755e-05
2046	1.371824145024458e-05	1.380384264602884e-05
2098	1.330961615964021e-05	1.348962882591653e-05
2115	1.312012492127312e-05	1.318256738556407e-05
2129	1.252873177493008e-05	1.258925411794166e-05
2160	1.205573339002619e-05	1.230268770812381e-05
2172	1.200461136008357e-05	1.202264434617413e-05
2826	1.174105497137035e-05	1.174897554939530e-05
2843	1.132138619563960e-05	1.148153621496882e-05
2853	1.114370302912615e-05	1.122018454301963e-05
2859	1.088874921817418e-05	1.096478196143185e-05
2892	1.066728653198457e-05	1.071519305237607e-05
2957	1.046186867326160e-05	1.047128548050899e-05
3000	1.023205675865224e-05	1.023292992280754e-05
3927	9.938002943576940e-06	1.000000000000000e-05
3951	9.744420530477527e-06	9.772372209558111e-06
4034	9.482104115443590e-06	9.549925860214369e-06
4080	7.650449093565825e-06	7.762471166286911e-06
4095	7.584979358710164e-06	7.585775750291836e-06
4198	7.405223840017960e-06	7.413102413009177e-06
4268	7.232628250197770e-06	7.244359600749906e-06
5713	7.052737308610446e-06	7.079457843841373e-06
5809	6.917325603206237e-06	6.918309709189363e-06
5966	6.755612724118620e-06	6.760829753919819e-06
7981	6.605017486172038e-06	6.606934480075964e-06
8074	6.449512273132285e-06	6.456542290346549e-06
8179	6.309388453140663e-06	6.309573444801930e-06
8194	6.064104989933483e-06	6.165950018614822e-06
8233	6.020890702784776e-06	6.025595860743581e-06
8334	5.888193557512800e-06	5.888436553555884e-06
8443	5.715829141994533e-06	5.754399373371567e-06
11372	5.620829725550003e-06	5.623413251903491e-06
11632	5.494813421380584e-06	5.495408738576248e-06
11794	5.369966266322024e-06	5.370317963702533e-06
15927	5.239239463605827e-06	5.248074602497723e-06
16389	5.118542123705438e-06	5.128613839913648e-06
22201	5.011780398245236e-06	5.011872336272725e-06
30177	4.897769571132748e-06	4.897788193684467e-06
31936	4.786274436341387e-06	4.786300923226380e-06
36133	4.677120269191981e-06	4.677351412871981e-06
42210	4.570817052851339e-06	4.570881896148752e-06
60973	4.387420671769782e-06	4.466835921509635e-06
87377	4.365152793561755e-06	4.365158322401657e-06
120000	4.355537821409960e-06	4.365158322401657e-06
%
% index = 185, name = bbob_f002_i13_d02__bbob_f008_i14_d02
% instance = 6, reference value = 9.997862541184610e-01
% function evaluation | indicator value | target hit
1	5.240456186997455e-01	5.248074602497725e-01
3	9.653592992853277e-02	9.772372209558107e-02
6	8.381731999230324e-02	8.511380382023763e-02
8	8.220049262213847e-02	8.317637711026708e-02
17	7.895332743787165e-02	7.943282347242814e-02
66	5.156162096876815e-02	5.248074602497726e-02
81	1.707227516312271e-02	1.737800828749375e-02
101	1.645813092537185e-02	1.659586907437561e-02
120	1.485167940019783e-02	1.513561248436208e-02
184	2.255817710549723e-03	2.290867652767772e-03
289	2.221583681292438e-03	2.238721138568340e-03
302	8.181991710524139e-04	8.317637711026709e-04
311	8.015330924971975e-04	8.128305161640995e-04
352	6.876366414734214e-04	6.918309709189362e-04
371	6.514651985201070e-04	6.606934480075957e-04
381	5.976286012246979e-04	6.025595860743575e-04
421	5.819768618832155e-04	5.888436553555889e-04
532	5.735993382999238e-04	5.754399373371566e-04
559	5.555769657643594e-04	5.623413251903491e-04
636	5.407734916168527e-04	5.495408738576248e-04
641	5.038990780925623e-04	5.128613839913648e-04
782	5.007239635276273e-04	5.011872336272725e-04
2454	4.806067255160862e-04	4.897788193684461e-04
3762	4.775610225470350e-04	4.786300923226385e-04
5897	4.648350565131798e-04	4.677351412871981e-04
8713	4.508810403438535e-04	4.570881896148752e-04
10065	4.466724627588681e-04	4.466835921509630e-04
10471	4.318998456218637e-04	4.365158322401661e-04
11859	4.249862673116889e-04	4.265795188015926e-04
12037	3.992486813776397e-04	4.073802778041126e-04
14465	3.964889453106357e-04	3.981071705534974e-04
14519	3.704445217621588e-04	3.715352290971724e-04
15927	3.576623752250541e-04	3.630780547701014e-04
16982	3.540516703608443e-04	3.548133892335753e-04
17739	3.261888266312685e-04	3.311311214825911e-04
19691	3.235334539166690e-04	3.235936569296281e-04
25811	3.087398238001970e-04	3.090295432513592e-04
28830	2.976772414740037e-04	3.019951720402016e-04
31252	2.839795791245159e-04	2.884031503126605e-04
34862	2.777385325697379e-04	2.818382931264455e-04
37163	2.715435903732910e-04	2.754228703338166e-04
39347	2.654685829370784e-04	2.691534803926917e-04
49272	2.621083928151524e-04	2.630267991895381e-04
62397	2.562035451385558e-04	2.570395782768865e-04
69826	2.444028586476854e-04	2.454708915685031e-04
72551	2.372806697766849e-04	2.398832919019490e-04
74352	2.188485143586050e-04	2.238721138568340e-04
74353	2.159347771379938e-04	2.187761623949552e-04
79649	2.120054234083790e-04	2.137962089502232e-04
104315	2.078866984766004e-04	2.089296130854039e-04
122754	2.051746192581749e-04	2.089296130854039e-04
%
% index = 186, name = bbob_f002_i15_d02__bbob_f008_i16_d02
% instance = 7, reference value = 9.982819285526729e-01
% function evaluation | indicator value | target hit
1	7.776265905813289e-01	7.943282347242815e-01
11	3.855004750059275e-01	3.890451449942806e-01
26	3.236102311445066e-01	3.311311214825911e-01
29	3.216575880918007e-01	3.235936569296283e-01
31	2.953537718951359e-01	3.019951720402016e-01
33	1.770002151737118e-01	1.778279410038923e-01
80	1.409613393277858e-01	1.412537544622754e-01
90	5.664990079900034e-02	5.754399373371569e-02
102	5.587954151428154e-02	5.623413251903491e-02
111	5.435688606863831e-02	5.495408738576246e-02
118	4.422063347556637e-02	4.466835921509630e-02
145	4.036314622548121e-02	4.073802778041128e-02
147	3.156322848806914e-02	3.162277660168379e-02
151	3.077640862379338e-02	3.090295432513590e-02
160	1.424888425851656e-02	1.445439770745927e-02
219	1.384804448319066e-02	1.412537544622754e-02
236	1.218905452107488e-02	1.230268770812382e-02
242	6.121676524448727e-03	6.165950018614822e-03
271	5.982220737724364e-03	6.025595860743574e-03
272	5.674581919333233e-03	5.754399373371567e-03
278	4.413399795980655e-03	4.466835921509630e-03
283	4.063411401078243e-03	4.073802778041126e-03
295	3.957695365927605e-03	3.981071705534973e-03
300	3.824525818764690e-03	3.890451449942805e-03
319	3.385696037038421e-03	3.388441561392024e-03
370	3.298082742656194e-03	3.311311214825911e-03
392	3.227788101909823e-03	3.235936569296281e-03
393	2.357393740188618e-03	2.398832919019490e-03
398	2.241915460554855e-03	2.290867652767772e-03
405	2.214936296130010e-03	2.238721138568340e-03
422	2.092382377740787e-03	2.137962089502233e-03
451	1.936585787440381e-03	1.949844599758046e-03
454	1.879717274260173e-03	1.905460717963246e-03
470	1.846055643851208e-03	1.862087136662868e-03
517	1.816807383772101e-03	1.819700858609983e-03
527	9.993625032900244e-04	1.000000000000000e-03
554	9.230392684373978e-04	9.332543007969915e-04
555	8.179936227018514e-04	8.317637711026709e-04
568	8.104631633594206e-04	8.128305161640995e-04
577	7.937222059879456e-04	7.943282347242813e-04
604	7.296899841573445e-04	7.413102413009177e-04
618	7.015535837486819e-04	7.079457843841380e-04
631	6.644193527893805e-04	6.760829753919819e-04
635	6.568531176880388e-04	6.606934480075957e-04
647	6.351367030466015e-04	6.456542290346556e-04
648	6.046076579081516e-04	6.165950018614823e-04
653	6.005457103962497e-04	6.025595860743575e-04
671	5.066029869991162e-04	5.128613839913648e-04
672	4.581008129131980e-04	4.677351412871981e-04
673	4.492303449510349e-04	4.570881896148752e-04
674	4.386610552348236e-04	4.466835921509630e-04
685	4.317116681524791e-04	4.365158322401661e-04
725	4.224125629453956e-04	4.265795188015926e-04
758	4.155255363801347e-04	4.168693834703355e-04
759	3.969891748956123e-04	3.981071705534974e-04
760	3.829208496297642e-04	3.890451449942805e-04
797	3.276226330956034e-04	3.311311214825911e-04
948	3.223169208901311e-04	3.235936569296281e-04
971	3.078203707834737e-04	3.090295432513592e-04
995	3.009217429373878e-04	3.019951720402016e-04
1017	2.919078149350440e-04	2.951209226666387e-04
1027	2.879501083313807e-04	2.884031503126605e-04
1048	2.616160791462097e-04	2.630267991895381e-04
1053	2.564168044763004e-04	2.570395782768865e-04
1084	2.368191398236519e-04	2.398832919019490e-04
1101	2.331835834293861e-04	2.344228815319923e-04
1102	2.240197217205919e-04	2.290867652767772e-04
1103	2.116407946854970e-04	2.137962089502232e-04
1194	1.925620005633899e-04	1.949844599758046e-04
1346	1.852531608216301e-04	1.862087136662868e-04
1358	1.819506795969206e-04	1.819700858609983e-04
1379	1.725040877272876e-04	1.737800828749376e-04
1417	1.697252966424978e-04	1.698243652461744e-04
1421	1.659211701297014e-04	1.659586907437562e-04
1462	1.615888010781941e-04	1.621810097358930e-04
1494	1.365194125880764e-04	1.380384264602885e-04
1516	1.280561206610242e-04	1.288249551693134e-04
1835	1.258783591668866e-04	1.258925411794167e-04
1847	1.229309427852598e-04	1.230268770812381e-04
1855	1.201448620568035e-04	1.202264434617413e-04
1875	1.167049948971322e-04	1.174897554939529e-04
1882	1.147673675626626e-04	1.148153621496883e-04
1891	1.121331362857747e-04	1.122018454301963e-04
1893	1.051965151168677e-04	1.071519305237606e-04
1910	1.039601095212950e-04	1.047128548050900e-04
1927	1.009300662703216e-04	1.023292992280754e-04
1938	9.994696910553547e-05	1.000000000000000e-04
1975	9.751741066321706e-05	9.772372209558111e-05
1988	9.540746083391838e-05	9.549925860214369e-05
2424	8.704245433921454e-05	8.709635899560814e-05
2495	8.508426332154428e-05	8.511380382023759e-05
2528	8.315079437415385e-05	8.317637711026709e-05
2560	8.104436763323175e-05	8.128305161640995e-05
2595	7.916672033536631e-05	7.943282347242822e-05
2620	7.479143700128699e-05	7.585775750291836e-05
3174	7.400005619018213e-05	7.413102413009176e-05
3201	7.241200880281351e-05	7.244359600749906e-05
3233	7.071751397380588e-05	7.079457843841373e-05
3268	6.913951720399769e-05	6.918309709189363e-05
3282	6.545576476280068e-05	6.606934480075965e-05
3328	6.438349814230637e-05	6.456542290346549e-05
3340	6.304683414093404e-05	6.309573444801929e-05
3387	6.150423407058625e-05	6.165950018614822e-05
3416	6.021510515274997e-05	6.025595860743581e-05
3478	5.885325210119863e-05	5.888436553555884e-05
3503	5.712690359138684e-05	5.754399373371566e-05
3795	5.613729611830820e-05	5.623413251903491e-05
4518	5.494482009027468e-05	5.495408738576248e-05
4571	5.354455214556797e-05	5.370317963702532e-05
4668	5.246142140769017e-05	5.248074602497723e-05
4677	4.884691052831069e-05	4.897788193684466e-05
4711	4.785888491820600e-05	4.786300923226380e-05
4719	4.653368484697218e-05	4.677351412871981e-05
4753	4.556305386949067e-05	4.570881896148752e-05
4779	4.402028266292657e-05	4.466835921509635e-05
4791	4.339717899204398e-05	4.365158322401657e-05
4849	4.195558096575791e-05	4.265795188015926e-05
4881	4.168342951693660e-05	4.168693834703355e-05
4949	4.073699655193774e-05	4.073802778041130e-05
4994	3.948507507078869e-05	3.981071705534969e-05
5045	3.890091634128900e-05	3.890451449942805e-05
6507	3.801511272893965e-05	3.801893963205612e-05
6579	3.696964970156813e-05	3.715352290971728e-05
6623	3.610863818159782e-05	3.630780547701010e-05
6710	3.547603127063148e-05	3.548133892335753e-05
6790	3.463831833006026e-05	3.467368504525317e-05
6818	3.143104540281882e-05	3.162277660168380e-05
6824	3.060626894746399e-05	3.090295432513592e-05
6857	3.013972754228877e-05	3.019951720402019e-05
6957	2.941601850181552e-05	2.951209226666384e-05
6994	2.883118634444681e-05	2.884031503126606e-05
9067	2.818370520207836e-05	2.818382931264455e-05
9107	2.749591521122863e-05	2.754228703338169e-05
9162	2.690580670994258e-05	2.691534803926914e-05
9254	2.628361818401981e-05	2.630267991895381e-05
9332	2.558331549173953e-05	2.570395782768864e-05
9348	2.448703237079020e-05	2.454708915685029e-05
9488	2.389159014404285e-05	2.398832919019490e-05
9502	2.328019073949417e-05	2.344228815319923e-05
9584	2.290793636372523e-05	2.290867652767775e-05
12424	2.233181287314423e-05	2.238721138568338e-05
12499	2.087861825661452e-05	2.089296130854041e-05
12617	2.041437644506594e-05	2.041737944669527e-05
12697	1.970450464838791e-05	1.995262314968879e-05
12709	1.901733498343994e-05	1.905460717963248e-05
12824	1.862006583586151e-05	1.862087136662866e-05
12884	1.819599019969864e-05	1.819700858609983e-05
13108	1.778233076610292e-05	1.778279410038923e-05
16249	1.721704696711068e-05	1.737800828749376e-05
16957	1.694827816911548e-05	1.698243652461746e-05
17102	1.619577167188968e-05	1.621810097358930e-05
17134	1.577282513753886e-05	1.584893192461114e-05
17229	1.548564176978573e-05	1.548816618912483e-05
17422	1.513172820288844e-05	1.513561248436207e-05
17543	1.477803025129454e-05	1.479108388168207e-05
17612	1.434585544313194e-05	1.445439770745928e-05
17662	1.408679964876036e-05	1.412537544622755e-05
17839	1.380146350349332e-05	1.380384264602884e-05
17912	1.341747335836807e-05	1.348962882591653e-05
23309	1.318239646896924e-05	1.318256738556407e-05
23476	1.287643906300318e-05	1.288249551693135e-05
23507	1.255257080523542e-05	1.258925411794166e-05
23620	1.228421571508598e-05	1.230268770812381e-05
23792	1.200848962312762e-05	1.202264434617413e-05
23907	1.174207810339389e-05	1.174897554939530e-05
24071	1.148137450579512e-05	1.148153621496882e-05
24250	1.119754930722916e-05	1.122018454301963e-05
24376	1.094153040248624e-05	1.096478196143185e-05
24524	1.061477383534903e-05	1.071519305237607e-05
24591	1.047078454796679e-05	1.047128548050899e-05
29383	1.019894785125874e-05	1.023292992280754e-05
31997	9.999202338240032e-06	1.000000000000000e-05
32187	9.678583575922772e-06	9.772372209558111e-06
32357	9.548151818750128e-06	9.549925860214369e-06
32624	9.241875428056545e-06	9.332543007969906e-06
32740	9.099081219599015e-06	9.120108393559096e-06
33026	8.886676285957407e-06	8.912509381337459e-06
33181	8.709492368419447e-06	8.709635899560814e-06
33425	8.506167480826221e-06	8.511380382023760e-06
33614	8.313256802949809e-06	8.317637711026709e-06
33961	8.125248097234916e-06	8.128305161640995e-06
34198	7.941043714265739e-06	7.943282347242822e-06
34421	7.762381298737075e-06	7.762471166286911e-06
34663	7.584284246742179e-06	7.585775750291836e-06
35053	7.410506118965543e-06	7.413102413009177e-06
35450	7.208094422228584e-06	7.244359600749906e-06
35659	7.079321445169207e-06	7.079457843841373e-06
36169	6.913436849997900e-06	6.918309709189363e-06
36920	6.751260579695995e-06	6.760829753919819e-06
37331	6.606155253163770e-06	6.606934480075964e-06
37854	6.456529426879243e-06	6.456542290346549e-06
38407	6.307912678082950e-06	6.309573444801930e-06
38862	6.161765636281125e-06	6.165950018614822e-06
39527	6.023842883062791e-06	6.025595860743581e-06
40117	5.888408414977953e-06	5.888436553555884e-06
40543	5.750959118033805e-06	5.754399373371567e-06
41207	5.623251949971042e-06	5.623413251903491e-06
42089	5.495388546994384e-06	5.495408738576248e-06
42829	5.370243046698420e-06	5.370317963702533e-06
43883	5.244745555965658e-06	5.248074602497723e-06
44823	5.128611228699675e-06	5.128613839913648e-06
45843	5.011762651219165e-06	5.011872336272725e-06
46912	4.897639676149090e-06	4.897788193684467e-06
47906	4.785256966788332e-06	4.786300923226380e-06
49362	4.674486057898442e-06	4.677351412871981e-06
50965	4.569645062346694e-06	4.570881896148752e-06
52876	4.460006247541948e-06	4.466835921509635e-06
54634	4.357516504072123e-06	4.365158322401657e-06
56094	4.265774081746443e-06	4.265795188015926e-06
57978	4.168350706046375e-06	4.168693834703355e-06
60484	4.072149889400301e-06	4.073802778041131e-06
62975	3.980002935555227e-06	3.981071705534969e-06
65640	3.890245644289081e-06	3.890451449942805e-06
68362	3.801753136079000e-06	3.801893963205613e-06
72061	3.714545501298794e-06	3.715352290971728e-06
75910	3.624902397914020e-06	3.630780547701010e-06
81479	3.548132180730690e-06	3.548133892335753e-06
86972	3.467362403863916e-06	3.467368504525317e-06
95586	3.385270626821146e-06	3.388441561392028e-06
104945	3.309982439692050e-06	3.311311214825908e-06
117150	3.235792546907312e-06	3.235936569296281e-06
120000	3.223682049857679e-06	3.235936569296281e-06
%
% index = 187, name = bbob_f002_i17_d02__bbob_f008_i18_d02
% instance = 8, reference value = 9.862631299224590e-01
% function evaluation | indicator value | target hit
1	1.700634380384130e+02	1.737800828749376e+02
10	6.670526040040738e+00	6.760829753919817e+00
14	5.268867754708904e+00	5.370317963702527e+00
24	3.449710704010459e+00	3.467368504525317e+00
30	1.357773276764459e+00	1.380384264602885e+00
38	1.213274121814959e+00	1.230268770812382e+00
155	8.542043158043491e-01	8.709635899560807e-01
172	5.642525433394951e-01	5.754399373371569e-01
189	1.792669488436474e-01	1.819700858609984e-01
243	7.248744863878409e-02	7.413102413009177e-02
291	6.838393295372103e-02	6.918309709189366e-02
295	3.413902086452647e-02	3.467368504525317e-02
352	3.031743505819540e-02	3.090295432513590e-02
355	2.726706246926325e-02	2.754228703338166e-02
363	2.626860134421671e-02	2.630267991895381e-02
450	2.434519134407764e-02	2.454708915685030e-02
492	2.343589996702167e-02	2.344228815319923e-02
497	2.079375844266018e-02	2.089296130854040e-02
534	2.013164848668914e-02	2.041737944669529e-02
700	1.984842842531931e-02	1.995262314968880e-02
756	1.432183055996850e-02	1.445439770745927e-02
763	1.159676405619625e-02	1.174897554939530e-02
773	1.147669324617051e-02	1.148153621496883e-02
785	1.077894263064361e-02	1.096478196143185e-02
813	1.065630664104211e-02	1.071519305237606e-02
906	1.028632169316035e-02	1.047128548050900e-02
946	7.802989738657673e-03	7.943282347242814e-03
951	7.620662032088332e-03	7.762471166286920e-03
991	7.582396782629175e-03	7.585775750291836e-03
1025	7.410305715029208e-03	7.413102413009177e-03
1097	7.092718587049740e-03	7.244359600749898e-03
1107	7.024651955228389e-03	7.079457843841380e-03
1138	6.883294042882571e-03	6.918309709189363e-03
1179	6.726936123755856e-03	6.760829753919818e-03
1200	6.601854473598956e-03	6.606934480075957e-03
1388	6.370067232460697e-03	6.456542290346556e-03
1415	6.115930379144041e-03	6.165950018614822e-03
1437	6.021925144622409e-03	6.025595860743574e-03
1861	5.888214159332161e-03	5.888436553555890e-03
1885	5.742014147606112e-03	5.754399373371567e-03
3003	5.619377782463242e-03	5.623413251903491e-03
3381	5.493816612385460e-03	5.495408738576248e-03
8383	5.368062442059451e-03	5.370317963702527e-03
52461	5.148559108270168e-03	5.248074602497728e-03
57788	5.106508682558908e-03	5.128613839913648e-03
59622	5.000728251071118e-03	5.011872336272725e-03
99399	4.873206329874091e-03	4.897788193684461e-03
124467	4.869608281442450e-03	4.897788193684461e-03
%
% index = 188, name = bbob_f002_i19_d02__bbob_f008_i21_d02
% instance = 9, reference value = 9.998379529387820e-01
% function evaluation | indicator value | target hit
1	5.056233806729725e-01	5.128613839913648e-01
2	3.715114708157461e-01	3.715352290971726e-01
3	3.031588436710491e-01	3.090295432513591e-01
6	2.980791448294211e-01	3.019951720402016e-01
26	2.891500683218136e-01	2.951209226666385e-01
30	2.762096111774215e-01	2.818382931264454e-01
36	2.690887693465601e-01	2.691534803926916e-01
47	9.636200612587853e-02	9.772372209558107e-02
89	9.489691956389112e-02	9.549925860214359e-02
98	4.828698002759957e-02	4.897788193684462e-02
116	4.533815638384531e-02	4.570881896148749e-02
144	4.160997504337482e-02	4.168693834703355e-02
179	1.190367156744554e-02	1.202264434617413e-02
202	1.146341363046077e-02	1.148153621496883e-02
203	7.967478732256117e-03	8.128305161640995e-03
211	7.590437786156867e-03	7.762471166286920e-03
226	7.510172658331205e-03	7.585775750291836e-03
235	7.301032159826248e-03	7.413102413009177e-03
242	5.688975106941330e-03	5.754399373371567e-03
276	3.897040392179085e-03	3.981071705534973e-03
278	3.649069448366071e-03	3.715352290971724e-03
284	3.418905612347811e-03	3.467368504525317e-03
289	3.160398718373592e-03	3.162277660168379e-03
294	2.929983299953087e-03	2.951209226666387e-03
365	1.957467115320632e-03	1.995262314968879e-03
379	1.924310685569197e-03	1.949844599758046e-03
382	1.694616110244462e-03	1.698243652461744e-03
386	9.668426290709853e-04	9.772372209558111e-04
387	9.285077260567931e-04	9.332543007969915e-04
401	8.546485180066510e-04	8.709635899560805e-04
403	8.424127399438985e-04	8.511380382023768e-04
446	8.248360053011439e-04	8.317637711026709e-04
461	7.130291403484312e-04	7.244359600749898e-04
471	4.986111140139471e-04	5.011872336272725e-04
513	3.643318431699738e-04	3.715352290971724e-04
520	3.623889595487650e-04	3.630780547701014e-04
648	3.547184884511445e-04	3.548133892335753e-04
774	3.223453549016098e-04	3.235936569296281e-04
781	2.999766970989137e-04	3.019951720402016e-04
864	2.661471692784190e-04	2.691534803926917e-04
1015	2.365075791768145e-04	2.398832919019490e-04
1399	2.295103378673335e-04	2.344228815319923e-04
1570	2.281268239266998e-04	2.290867652767772e-04
1590	2.221606731350745e-04	2.238721138568340e-04
2582	2.176946437003613e-04	2.187761623949552e-04
28714	2.056837918051890e-04	2.089296130854039e-04
120001	2.056836812296403e-04	2.089296130854039e-04
%
% index = 189, name = bbob_f002_i21_d02__bbob_f008_i22_d02
% instance = 10, reference value = 9.999816828520720e-01
% function evaluation | indicator value | target hit
1	2.301589779775881e+00	2.344228815319922e+00
5	1.271368717243072e+00	1.288249551693134e+00
25	7.498801765632925e-01	7.585775750291838e-01
97	1.862179039115538e-01	1.905460717963247e-01
116	1.149178966127565e-01	1.174897554939529e-01
124	9.112739208439569e-02	9.120108393559097e-02
167	1.653516947656397e-02	1.659586907437561e-02
200	1.275077608398167e-02	1.288249551693134e-02
222	7.384783734363909e-03	7.413102413009177e-03
246	5.347816326977894e-03	5.370317963702527e-03
255	1.011851550231313e-03	1.023292992280754e-03
293	9.950070164109759e-04	1.000000000000000e-03
344	9.429002699887779e-04	9.549925860214359e-04
358	8.363491901325348e-04	8.511380382023768e-04
370	7.243977038177141e-04	7.244359600749898e-04
373	6.647079184238791e-04	6.760829753919819e-04
378	4.016576228831337e-04	4.073802778041126e-04
396	3.718533139184244e-04	3.801893963205612e-04
398	3.098433893140573e-04	3.162277660168379e-04
409	2.145027837326952e-04	2.187761623949552e-04
418	2.050166651004215e-04	2.089296130854039e-04
419	1.972572574988618e-04	1.995262314968879e-04
439	1.685420049830633e-04	1.698243652461744e-04
446	1.601221587200774e-04	1.621810097358930e-04
452	1.291819924718052e-04	1.318256738556407e-04
467	9.410589305736128e-05	9.549925860214369e-05
493	9.000107169521154e-05	9.120108393559096e-05
509	8.707760739190551e-05	8.709635899560814e-05
565	5.618892944814213e-05	5.623413251903491e-05
567	5.151683652104833e-05	5.248074602497723e-05
577	4.002910578249086e-05	4.073802778041130e-05
648	3.276458588297171e-05	3.311311214825908e-05
657	3.181022210141382e-05	3.235936569296281e-05
688	2.140786517279558e-05	2.187761623949552e-05
708	2.083680651643327e-05	2.089296130854041e-05
751	1.936357951692891e-05	1.949844599758046e-05
760	1.845610486883587e-05	1.862087136662866e-05
761	1.736025019549725e-05	1.737800828749376e-05
766	1.646195179161314e-05	1.659586907437560e-05
798	1.452064088203198e-05	1.479108388168207e-05
900	1.444073315082228e-05	1.445439770745928e-05
901	1.239571594269240e-05	1.258925411794166e-05
934	1.220929888257061e-05	1.230268770812381e-05
1013	1.138817687218463e-05	1.148153621496882e-05
1037	1.018426935772698e-05	1.023292992280754e-05
1060	9.412900343064301e-06	9.549925860214369e-06
1082	8.844402858754208e-06	8.912509381337459e-06
1086	8.703764432071992e-06	8.709635899560814e-06
1112	8.444370729776551e-06	8.511380382023760e-06
1127	7.983824351964763e-06	8.128305161640995e-06
1140	7.927934792650859e-06	7.943282347242822e-06
1194	7.761348487900221e-06	7.762471166286911e-06
1473	7.535746135878263e-06	7.585775750291836e-06
1479	7.366474573666792e-06	7.413102413009177e-06
1489	7.141579431380052e-06	7.244359600749906e-06
1494	7.009025535187341e-06	7.079457843841373e-06
1528	6.912268701864122e-06	6.918309709189363e-06
1567	6.756767601534541e-06	6.760829753919819e-06
1638	6.603392080140047e-06	6.606934480075964e-06
1702	6.439695067306239e-06	6.456542290346549e-06
1968	6.218286292214437e-06	6.309573444801930e-06
1985	6.149574464431318e-06	6.165950018614822e-06
2011	6.024732925991039e-06	6.025595860743581e-06
2012	5.882427977721427e-06	5.888436553555884e-06
2036	5.720701808487050e-06	5.754399373371567e-06
2077	5.519106745954794e-06	5.623413251903491e-06
2105	5.485081950751258e-06	5.495408738576248e-06
2494	5.364422935638657e-06	5.370317963702533e-06
2506	5.242848248876442e-06	5.248074602497723e-06
2518	4.678805752500459e-06	4.786300923226380e-06
2520	4.674750773259184e-06	4.677351412871981e-06
2634	4.557464463816885e-06	4.570881896148752e-06
3199	4.351627555410076e-06	4.365158322401657e-06
3334	4.265476490461495e-06	4.265795188015926e-06
3341	4.076021136723007e-06	4.168693834703355e-06
3346	4.073018264438844e-06	4.073802778041131e-06
3354	3.980544077131221e-06	3.981071705534969e-06
4204	3.889389137867738e-06	3.890451449942805e-06
4234	3.763757108421473e-06	3.801893963205613e-06
4267	3.579910890505467e-06	3.630780547701010e-06
4329	3.521154266827864e-06	3.548133892335753e-06
4473	3.466116232253569e-06	3.467368504525317e-06
5849	3.387187861747520e-06	3.388441561392028e-06
5930	3.309809575080536e-06	3.311311214825908e-06
7639	3.234389749473543e-06	3.235936569296281e-06
10303	3.142656857080262e-06	3.162277660168379e-06
13838	3.090283108964087e-06	3.090295432513592e-06
25325	3.017674578886798e-06	3.019951720402019e-06
27946	2.782592222305702e-06	2.818382931264455e-06
31057	2.752031914354802e-06	2.754228703338169e-06
37890	2.644779906080252e-06	2.691534803926914e-06
44932	2.629592227409994e-06	2.630267991895382e-06
60719	2.568765419375119e-06	2.570395782768865e-06
85198	2.510011340772778e-06	2.511886431509582e-06
120001	2.488820355250887e-06	2.511886431509582e-06
%
% index = 190, name = bbob_f002_i23_d02__bbob_f008_i24_d02
% instance = 11, reference value = 1.000000000000000e+00
% function evaluation | indicator value | target hit
1	9.801839793094198e-01	1.000000000000000e+00
32	4.357866400879997e-01	4.365158322401660e-01
164	3.974900602312388e-01	3.981071705534972e-01
222	1.014143357219213e-01	1.023292992280754e-01
274	9.495208785921261e-02	9.549925860214359e-02
280	9.132790085033005e-02	9.332543007969910e-02
305	4.520903376798335e-02	4.570881896148749e-02
342	4.166433661821456e-02	4.168693834703355e-02
368	3.147501891567284e-02	3.162277660168379e-02
415	1.692648944612773e-02	1.698243652461744e-02
436	1.317548361949161e-02	1.318256738556407e-02
495	1.090500569432640e-02	1.096478196143185e-02
529	7.882271726848522e-03	7.943282347242814e-03
539	2.888747767843869e-03	2.951209226666387e-03
577	2.728455067959934e-03	2.754228703338166e-03
678	2.377988813926368e-03	2.398832919019490e-03
715	1.969404216971116e-03	1.995262314968879e-03
789	1.881229662795580e-03	1.905460717963246e-03
824	1.834306879894498e-03	1.862087136662868e-03
826	4.289448436373133e-04	4.365158322401661e-04
840	3.387203719145138e-04	3.388441561392024e-04
873	3.214647762818101e-04	3.235936569296281e-04
875	3.009152846424890e-04	3.019951720402016e-04
922	2.914226153012400e-04	2.951209226666387e-04
1002	2.840448642674742e-04	2.884031503126605e-04
1003	2.785748153084633e-04	2.818382931264455e-04
1039	2.750997991161075e-04	2.754228703338166e-04
1312	2.612817293141667e-04	2.630267991895381e-04
121239	2.573795113330890e-04	2.630267991895381e-04
%
% index = 191, name = bbob_f002_i25_d02__bbob_f008_i26_d02
% instance = 12, reference value = 1.000000000000000e+00
% function evaluation | indicator value | target hit
1	5.377942965657000e+00	5.495408738576246e+00
55	2.272004806683745e-01	2.290867652767773e-01
64	1.784788907570126e-01	1.819700858609984e-01
80	1.447816064670854e-01	1.479108388168208e-01
205	4.337271649842067e-02	4.365158322401658e-02
224	1.359027842455340e-03	1.380384264602885e-03
262	1.171694008139323e-03	1.174897554939529e-03
367	1.127518051474596e-03	1.148153621496883e-03
407	3.299712955968648e-04	3.311311214825911e-04
438	3.197594267296822e-04	3.235936569296281e-04
463	3.022309981496329e-04	3.090295432513592e-04
508	1.015955973927563e-04	1.023292992280754e-04
574	9.369710571283107e-05	9.549925860214369e-05
605	8.877251918448792e-05	8.912509381337459e-05
664	8.533179685055181e-05	8.709635899560814e-05
674	7.546128475599545e-05	7.585775750291836e-05
696	4.873146336792367e-05	4.897788193684466e-05
766	4.638095818587651e-05	4.677351412871981e-05
819	4.106687529192854e-05	4.168693834703355e-05
874	3.795434669140452e-05	3.801893963205612e-05
940	3.708671838931199e-05	3.715352290971728e-05
962	3.565488132128980e-05	3.630780547701010e-05
973	3.542216390595154e-05	3.548133892335753e-05
1045	3.447376743292985e-05	3.467368504525317e-05
1066	3.314077636662471e-05	3.388441561392028e-05
1079	3.294234307016364e-05	3.311311214825908e-05
1145	3.235818892066700e-05	3.235936569296281e-05
1436	3.125086762045814e-05	3.162277660168380e-05
1451	3.089644637022104e-05	3.090295432513592e-05
1704	3.009897247874260e-05	3.019951720402019e-05
126087	2.993730645695081e-05	3.019951720402019e-05
%
% index = 192, name = bbob_f002_i27_d02__bbob_f008_i28_d02
% instance = 13, reference value = 1.000000000000000e+00
% function evaluation | indicator value | target hit
1	6.768951984764000e+00	6.918309709189364e+00
4	1.765687783243000e+00	1.778279410038923e+00
41	1.310114644538500e+00	1.318256738556407e+00
108	6.440764097767200e-01	6.456542290346555e-01
115	1.435272414014891e-01	1.445439770745928e-01
157	4.432468439395720e-02	4.466835921509630e-02
162	4.148842095295480e-02	4.168693834703355e-02
194	1.887748402382461e-02	1.905460717963247e-02
205	1.821226119246200e-02	1.862087136662868e-02
240	1.717294996923346e-02	1.737800828749375e-02
289	1.597352669454555e-02	1.621810097358930e-02
299	1.010902762403598e-02	1.023292992280754e-02
308	9.854994424014607e-03	1.000000000000000e-02
309	9.123600916174479e-03	9.332543007969915e-03
310	9.110524362385020e-03	9.120108393559097e-03
336	8.898687097991576e-03	8.912509381337459e-03
341	8.518448165606984e-03	8.709635899560805e-03
349	8.505597208742999e-03	8.511380382023767e-03
374	6.363971919433054e-03	6.456542290346556e-03
376	4.816186990702853e-03	4.897788193684461e-03
379	4.541777259667756e-03	4.570881896148752e-03
407	3.129642486727535e-03	3.162277660168379e-03
412	2.108240228568370e-03	2.137962089502233e-03
418	2.084160986804195e-03	2.089296130854039e-03
429	2.023702383388670e-03	2.041737944669530e-03
434	1.915375277717124e-03	1.949844599758046e-03
436	1.880297183558532e-03	1.905460717963246e-03
440	8.376982946658451e-04	8.511380382023768e-04
447	7.143947910009940e-04	7.244359600749898e-04
450	6.160229539201589e-04	6.165950018614823e-04
474	5.813393033267111e-04	5.888436553555889e-04
475	5.111221021334433e-04	5.128613839913648e-04
500	5.011188336065953e-04	5.011872336272725e-04
529	4.478288596114766e-04	4.570881896148752e-04
533	4.460842409076404e-04	4.466835921509630e-04
549	4.137943451346660e-04	4.168693834703355e-04
557	3.594004029501274e-04	3.630780547701014e-04
570	3.528712641270859e-04	3.548133892335753e-04
576	3.442432581106658e-04	3.467368504525317e-04
590	3.360545815729310e-04	3.388441561392024e-04
614	3.296856007319882e-04	3.311311214825911e-04
642	3.043116395238243e-04	3.090295432513592e-04
643	2.940258994214018e-04	2.951209226666387e-04
653	2.856754649417370e-04	2.884031503126605e-04
660	2.809288919292108e-04	2.818382931264455e-04
706	2.748011490102398e-04	2.754228703338166e-04
749	2.687920680342071e-04	2.691534803926917e-04
783	2.613253619860867e-04	2.630267991895381e-04
803	2.565675834212966e-04	2.570395782768865e-04
979	2.473555896250756e-04	2.511886431509580e-04
1021	2.452628498194054e-04	2.454708915685031e-04
1091	2.361125168391931e-04	2.398832919019490e-04
1106	2.310225469415172e-04	2.344228815319923e-04
1351	2.288646046334497e-04	2.290867652767772e-04
1374	2.197988361889447e-04	2.238721138568340e-04
1388	2.178909088520475e-04	2.187761623949552e-04
1473	2.137052925391680e-04	2.137962089502232e-04
1958	2.087562957797662e-04	2.089296130854039e-04
2047	2.040886532764796e-04	2.041737944669530e-04
3413	1.995161692500691e-04	1.995262314968879e-04
8959	1.949774766832890e-04	1.949844599758046e-04
120001	1.923220839817885e-04	1.949844599758046e-04
%
% index = 193, name = bbob_f002_i29_d02__bbob_f008_i30_d02
% instance = 14, reference value = 1.000000000000000e+00
% function evaluation | indicator value | target hit
1	7.088842638621000e+00	7.244359600749901e+00
6	9.001976233447866e-01	9.120108393559098e-01
8	8.831925676101625e-01	8.912509381337456e-01
34	8.435842358247518e-01	8.511380382023764e-01
48	8.272566841043925e-01	8.317637711026710e-01
56	4.380102730094992e-02	4.466835921509630e-02
153	4.285665332411948e-02	4.365158322401658e-02
164	2.885085167199264e-02	2.951209226666385e-02
195	2.866987652857000e-02	2.884031503126606e-02
215	1.951235740482737e-02	1.995262314968880e-02
256	1.948337950025292e-02	1.949844599758046e-02
288	1.893428136522468e-02	1.905460717963247e-02
295	1.207950184789630e-02	1.230268770812382e-02
341	1.071120145454763e-02	1.071519305237606e-02
345	8.871812363244636e-03	8.912509381337459e-03
357	7.027836412123456e-04	7.079457843841380e-04
370	2.992944899159466e-04	3.019951720402016e-04
420	2.147297720405117e-04	2.187761623949552e-04
437	7.359201411949456e-05	7.413102413009176e-05
469	5.828611434544051e-05	5.888436553555884e-05
484	3.217053554116500e-05	3.235936569296281e-05
595	1.133131002795107e-05	1.148153621496882e-05
638	1.039331930208220e-05	1.047128548050899e-05
827	1.016051135838136e-05	1.023292992280754e-05
828	8.509807019829729e-06	8.511380382023760e-06
858	8.292151619904153e-06	8.317637711026709e-06
863	8.028745265065140e-06	8.128305161640995e-06
890	7.684891747961053e-06	7.762471166286911e-06
912	7.098452009635103e-06	7.244359600749906e-06
939	6.665705139741185e-06	6.760829753919819e-06
959	5.955024877324355e-06	6.025595860743581e-06
961	5.493804090539456e-06	5.495408738576248e-06
984	5.162167421302044e-06	5.248074602497723e-06
1032	5.096588094555266e-06	5.128613839913648e-06
1078	4.900601273449823e-06	5.011872336272725e-06
1079	4.896505938378759e-06	4.897788193684467e-06
1091	4.744030076331285e-06	4.786300923226380e-06
1113	4.657361581728026e-06	4.677351412871981e-06
1452	4.524256852489472e-06	4.570881896148752e-06
1496	4.443007172838520e-06	4.466835921509635e-06
1568	4.359905696360578e-06	4.365158322401657e-06
2021	4.255316556345257e-06	4.265795188015926e-06
2289	4.166865949728482e-06	4.168693834703355e-06
2662	4.062117033409862e-06	4.073802778041131e-06
2788	3.324071570554032e-06	3.388441561392028e-06
2856	3.301000195521375e-06	3.311311214825908e-06
3188	3.235568521109400e-06	3.235936569296281e-06
4104	3.162017304658704e-06	3.162277660168379e-06
5604	3.090244298231681e-06	3.090295432513592e-06
35353	3.019504896117908e-06	3.019951720402019e-06
55603	2.864104626576491e-06	2.884031503126606e-06
68382	2.677573861742388e-06	2.691534803926914e-06
81757	2.604586776588924e-06	2.630267991895382e-06
99767	2.564062065113504e-06	2.570395782768865e-06
120618	2.535233400657866e-06	2.570395782768865e-06
%
% index = 194, name = bbob_f002_i31_d02__bbob_f008_i34_d02
% instance = 15, reference value = 1.000000000000000e+00
% function evaluation | indicator value | target hit
1	1.297981767459500e+00	1.318256738556407e+00
15	9.904860674563470e-01	1.000000000000000e+00
34	6.589005437845988e-01	6.606934480075960e-01
40	6.240054440005922e-01	6.309573444801932e-01
58	4.207688113526304e-01	4.265795188015927e-01
60	4.148923516841281e-01	4.168693834703354e-01
78	3.756777900481068e-01	3.801893963205612e-01
113	3.565992461774175e-01	3.630780547701014e-01
121	2.916630160239204e-01	2.951209226666385e-01
131	2.501786644079020e-01	2.511886431509580e-01
146	9.737987491607569e-02	9.772372209558107e-02
171	3.912873822445895e-02	3.981071705534973e-02
222	3.513771315560144e-02	3.548133892335755e-02
242	2.218986820561253e-02	2.238721138568340e-02
269	2.071686809897821e-02	2.089296130854040e-02
286	1.994868198234556e-02	1.995262314968880e-02
292	1.948082836366349e-02	1.949844599758046e-02
319	8.687351624586115e-03	8.709635899560805e-03
400	3.796491042607264e-03	3.801893963205613e-03
444	3.689716773613849e-03	3.715352290971724e-03
454	3.499191579353078e-03	3.548133892335753e-03
462	3.216590077648629e-03	3.235936569296281e-03
509	2.640005762556741e-03	2.691534803926917e-03
512	1.184621364457850e-03	1.202264434617413e-03
522	1.056114676609377e-03	1.071519305237606e-03
537	1.037231769111746e-03	1.047128548050900e-03
539	1.012777086353389e-03	1.023292992280754e-03
540	9.792699365428481e-04	1.000000000000000e-03
590	9.765505784143924e-04	9.772372209558111e-04
628	7.270278167883504e-04	7.413102413009177e-04
646	7.183926863912893e-04	7.244359600749898e-04
695	5.061756646653759e-04	5.128613839913648e-04
698	4.915753486622876e-04	5.011872336272725e-04
704	4.884191273435423e-04	4.897788193684461e-04
709	4.607531116332941e-04	4.677351412871981e-04
790	4.087777056319686e-04	4.168693834703355e-04
828	3.165034100428565e-04	3.235936569296281e-04
843	3.119328339243888e-04	3.162277660168379e-04
912	3.081690951427518e-04	3.090295432513592e-04
1242	2.758738479433642e-04	2.818382931264455e-04
1282	2.720418462371921e-04	2.754228703338166e-04
1919	2.603720958973543e-04	2.630267991895381e-04
1974	2.236282243922583e-04	2.238721138568340e-04
2204	2.184612553515208e-04	2.187761623949552e-04
2383	2.133222987583672e-04	2.137962089502232e-04
2924	1.919028255574773e-04	1.949844599758046e-04
2981	1.889579051947976e-04	1.905460717963246e-04
3527	1.857146989553415e-04	1.862087136662868e-04
3647	1.804861654144396e-04	1.819700858609983e-04
4024	1.778126458074070e-04	1.778279410038923e-04
4715	1.735659296215886e-04	1.737800828749376e-04
4925	1.697776840641207e-04	1.698243652461744e-04
5967	1.658651577680637e-04	1.659586907437562e-04
7609	1.621792413299961e-04	1.621810097358930e-04
9886	1.577758923786421e-04	1.584893192461114e-04
15228	1.548424251768266e-04	1.548816618912481e-04
22419	1.508139021352273e-04	1.513561248436209e-04
41557	1.478905745512238e-04	1.479108388168207e-04
73613	1.442099305123401e-04	1.445439770745928e-04
117617	1.412204561468400e-04	1.412537544622754e-04
120001	1.412141519879784e-04	1.412537544622754e-04
