%
% index = 1035, name = bbob_f002_i02_d03__bbob_f014_i04_d03
% instance = 1, reference value = 9.287634860903700e-01
% function evaluation | indicator value | target hit
1	5.860316869229245e-01	5.888436553555889e-01
15	4.856154805298554e-01	4.897788193684462e-01
281	4.757656494016069e-01	4.786300923226383e-01
363	4.378742750042399e-01	4.466835921509631e-01
422	4.308264953790368e-01	4.365158322401660e-01
475	4.206166791578164e-01	4.265795188015927e-01
515	4.044402583140733e-01	4.073802778041127e-01
1002	3.942486740938062e-01	3.981071705534972e-01
1021	3.428491958285782e-01	3.467368504525316e-01
1118	2.852262332974952e-01	2.884031503126606e-01
1352	2.804354164442984e-01	2.818382931264454e-01
1742	2.729776681619084e-01	2.754228703338166e-01
1956	2.490967728202363e-01	2.511886431509580e-01
2633	2.442358390172910e-01	2.454708915685030e-01
2643	2.384912646793232e-01	2.398832919019490e-01
2718	2.258275023061840e-01	2.290867652767773e-01
3430	2.149812511687359e-01	2.187761623949552e-01
3504	2.137584688690977e-01	2.137962089502232e-01
3749	2.077154292810856e-01	2.089296130854039e-01
3932	1.918479799324910e-01	1.949844599758045e-01
3943	1.901205892201382e-01	1.905460717963247e-01
6879	1.594548409559929e-01	1.621810097358930e-01
7230	1.517851011303639e-01	1.548816618912481e-01
7633	1.337973804427708e-01	1.348962882591654e-01
14197	1.060320065442796e-01	1.071519305237607e-01
18144	6.721340665154729e-02	6.760829753919818e-02
18766	6.049672535873230e-02	6.165950018614822e-02
18920	5.992363980043591e-02	6.025595860743578e-02
19510	5.784099027521028e-02	5.888436553555890e-02
19703	5.730344786155639e-02	5.754399373371569e-02
19835	5.621658230664617e-02	5.623413251903491e-02
28900	5.440690600401010e-02	5.495408738576246e-02
37645	5.360643395106379e-02	5.370317963702527e-02
43106	5.247935770982926e-02	5.248074602497726e-02
44722	4.900511261952922e-02	5.011872336272722e-02
45229	4.305310672921325e-02	4.365158322401658e-02
47143	4.248271150269189e-02	4.265795188015926e-02
51296	4.025018708289896e-02	4.073802778041128e-02
65746	3.979385936317992e-02	3.981071705534973e-02
66506	3.743619796368514e-02	3.801893963205612e-02
70563	3.713415129518005e-02	3.715352290971726e-02
75379	3.618707552853961e-02	3.630780547701014e-02
78714	3.534784588858009e-02	3.548133892335755e-02
98424	3.467187122192639e-02	3.467368504525317e-02
104866	3.371633376944683e-02	3.388441561392026e-02
109164	3.220692778699163e-02	3.235936569296283e-02
123130	3.162158543433746e-02	3.162277660168379e-02
132639	3.089997275001055e-02	3.090295432513590e-02
155629	2.978533262966598e-02	3.019951720402016e-02
156356	2.924835279392868e-02	2.951209226666385e-02
161722	2.837251903761373e-02	2.884031503126606e-02
179478	2.773458918945981e-02	2.818382931264454e-02
180001	2.772897853720846e-02	2.818382931264454e-02
%
% index = 1036, name = bbob_f002_i03_d03__bbob_f014_i05_d03
% instance = 2, reference value = 9.544223224160830e-01
% function evaluation | indicator value | target hit
1	2.050436878902083e+00	2.089296130854040e+00
4	1.692914993867583e+00	1.698243652461744e+00
19	7.202692904072148e-01	7.244359600749900e-01
27	2.986039954483045e-01	3.019951720402016e-01
34	2.897836799088889e-01	2.951209226666385e-01
37	2.666157914832934e-01	2.691534803926916e-01
54	2.507323220893795e-01	2.511886431509580e-01
62	2.250203525196970e-01	2.290867652767773e-01
75	1.622605861948949e-01	1.659586907437560e-01
78	1.596250281365602e-01	1.621810097358930e-01
100	1.545590616857413e-01	1.548816618912481e-01
220	1.227385082502176e-01	1.230268770812381e-01
273	1.180821561237934e-01	1.202264434617413e-01
284	9.845669915757560e-02	1.000000000000000e-01
320	9.697941536394139e-02	9.772372209558107e-02
401	7.862256204622731e-02	7.943282347242814e-02
424	5.879024763130725e-02	5.888436553555890e-02
438	5.581830702543977e-02	5.623413251903491e-02
451	5.369322934527743e-02	5.370317963702527e-02
515	5.089716320704896e-02	5.128613839913648e-02
529	5.005963336012487e-02	5.011872336272722e-02
535	4.881515951232662e-02	4.897788193684462e-02
542	4.229314370514892e-02	4.265795188015926e-02
550	4.162070324434841e-02	4.168693834703355e-02
573	4.040786278313602e-02	4.073802778041128e-02
597	3.979704129170691e-02	3.981071705534973e-02
605	3.758056983264169e-02	3.801893963205612e-02
606	3.306345081508644e-02	3.311311214825911e-02
632	3.177829901839457e-02	3.235936569296283e-02
642	3.139122539356520e-02	3.162277660168379e-02
688	2.509448210926046e-02	2.511886431509579e-02
748	2.385834090377426e-02	2.398832919019490e-02
757	2.341106418621930e-02	2.344228815319923e-02
783	2.246093060780885e-02	2.290867652767773e-02
960	2.228211682579961e-02	2.238721138568340e-02
974	2.180662606479844e-02	2.187761623949553e-02
996	2.127391231802911e-02	2.137962089502233e-02
1028	2.063902271077278e-02	2.089296130854040e-02
1036	2.037830184568457e-02	2.041737944669529e-02
1059	1.924391328399710e-02	1.949844599758046e-02
1070	1.898457603946702e-02	1.905460717963247e-02
1115	1.856001878328373e-02	1.862087136662868e-02
1313	1.814095788615144e-02	1.819700858609984e-02
1321	1.776091932716084e-02	1.778279410038923e-02
1334	1.730727957227240e-02	1.737800828749375e-02
1449	1.678078981195863e-02	1.698243652461744e-02
1489	1.619846993065477e-02	1.621810097358930e-02
1504	1.510602561863528e-02	1.513561248436208e-02
1515	1.474395593199940e-02	1.479108388168207e-02
1521	1.418807923927701e-02	1.445439770745927e-02
1574	1.410721779533963e-02	1.412537544622754e-02
2011	1.380364253772259e-02	1.380384264602885e-02
2153	1.348172540676362e-02	1.348962882591653e-02
2667	1.298595638266797e-02	1.318256738556407e-02
2763	1.283909327313304e-02	1.288249551693134e-02
2777	1.075711733057960e-02	1.096478196143185e-02
2790	1.062553185979298e-02	1.071519305237606e-02
2843	9.704662109788154e-03	9.772372209558112e-03
2849	9.534036883912411e-03	9.549925860214359e-03
3573	9.293683952222298e-03	9.332543007969915e-03
3597	8.955417169113189e-03	9.120108393559097e-03
3654	8.912046584200306e-03	8.912509381337459e-03
3669	8.347142198222524e-03	8.511380382023767e-03
3684	8.315028427957394e-03	8.317637711026709e-03
3819	7.297658292160225e-03	7.413102413009177e-03
3851	7.205574971267947e-03	7.244359600749898e-03
4733	7.058806104206283e-03	7.079457843841380e-03
4742	6.867425086240053e-03	6.918309709189363e-03
4777	6.700494297494086e-03	6.760829753919818e-03
4783	6.290451995029200e-03	6.309573444801930e-03
4858	6.128783361104784e-03	6.165950018614822e-03
4890	5.943220576839492e-03	6.025595860743574e-03
4894	5.818653096881343e-03	5.888436553555890e-03
4920	5.754193719177514e-03	5.754399373371567e-03
5034	5.622869283838372e-03	5.623413251903491e-03
5226	5.461649426298454e-03	5.495408738576248e-03
6475	5.220371816937130e-03	5.248074602497728e-03
6542	5.127621796090054e-03	5.128613839913648e-03
6616	4.980261498202188e-03	5.011872336272725e-03
6680	4.882891387048227e-03	4.897788193684461e-03
6788	4.784742098239869e-03	4.786300923226385e-03
6807	4.547206334888365e-03	4.570881896148752e-03
6912	4.199447174386695e-03	4.265795188015926e-03
6977	4.144998681747780e-03	4.168693834703355e-03
7166	4.072688212088615e-03	4.073802778041126e-03
8836	3.978680580231875e-03	3.981071705534973e-03
8921	3.881178689401299e-03	3.890451449942805e-03
9139	3.798058956429484e-03	3.801893963205613e-03
9287	3.382170171620014e-03	3.388441561392024e-03
9298	2.978200316842927e-03	3.019951720402016e-03
9373	2.950428684060147e-03	2.951209226666387e-03
9384	2.824323638078940e-03	2.884031503126605e-03
9387	2.800488641240828e-03	2.818382931264455e-03
9598	2.734925795121912e-03	2.754228703338166e-03
9733	2.691170322547842e-03	2.691534803926917e-03
12005	2.628530528395290e-03	2.630267991895381e-03
12345	2.567482670532306e-03	2.570395782768865e-03
12620	2.483899976840065e-03	2.511886431509579e-03
12711	2.308026735973856e-03	2.344228815319923e-03
12928	2.290786325881200e-03	2.290867652767772e-03
15912	2.238625462982591e-03	2.238721138568340e-03
16384	2.186164671278856e-03	2.187761623949552e-03
16885	1.897220692049562e-03	1.905460717963246e-03
17068	1.835142807862900e-03	1.862087136662868e-03
17164	1.819367109013981e-03	1.819700858609983e-03
21612	1.773982700016719e-03	1.778279410038923e-03
22238	1.705844788223776e-03	1.737800828749376e-03
22494	1.698190148311407e-03	1.698243652461744e-03
23216	1.659156884659230e-03	1.659586907437561e-03
29542	1.601585949597695e-03	1.621810097358930e-03
29865	1.583816563192730e-03	1.584893192461114e-03
31460	1.519463899968265e-03	1.548816618912481e-03
31769	1.513515758195472e-03	1.513561248436209e-03
32649	1.356146902470878e-03	1.380384264602885e-03
33326	1.348914525384881e-03	1.348962882591653e-03
41548	1.318248105284137e-03	1.318256738556408e-03
43961	1.281827205346420e-03	1.288249551693134e-03
47377	1.258882649987636e-03	1.258925411794167e-03
51929	1.194932896650625e-03	1.202264434617413e-03
58878	1.174621286897826e-03	1.174897554939529e-03
75258	1.148127804330490e-03	1.148153621496883e-03
82455	1.121942765967554e-03	1.122018454301963e-03
96524	1.096472768737367e-03	1.096478196143185e-03
98986	9.982685534176694e-04	1.000000000000000e-03
101250	9.607004059603019e-04	9.772372209558111e-04
101600	8.582072379610395e-04	8.709635899560805e-04
102003	8.497281466415263e-04	8.511380382023768e-04
103896	8.317602556244807e-04	8.317637711026709e-04
112875	8.128250251729918e-04	8.128305161640995e-04
134850	7.943281311475481e-04	7.943282347242813e-04
154172	7.686695443291924e-04	7.762471166286919e-04
154962	7.573765064409210e-04	7.585775750291835e-04
165525	7.354116450802861e-04	7.413102413009177e-04
180000	7.289775424000888e-04	7.413102413009177e-04
%
% index = 1037, name = bbob_f002_i07_d03__bbob_f014_i08_d03
% instance = 3, reference value = 9.940364289058869e-01
% function evaluation | indicator value | target hit
1	8.767139964347882e-01	8.912509381337456e-01
4	5.555073484519539e-01	5.623413251903491e-01
14	3.843723899285033e-01	3.890451449942806e-01
38	1.088233547432387e-01	1.096478196143185e-01
66	1.058792883800398e-01	1.071519305237607e-01
75	6.856542151147182e-02	6.918309709189366e-02
82	3.324158036471037e-02	3.388441561392026e-02
93	3.216358076034498e-02	3.235936569296283e-02
95	1.953611639753638e-02	1.995262314968880e-02
99	1.915779906884107e-02	1.949844599758046e-02
127	1.895096572967148e-02	1.905460717963247e-02
132	1.586688644801459e-02	1.621810097358930e-02
142	1.361792081962032e-02	1.380384264602885e-02
152	1.347005362011466e-02	1.348962882591653e-02
155	7.916795175570090e-03	7.943282347242814e-03
174	7.705088138795668e-03	7.762471166286920e-03
183	5.647988627071276e-03	5.754399373371567e-03
184	5.473522926688901e-03	5.495408738576248e-03
202	5.255553589386563e-03	5.370317963702527e-03
206	5.220452644086659e-03	5.248074602497728e-03
276	5.109652889125349e-03	5.128613839913648e-03
301	5.011284607872701e-03	5.011872336272725e-03
314	4.750093122399490e-03	4.786300923226385e-03
354	4.675456815240731e-03	4.677351412871981e-03
381	3.767416848316607e-03	3.801893963205613e-03
384	3.664027524819868e-03	3.715352290971724e-03
419	3.341863254544775e-03	3.388441561392024e-03
438	2.835921836249145e-03	2.884031503126605e-03
459	2.793309086775664e-03	2.818382931264455e-03
460	2.321006272374304e-03	2.344228815319923e-03
525	2.200932059063465e-03	2.238721138568340e-03
548	2.169562971161443e-03	2.187761623949552e-03
584	2.135209052641418e-03	2.137962089502233e-03
594	1.990972458597584e-03	1.995262314968879e-03
806	1.943483825374681e-03	1.949844599758046e-03
826	1.900689139425760e-03	1.905460717963246e-03
854	1.772459153288941e-03	1.778279410038923e-03
868	1.735787051906135e-03	1.737800828749376e-03
876	1.698163391396834e-03	1.698243652461744e-03
908	1.659204933886604e-03	1.659586907437561e-03
1248	1.481643653884035e-03	1.513561248436209e-03
1267	1.478864727239015e-03	1.479108388168207e-03
1681	1.433134416778614e-03	1.445439770745928e-03
1752	1.405932745273342e-03	1.412537544622754e-03
1869	1.370306676357846e-03	1.380384264602885e-03
1926	1.338924690629240e-03	1.348962882591653e-03
1931	1.237712345439790e-03	1.258925411794167e-03
1947	1.213441499154033e-03	1.230268770812381e-03
2569	1.198844112020980e-03	1.202264434617413e-03
2597	1.156965946218613e-03	1.174897554939529e-03
2691	1.133576461509578e-03	1.148153621496883e-03
2701	1.102536130844545e-03	1.122018454301963e-03
2751	1.095200699744447e-03	1.096478196143185e-03
3805	1.070491741091417e-03	1.071519305237606e-03
3831	9.353372980087649e-04	9.549925860214359e-04
3860	9.326396198460207e-04	9.332543007969915e-04
4025	8.997168294423430e-04	9.120108393559096e-04
4080	8.483722096171986e-04	8.511380382023768e-04
4992	8.090551723101136e-04	8.128305161640995e-04
5559	7.914213053800134e-04	7.943282347242813e-04
5629	7.741494497798262e-04	7.762471166286919e-04
5648	7.549954815451176e-04	7.585775750291835e-04
5778	6.847743470441703e-04	6.918309709189362e-04
5894	5.396343348327282e-04	5.495408738576248e-04
5930	5.365897141297316e-04	5.370317963702527e-04
7725	5.211497945766252e-04	5.248074602497728e-04
7727	4.996125641810734e-04	5.011872336272725e-04
7881	4.888323103335868e-04	4.897788193684461e-04
8030	4.645886244822872e-04	4.677351412871981e-04
8164	4.569941154191071e-04	4.570881896148752e-04
8413	4.461251384584308e-04	4.466835921509630e-04
10797	4.340991635165548e-04	4.365158322401661e-04
10917	4.248265814522645e-04	4.265795188015926e-04
11056	4.154718177430405e-04	4.168693834703355e-04
11193	4.057394005395620e-04	4.073802778041126e-04
11202	3.969250266659952e-04	3.981071705534974e-04
11477	3.864969707479959e-04	3.890451449942805e-04
11681	3.798850571296031e-04	3.801893963205612e-04
11692	3.693575571487306e-04	3.715352290971724e-04
11816	3.367646094667442e-04	3.388441561392024e-04
12081	3.309245175912023e-04	3.311311214825911e-04
12133	3.185706701344104e-04	3.235936569296281e-04
12281	3.161015060397787e-04	3.162277660168379e-04
12338	3.051325559456641e-04	3.090295432513592e-04
12429	3.016411179470602e-04	3.019951720402016e-04
12636	2.932786875832205e-04	2.951209226666387e-04
12834	2.760888409563123e-04	2.818382931264455e-04
12967	2.711529648393718e-04	2.754228703338166e-04
13106	2.677724947680593e-04	2.691534803926917e-04
16385	2.607862387684623e-04	2.630267991895381e-04
16677	2.556803251537731e-04	2.570395782768865e-04
17197	2.484205691589692e-04	2.511886431509580e-04
17735	2.423140915417399e-04	2.454708915685031e-04
17805	2.371862497861921e-04	2.398832919019490e-04
17891	2.311323123215248e-04	2.344228815319923e-04
18274	2.285243854953656e-04	2.290867652767772e-04
18859	2.237281543180369e-04	2.238721138568340e-04
18868	2.182419761824761e-04	2.187761623949552e-04
19025	2.137881668313746e-04	2.137962089502232e-04
19626	2.070199180729260e-04	2.089296130854039e-04
20235	2.009659433449551e-04	2.041737944669530e-04
20238	1.953426745531228e-04	1.995262314968879e-04
20372	1.901928420633414e-04	1.905460717963246e-04
24665	1.849039768974103e-04	1.862087136662868e-04
24903	1.705632597306384e-04	1.737800828749376e-04
25123	1.698161817076382e-04	1.698243652461744e-04
25204	1.651179224892996e-04	1.659586907437562e-04
25422	1.613863213235645e-04	1.621810097358930e-04
25423	1.192976961266190e-04	1.202264434617413e-04
25754	1.154686090737433e-04	1.174897554939529e-04
25857	1.136575127714812e-04	1.148153621496883e-04
26627	1.120244486597644e-04	1.122018454301963e-04
26742	1.090113612948196e-04	1.096478196143185e-04
27159	1.071358119441035e-04	1.071519305237606e-04
27341	8.066492440339523e-05	8.128305161640995e-05
27546	7.895692864090531e-05	7.943282347242822e-05
27781	7.699662134530438e-05	7.762471166286911e-05
27910	7.557726024753908e-05	7.585775750291836e-05
28230	7.343030990925037e-05	7.413102413009176e-05
28826	7.242468861590190e-05	7.244359600749906e-05
29134	7.079370911799998e-05	7.079457843841373e-05
30192	6.918249330700732e-05	6.918309709189363e-05
31473	6.759819199053663e-05	6.760829753919819e-05
37867	6.606867321035104e-05	6.606934480075965e-05
38269	6.453528787331297e-05	6.456542290346549e-05
39006	6.232009712758835e-05	6.309573444801929e-05
39736	6.165212446962443e-05	6.165950018614822e-05
41060	6.025555332611621e-05	6.025595860743581e-05
42806	5.888431165235186e-05	5.888436553555884e-05
45197	5.754268721169797e-05	5.754399373371566e-05
49164	5.622925906578757e-05	5.623413251903491e-05
50979	5.489640656231032e-05	5.495408738576248e-05
56727	5.370304990470753e-05	5.370317963702532e-05
56941	5.214324165092599e-05	5.248074602497723e-05
64131	5.120005539827055e-05	5.128613839913648e-05
66241	5.011808274091312e-05	5.011872336272725e-05
71452	4.891891631730871e-05	4.897788193684466e-05
80556	4.786093128639202e-05	4.786300923226380e-05
93957	4.671886936180591e-05	4.677351412871981e-05
105808	4.570766186395847e-05	4.570881896148752e-05
120292	4.466254742829801e-05	4.466835921509635e-05
144653	4.365148879104108e-05	4.365158322401657e-05
151608	4.252415878347460e-05	4.265795188015926e-05
163189	4.096559145383427e-05	4.168693834703355e-05
175210	4.073621208977585e-05	4.073802778041130e-05
180001	4.055056964247239e-05	4.073802778041130e-05
%
% index = 1038, name = bbob_f002_i09_d03__bbob_f014_i10_d03
% instance = 4, reference value = 9.750149148602540e-01
% function evaluation | indicator value | target hit
1	3.994557465194216e-01	4.073802778041127e-01
2	3.360309793354688e-01	3.388441561392025e-01
10	2.342366285663252e-01	2.344228815319922e-01
15	1.288451342148135e-01	1.318256738556407e-01
24	1.038710280279549e-01	1.047128548050900e-01
35	8.362241948062576e-02	8.511380382023763e-02
43	8.316110292857903e-02	8.317637711026708e-02
46	7.617891070222504e-02	7.762471166286916e-02
47	7.346961499774052e-02	7.413102413009177e-02
61	5.264635116246807e-02	5.370317963702527e-02
80	4.012011831234652e-02	4.073802778041128e-02
83	3.862977538526835e-02	3.890451449942807e-02
130	3.721335658190794e-02	3.801893963205612e-02
137	3.690385602748025e-02	3.715352290971726e-02
223	3.622641424583262e-02	3.630780547701014e-02
231	3.538710676714041e-02	3.548133892335755e-02
331	3.454803882651947e-02	3.467368504525317e-02
395	2.826881386622970e-02	2.884031503126606e-02
407	2.817328110143458e-02	2.818382931264454e-02
482	2.735842099975039e-02	2.754228703338166e-02
526	2.470385750632853e-02	2.511886431509579e-02
531	2.070138683152356e-02	2.089296130854040e-02
590	1.983411618330899e-02	1.995262314968880e-02
766	1.937603539505872e-02	1.949844599758046e-02
776	1.898286987242548e-02	1.905460717963247e-02
829	1.847351152131083e-02	1.862087136662868e-02
1085	1.663125123971665e-02	1.698243652461744e-02
1108	1.656573202072897e-02	1.659586907437561e-02
1138	1.608934750002944e-02	1.621810097358930e-02
1173	1.455702510251333e-02	1.479108388168207e-02
1174	1.411127557806058e-02	1.412537544622754e-02
1445	1.231281537196927e-02	1.258925411794167e-02
1461	1.227818140614334e-02	1.230268770812382e-02
1568	1.101258456505239e-02	1.122018454301964e-02
1577	1.092081807298428e-02	1.096478196143185e-02
1585	1.053773316139583e-02	1.071519305237606e-02
1626	1.026431868591138e-02	1.047128548050900e-02
1860	1.021870850107809e-02	1.023292992280754e-02
2052	9.998923915610192e-03	1.000000000000000e-02
2083	9.757878936217268e-03	9.772372209558112e-03
2094	8.665074376219106e-03	8.709635899560805e-03
2167	8.020849737969904e-03	8.128305161640995e-03
2767	6.238296307207625e-03	6.309573444801930e-03
2900	6.163874156856375e-03	6.165950018614822e-03
3869	5.617795561912664e-03	5.623413251903491e-03
3950	5.378504452543287e-03	5.495408738576248e-03
3966	5.359975268720674e-03	5.370317963702527e-03
4016	5.096489478400024e-03	5.128613839913648e-03
5256	4.996427004543169e-03	5.011872336272725e-03
5435	4.841430683929948e-03	4.897788193684461e-03
5566	4.784286392074732e-03	4.786300923226385e-03
7604	4.638822751101279e-03	4.677351412871981e-03
7725	3.108512878571945e-03	3.162277660168379e-03
7843	3.086461147006614e-03	3.090295432513592e-03
8087	3.006869519647792e-03	3.019951720402016e-03
10877	2.945203824025522e-03	2.951209226666387e-03
11227	2.695986415327978e-03	2.754228703338166e-03
11230	2.349751160640956e-03	2.398832919019490e-03
11315	2.340636403917462e-03	2.344228815319923e-03
14488	2.235143940291118e-03	2.238721138568340e-03
14773	2.099358271537066e-03	2.137962089502233e-03
14992	2.084654167491151e-03	2.089296130854039e-03
15411	2.041733239172894e-03	2.041737944669530e-03
20248	1.986247856783474e-03	1.995262314968879e-03
20312	1.948364012334447e-03	1.949844599758046e-03
20834	1.903454391840920e-03	1.905460717963246e-03
21173	1.861271299515632e-03	1.862087136662868e-03
21438	1.716586151313537e-03	1.737800828749376e-03
27479	1.696310037129667e-03	1.698243652461744e-03
28183	1.658293428204671e-03	1.659586907437561e-03
28359	1.556170569901649e-03	1.584893192461114e-03
28590	9.089502486728795e-04	9.120108393559096e-04
28817	8.187613152754736e-04	8.317637711026709e-04
29044	8.127401829618464e-04	8.128305161640995e-04
29733	7.938197136132530e-04	7.943282347242813e-04
38118	7.761494248413880e-04	7.762471166286919e-04
38962	7.584482260222236e-04	7.585775750291835e-04
41042	7.412828033586116e-04	7.413102413009177e-04
42111	7.182435813404275e-04	7.244359600749898e-04
43547	5.945559463329531e-04	6.025595860743575e-04
44167	5.593791171729645e-04	5.623413251903491e-04
47221	5.495402650097514e-04	5.495408738576248e-04
50336	5.357620271447816e-04	5.370317963702527e-04
51834	5.144109238298666e-04	5.248074602497728e-04
52956	5.113260033541289e-04	5.128613839913648e-04
53314	4.495654638365654e-04	4.570881896148752e-04
54748	4.466822905037082e-04	4.466835921509630e-04
57662	4.081710629175728e-04	4.168693834703355e-04
63262	4.073786596613393e-04	4.073802778041126e-04
66709	3.933669869539136e-04	3.981071705534974e-04
66988	3.775590875866319e-04	3.801893963205612e-04
68869	3.704508414024144e-04	3.715352290971724e-04
72181	3.629565750093988e-04	3.630780547701014e-04
80509	3.548046173657005e-04	3.548133892335753e-04
81356	3.428275784108648e-04	3.467368504525317e-04
81439	3.362846925998308e-04	3.388441561392024e-04
87671	3.293779947237674e-04	3.311311214825911e-04
88077	3.199041753092491e-04	3.235936569296281e-04
90226	3.133169410437509e-04	3.162277660168379e-04
90602	3.088088029439273e-04	3.090295432513592e-04
91282	3.012870135465917e-04	3.019951720402016e-04
97127	2.949223746026020e-04	2.951209226666387e-04
104342	2.883157953718074e-04	2.884031503126605e-04
113541	2.809011768304392e-04	2.818382931264455e-04
118760	2.753714419778674e-04	2.754228703338166e-04
123144	2.689387933471066e-04	2.691534803926917e-04
134396	2.630080014982550e-04	2.630267991895381e-04
137833	2.510843135702379e-04	2.511886431509580e-04
139939	2.448576185499762e-04	2.454708915685031e-04
145638	2.398541477024452e-04	2.398832919019490e-04
147675	2.331218753274245e-04	2.344228815319923e-04
157582	2.286833675831934e-04	2.290867652767772e-04
165071	2.236909268056309e-04	2.238721138568340e-04
173478	2.185186729217747e-04	2.187761623949552e-04
179975	2.067807702634816e-04	2.089296130854039e-04
180001	2.067806074146361e-04	2.089296130854039e-04
%
% index = 1039, name = bbob_f002_i11_d03__bbob_f014_i12_d03
% instance = 5, reference value = 9.325534068581400e-01
% function evaluation | indicator value | target hit
1	2.280236862872875e-01	2.290867652767773e-01
2	1.633907276739613e-01	1.659586907437560e-01
3	1.493625597455833e-01	1.513561248436208e-01
7	1.474033614708750e-01	1.479108388168208e-01
13	1.441477161945420e-01	1.445439770745928e-01
23	1.361197383613973e-01	1.380384264602885e-01
31	1.220887710777924e-01	1.230268770812381e-01
35	1.201791017466258e-01	1.202264434617413e-01
134	7.803854325493376e-02	7.943282347242814e-02
143	7.233924881483411e-02	7.244359600749903e-02
200	6.750857622683415e-02	6.760829753919818e-02
211	4.535166680248581e-02	4.570881896148749e-02
277	4.358602955167101e-02	4.365158322401658e-02
313	4.260318767906734e-02	4.265795188015926e-02
405	4.156595082794412e-02	4.168693834703355e-02
456	4.052623770529551e-02	4.073802778041128e-02
524	3.837249713054991e-02	3.890451449942807e-02
543	3.750643757246741e-02	3.801893963205612e-02
559	3.280273557645608e-02	3.311311214825911e-02
568	3.204079088310996e-02	3.235936569296283e-02
571	3.072375971973251e-02	3.090295432513590e-02
578	2.962354723104488e-02	3.019951720402016e-02
590	2.943861239040990e-02	2.951209226666385e-02
597	2.800613924194628e-02	2.818382931264454e-02
598	2.734062930978443e-02	2.754228703338166e-02
617	2.672227811204331e-02	2.691534803926915e-02
637	2.626297382208242e-02	2.630267991895381e-02
658	2.564667881169158e-02	2.570395782768863e-02
667	2.380009803661376e-02	2.398832919019490e-02
668	2.062857367119109e-02	2.089296130854040e-02
677	2.014869287785992e-02	2.041737944669529e-02
697	1.906352009384660e-02	1.949844599758046e-02
701	1.903578457533428e-02	1.905460717963247e-02
704	1.859097561288059e-02	1.862087136662868e-02
709	1.662307832509857e-02	1.698243652461744e-02
724	1.633999382416129e-02	1.659586907437561e-02
757	1.616509393741006e-02	1.621810097358930e-02
782	1.581163649053485e-02	1.584893192461113e-02
932	1.526908581676667e-02	1.548816618912481e-02
944	1.500225250127352e-02	1.513561248436208e-02
965	1.451613498773585e-02	1.479108388168207e-02
969	1.443397815533021e-02	1.445439770745927e-02
978	1.411962076150097e-02	1.412537544622754e-02
991	1.374793508644778e-02	1.380384264602885e-02
1000	1.316617314053670e-02	1.318256738556407e-02
1013	1.276882247181943e-02	1.288249551693134e-02
1048	1.254621450336280e-02	1.258925411794167e-02
1064	1.212989071347093e-02	1.230268770812382e-02
1089	1.182881167983552e-02	1.202264434617413e-02
1094	1.171099050865387e-02	1.174897554939530e-02
1097	1.082555161465337e-02	1.096478196143185e-02
1103	1.070835250390012e-02	1.071519305237606e-02
1302	1.036852367127072e-02	1.047128548050900e-02
1351	1.004598496259612e-02	1.023292992280754e-02
1374	9.978988749105411e-03	1.000000000000000e-02
1442	9.752741583348379e-03	9.772372209558112e-03
1787	9.238246816033802e-03	9.332543007969915e-03
1831	9.118930155433302e-03	9.120108393559097e-03
1901	8.912079391670269e-03	8.912509381337459e-03
1970	8.439053447394596e-03	8.511380382023767e-03
1971	8.238958459989898e-03	8.317637711026709e-03
1974	8.044947691722482e-03	8.128305161640995e-03
2207	7.641415730340828e-03	7.762471166286920e-03
2455	7.525590712679220e-03	7.585775750291836e-03
2509	7.405055405894756e-03	7.413102413009177e-03
2557	7.239604468669780e-03	7.244359600749898e-03
2633	7.066006924897339e-03	7.079457843841380e-03
2734	6.203607791188448e-03	6.309573444801930e-03
2755	6.141365565994761e-03	6.165950018614822e-03
2791	6.018322069352378e-03	6.025595860743574e-03
2835	5.702082843780598e-03	5.754399373371567e-03
3688	5.616131002285196e-03	5.623413251903491e-03
3751	5.495394838519463e-03	5.495408738576248e-03
3796	5.321654519108487e-03	5.370317963702527e-03
3857	5.247998001032816e-03	5.248074602497728e-03
3866	5.020017751597550e-03	5.128613839913648e-03
3888	5.007661441918443e-03	5.011872336272725e-03
3959	4.891539434432435e-03	4.897788193684461e-03
5176	4.760176869797461e-03	4.786300923226385e-03
5255	4.676172988064775e-03	4.677351412871981e-03
5423	4.553895449322942e-03	4.570881896148752e-03
5446	4.455274465026138e-03	4.466835921509630e-03
5610	4.345367868648142e-03	4.365158322401661e-03
5751	4.249234992912077e-03	4.265795188015926e-03
7453	3.564043732156907e-03	3.630780547701014e-03
7558	3.548084322349654e-03	3.548133892335753e-03
7745	2.963371834498574e-03	3.019951720402016e-03
7759	2.920951005408123e-03	2.951209226666387e-03
7879	2.883143607273375e-03	2.884031503126605e-03
7884	2.164935633237497e-03	2.187761623949552e-03
8007	2.134885723529933e-03	2.137962089502233e-03
8201	2.082155143325548e-03	2.089296130854039e-03
8300	2.021482212171133e-03	2.041737944669530e-03
8347	1.947932639263295e-03	1.949844599758046e-03
10820	1.895674069670172e-03	1.905460717963246e-03
10981	1.859673262294748e-03	1.862087136662868e-03
11126	1.818504107417240e-03	1.819700858609983e-03
11365	1.777551200844329e-03	1.778279410038923e-03
11459	1.720465916129177e-03	1.737800828749376e-03
11607	1.698064795547238e-03	1.698243652461744e-03
11878	1.659505900098446e-03	1.659586907437561e-03
13835	1.589150617083201e-03	1.621810097358930e-03
15150	1.582185498354094e-03	1.584893192461114e-03
15458	1.548781175660263e-03	1.548816618912481e-03
15686	1.506683624922234e-03	1.513561248436209e-03
16130	1.479093886632143e-03	1.479108388168207e-03
16483	1.445426170798458e-03	1.445439770745928e-03
16569	1.347419312133669e-03	1.348962882591653e-03
16589	1.317923936344778e-03	1.318256738556408e-03
21384	1.279871306054337e-03	1.288249551693134e-03
21857	1.258722235006671e-03	1.258925411794167e-03
22307	1.100842169316829e-03	1.122018454301963e-03
22394	1.096367526102759e-03	1.096478196143185e-03
22967	1.071377331435808e-03	1.071519305237606e-03
23739	1.047010734984144e-03	1.047128548050900e-03
30274	1.023149553835978e-03	1.023292992280754e-03
31131	9.995902765482789e-04	1.000000000000000e-03
32422	9.762297723987512e-04	9.772372209558111e-04
34647	9.549625088672853e-04	9.549925860214359e-04
36724	9.332010130244095e-04	9.332543007969915e-04
40652	9.119760601792315e-04	9.120108393559096e-04
44943	8.912290002851542e-04	8.912509381337459e-04
48650	8.709594303997203e-04	8.709635899560805e-04
59672	8.511375121339482e-04	8.511380382023768e-04
62728	7.307794319428851e-04	7.413102413009177e-04
65904	7.243105653748083e-04	7.244359600749898e-04
70476	7.079222782769845e-04	7.079457843841380e-04
74465	6.694040634617204e-04	6.760829753919819e-04
76904	5.615089078752078e-04	5.623413251903491e-04
85309	5.487953139733381e-04	5.495408738576248e-04
93193	5.370153073189776e-04	5.370317963702527e-04
108015	5.248074060713037e-04	5.248074602497728e-04
117404	5.120506750777576e-04	5.128613839913648e-04
136594	5.011821131056804e-04	5.011872336272725e-04
162378	3.334235361758253e-04	3.388441561392024e-04
170233	3.308766911315209e-04	3.311311214825911e-04
183619	3.278715502936791e-04	3.311311214825911e-04
%
% index = 1040, name = bbob_f002_i13_d03__bbob_f014_i14_d03
% instance = 6, reference value = 9.554155070032730e-01
% function evaluation | indicator value | target hit
1	4.315148531802716e-01	4.365158322401660e-01
3	1.971497530730021e-01	1.995262314968880e-01
11	1.301076182169014e-01	1.318256738556407e-01
50	1.247395970060255e-01	1.258925411794167e-01
81	9.619989476454205e-02	9.772372209558107e-02
96	8.103573297081734e-02	8.128305161640990e-02
138	7.857045638211624e-02	7.943282347242814e-02
152	7.736145903298930e-02	7.762471166286916e-02
157	7.224205176449061e-02	7.244359600749903e-02
169	5.553349458705947e-02	5.623413251903491e-02
196	5.419244289439173e-02	5.495408738576246e-02
214	5.212633037190750e-02	5.248074602497726e-02
248	5.094611775145363e-02	5.128613839913648e-02
261	4.776616238387965e-02	4.786300923226382e-02
276	4.557572361615969e-02	4.570881896148749e-02
289	4.452132526769015e-02	4.466835921509630e-02
307	3.742335193111967e-02	3.801893963205612e-02
319	3.689509736831265e-02	3.715352290971726e-02
332	3.571978707085488e-02	3.630780547701014e-02
356	3.536631707365978e-02	3.548133892335755e-02
367	3.275022684953655e-02	3.311311214825911e-02
448	3.234114366413865e-02	3.235936569296283e-02
472	3.014727501483172e-02	3.019951720402016e-02
509	2.925335453263200e-02	2.951209226666385e-02
544	2.741219084293922e-02	2.754228703338166e-02
569	2.621823460156281e-02	2.630267991895381e-02
771	2.523880914200283e-02	2.570395782768863e-02
781	2.405741645429316e-02	2.454708915685030e-02
833	2.396290366334886e-02	2.398832919019490e-02
862	2.344183760159591e-02	2.344228815319923e-02
1063	2.047951939053250e-02	2.089296130854040e-02
1092	1.967778779402962e-02	1.995262314968880e-02
1107	1.940962282288050e-02	1.949844599758046e-02
1214	1.903229797466954e-02	1.905460717963247e-02
1257	1.811760251598094e-02	1.819700858609984e-02
1529	1.653064008418126e-02	1.659586907437561e-02
1607	1.617430113083995e-02	1.621810097358930e-02
1672	1.580525237880304e-02	1.584893192461113e-02
1795	1.499176039415873e-02	1.513561248436208e-02
1796	1.407124658263892e-02	1.412537544622754e-02
1819	1.374838139524082e-02	1.380384264602885e-02
2348	1.348264362291585e-02	1.348962882591653e-02
2541	1.309180726409398e-02	1.318256738556407e-02
2584	1.265867761832984e-02	1.288249551693134e-02
2635	1.234465840520282e-02	1.258925411794167e-02
3181	1.227761148613060e-02	1.230268770812382e-02
3218	1.108009031912360e-02	1.122018454301964e-02
3237	9.878616254842765e-03	1.000000000000000e-02
3302	9.770019507287953e-03	9.772372209558112e-03
3343	9.113373347698017e-03	9.120108393559097e-03
3368	8.605860083586991e-03	8.709635899560805e-03
3462	8.508983038014839e-03	8.511380382023767e-03
4316	8.270584590099661e-03	8.317637711026709e-03
4386	6.848055676716647e-03	6.918309709189363e-03
4455	6.759267394756074e-03	6.760829753919818e-03
4514	5.874249777791718e-03	5.888436553555890e-03
4629	5.753353200022016e-03	5.754399373371567e-03
4634	5.023600833756525e-03	5.128613839913648e-03
4665	4.899488521766360e-03	5.011872336272725e-03
4666	4.868540682220979e-03	4.897788193684461e-03
5867	4.785805763175888e-03	4.786300923226385e-03
5890	4.649123828703305e-03	4.677351412871981e-03
5983	4.557204360509437e-03	4.570881896148752e-03
6165	4.466296706220785e-03	4.466835921509630e-03
6248	3.356120138226615e-03	3.388441561392024e-03
6352	3.310034186732369e-03	3.311311214825911e-03
6393	2.799875659583062e-03	2.818382931264455e-03
6527	2.752671014926933e-03	2.754228703338166e-03
6744	2.690580764261874e-03	2.691534803926917e-03
7400	2.597230388544869e-03	2.630267991895381e-03
8226	2.092767824296016e-03	2.137962089502233e-03
8230	2.087624142578459e-03	2.089296130854039e-03
8249	1.949561073923856e-03	1.949844599758046e-03
8276	1.893629923701790e-03	1.905460717963246e-03
8393	1.850157889216053e-03	1.862087136662868e-03
8411	1.813894105842762e-03	1.819700858609983e-03
8520	1.776996330855374e-03	1.778279410038923e-03
8622	1.726463955588509e-03	1.737800828749376e-03
8684	1.694786686920358e-03	1.698243652461744e-03
8862	1.659058345109932e-03	1.659586907437561e-03
9002	1.605788611122927e-03	1.621810097358930e-03
9026	1.580779222296047e-03	1.584893192461114e-03
9203	1.547439174979681e-03	1.548816618912481e-03
9344	1.513556172285102e-03	1.513561248436209e-03
11335	1.478765576049090e-03	1.479108388168207e-03
11559	1.443993886657835e-03	1.445439770745928e-03
11785	1.411801869672047e-03	1.412537544622754e-03
11954	1.246210522951041e-03	1.258925411794167e-03
12061	1.229969171694156e-03	1.230268770812381e-03
12091	1.182351388884673e-03	1.202264434617413e-03
12164	1.174818346234452e-03	1.174897554939529e-03
12442	1.147679883518715e-03	1.148153621496883e-03
12615	1.107050862229064e-03	1.122018454301963e-03
12647	1.093449634958943e-03	1.096478196143185e-03
15366	1.071217250073198e-03	1.071519305237606e-03
15465	1.036834391321295e-03	1.047128548050900e-03
15596	1.023104807173270e-03	1.023292992280754e-03
15691	9.939415363043880e-04	1.000000000000000e-03
15748	9.646749237569585e-04	9.772372209558111e-04
15900	9.480364923830642e-04	9.549925860214359e-04
16163	9.332050030314010e-04	9.332543007969915e-04
16343	9.093427443497282e-04	9.120108393559096e-04
16603	8.907475900042927e-04	8.912509381337459e-04
16789	8.626853131986634e-04	8.709635899560805e-04
16965	8.266157365778293e-04	8.317637711026709e-04
20520	8.067361222062752e-04	8.128305161640995e-04
20733	7.943252168188808e-04	7.943282347242813e-04
20988	7.725825054928359e-04	7.762471166286919e-04
21387	7.584806002937095e-04	7.585775750291835e-04
21753	7.395732649433384e-04	7.413102413009177e-04
22183	7.230861365492558e-04	7.244359600749898e-04
22426	7.019416558859959e-04	7.079457843841380e-04
22500	6.900025784286612e-04	6.918309709189362e-04
22736	6.742686473180104e-04	6.760829753919819e-04
27550	6.606796070109944e-04	6.606934480075957e-04
27972	6.351211311881322e-04	6.456542290346556e-04
28205	6.308067120389671e-04	6.309573444801930e-04
28574	6.161585324407914e-04	6.165950018614823e-04
28877	6.024996933445825e-04	6.025595860743575e-04
29597	5.887020686354827e-04	5.888436553555889e-04
30327	5.745783719860453e-04	5.754399373371566e-04
30943	5.550968785732469e-04	5.623413251903491e-04
37446	5.492929681546466e-04	5.495408738576248e-04
38093	5.361652168539566e-04	5.370317963702527e-04
38698	5.247800307398576e-04	5.248074602497728e-04
38961	5.114076353367469e-04	5.128613839913648e-04
39086	5.011759382593794e-04	5.011872336272725e-04
39307	4.897542953242739e-04	4.897788193684461e-04
39910	4.784190738162941e-04	4.786300923226385e-04
40680	4.664830683693832e-04	4.677351412871981e-04
41266	4.570879438076103e-04	4.570881896148752e-04
41791	3.981084255152423e-04	4.073802778041126e-04
41795	3.981024586446891e-04	3.981071705534974e-04
42400	3.883049670116989e-04	3.890451449942805e-04
42969	3.801001142615945e-04	3.801893963205612e-04
44074	3.713681940779034e-04	3.715352290971724e-04
45776	3.630770018342444e-04	3.630780547701014e-04
46525	3.547861964955379e-04	3.548133892335753e-04
47346	3.465601779294447e-04	3.467368504525317e-04
49171	3.387550893166891e-04	3.388441561392024e-04
50304	3.311310029660008e-04	3.311311214825911e-04
50707	3.235814172579676e-04	3.235936569296281e-04
52444	3.158922099171235e-04	3.162277660168379e-04
53709	3.089356694923051e-04	3.090295432513592e-04
54959	3.019023814453403e-04	3.019951720402016e-04
56965	2.951208245658421e-04	2.951209226666387e-04
64416	2.881990265263257e-04	2.884031503126605e-04
66479	2.799963988958654e-04	2.818382931264455e-04
67712	2.741333866909113e-04	2.754228703338166e-04
69965	2.691416709338368e-04	2.691534803926917e-04
71592	2.612766094781671e-04	2.630267991895381e-04
74208	2.566324527090158e-04	2.570395782768865e-04
76004	2.511857993277022e-04	2.511886431509580e-04
79463	2.438455547966178e-04	2.454708915685031e-04
81923	2.398824013786216e-04	2.398832919019490e-04
84760	2.327535571916561e-04	2.344228815319923e-04
90006	2.290253146942645e-04	2.290867652767772e-04
93265	2.039278096928054e-04	2.041737944669530e-04
93382	1.990124220674350e-04	1.995262314968879e-04
96404	1.945637922153853e-04	1.949844599758046e-04
96716	1.778163976378089e-04	1.778279410038923e-04
98613	1.733428750667620e-04	1.737800828749376e-04
103936	1.696856233757149e-04	1.698243652461744e-04
104674	1.558375645839272e-04	1.584893192461114e-04
107310	1.546749032127481e-04	1.548816618912481e-04
114087	1.501080521920661e-04	1.513561248436209e-04
115695	1.479080949694511e-04	1.479108388168207e-04
119865	1.412171398215145e-04	1.412537544622754e-04
122834	1.349075620521445e-04	1.380384264602885e-04
122918	1.348938250338438e-04	1.348962882591653e-04
125665	1.317902226842804e-04	1.318256738556407e-04
128176	1.276548498472252e-04	1.288249551693134e-04
129179	1.253148494352319e-04	1.258925411794167e-04
129678	1.230130171742116e-04	1.230268770812381e-04
138237	1.200615335857913e-04	1.202264434617413e-04
143583	1.174894203463950e-04	1.174897554939529e-04
149534	1.136383443325339e-04	1.148153621496883e-04
152579	1.114134846742498e-04	1.122018454301963e-04
156010	1.083444265723710e-04	1.096478196143185e-04
156743	1.068393157527270e-04	1.071519305237606e-04
166172	1.046963391454492e-04	1.047128548050900e-04
170684	1.023272432575384e-04	1.023292992280754e-04
176509	9.984517106598201e-05	1.000000000000000e-04
180001	9.922247897575787e-05	1.000000000000000e-04
%
% index = 1041, name = bbob_f002_i15_d03__bbob_f014_i16_d03
% instance = 7, reference value = 9.045758311504730e-01
% function evaluation | indicator value | target hit
1	8.917769045164562e+00	9.120108393559097e+00
24	8.121655969780234e+00	8.128305161640993e+00
32	1.847871291366473e+00	1.862087136662868e+00
73	1.785987270801198e+00	1.819700858609983e+00
83	1.591526146057973e+00	1.621810097358930e+00
136	1.402739609733973e+00	1.412537544622754e+00
140	1.349562020768973e+00	1.380384264602885e+00
153	8.198798018933169e-01	8.317637711026710e-01
250	6.560954622499833e-01	6.606934480075960e-01
264	2.976265602247510e-01	3.019951720402016e-01
287	2.522089888894894e-01	2.570395782768864e-01
293	2.476089126703197e-01	2.511886431509580e-01
307	2.396064773083609e-01	2.398832919019490e-01
320	1.778471360998357e-01	1.819700858609984e-01
346	1.480064709195403e-01	1.513561248436208e-01
347	1.077644611365394e-01	1.096478196143185e-01
352	1.006084443755810e-01	1.023292992280754e-01
373	9.930829447021061e-02	1.000000000000000e-01
405	7.971166262295726e-02	8.128305161640990e-02
434	7.155977435900784e-02	7.244359600749903e-02
456	7.076941467156939e-02	7.079457843841380e-02
457	6.858576360781643e-02	6.918309709189366e-02
464	6.625282082967143e-02	6.760829753919818e-02
495	6.525505152690536e-02	6.606934480075961e-02
511	6.371394672806940e-02	6.456542290346556e-02
530	6.137960643939422e-02	6.165950018614822e-02
613	6.004929792211045e-02	6.025595860743578e-02
614	5.337453844931961e-02	5.370317963702527e-02
622	5.243727961939126e-02	5.248074602497726e-02
636	4.995789698507080e-02	5.011872336272722e-02
648	4.895431286436580e-02	4.897788193684462e-02
651	4.746312203818537e-02	4.786300923226382e-02
684	4.671452146752009e-02	4.677351412871981e-02
699	4.432069433198038e-02	4.466835921509630e-02
719	4.359464400617896e-02	4.365158322401658e-02
740	4.259040994539809e-02	4.265795188015926e-02
741	4.145408491173896e-02	4.168693834703355e-02
742	3.868310991512902e-02	3.890451449942807e-02
766	3.728078001307833e-02	3.801893963205612e-02
778	3.602448034216166e-02	3.630780547701014e-02
782	3.523218937856365e-02	3.548133892335755e-02
784	3.362576517063598e-02	3.388441561392026e-02
791	3.269697858880316e-02	3.311311214825911e-02
798	3.070911451506697e-02	3.090295432513590e-02
812	2.996843467973265e-02	3.019951720402016e-02
842	2.948104758553394e-02	2.951209226666385e-02
856	2.819353394353430e-02	2.884031503126606e-02
862	2.817759667012498e-02	2.818382931264454e-02
888	2.754142809881466e-02	2.754228703338166e-02
899	2.617786362279151e-02	2.630267991895381e-02
941	2.559502142073222e-02	2.570395782768863e-02
978	2.508187398811490e-02	2.511886431509579e-02
984	2.434405202287315e-02	2.454708915685030e-02
1056	1.899577323374180e-02	1.905460717963247e-02
1221	1.845475264155805e-02	1.862087136662868e-02
1240	1.811859270556415e-02	1.819700858609984e-02
1295	1.749706626225689e-02	1.778279410038923e-02
1344	1.733823852545291e-02	1.737800828749375e-02
1677	1.697751685177296e-02	1.698243652461744e-02
1722	1.652161393697116e-02	1.659586907437561e-02
1784	1.619953560274456e-02	1.621810097358930e-02
1839	1.584389950263432e-02	1.584893192461113e-02
2301	1.535644082417931e-02	1.548816618912481e-02
2368	1.504444003314109e-02	1.513561248436208e-02
2411	1.473991606687175e-02	1.479108388168207e-02
2457	1.444433076996077e-02	1.445439770745927e-02
2497	1.408922713177219e-02	1.412537544622754e-02
2576	1.380097036981498e-02	1.380384264602885e-02
2674	1.345243215028846e-02	1.348962882591653e-02
3481	1.317794618463664e-02	1.318256738556407e-02
3695	1.288135255682743e-02	1.288249551693134e-02
4913	1.257663683917254e-02	1.258925411794167e-02
5184	1.229818328355614e-02	1.230268770812382e-02
6878	1.202042397451575e-02	1.202264434617413e-02
7193	1.174880983717730e-02	1.174897554939530e-02
7480	1.126276569304596e-02	1.148153621496883e-02
9364	1.121749617931722e-02	1.122018454301964e-02
9552	1.048285511450930e-02	1.071519305237606e-02
9608	1.046631208154625e-02	1.047128548050900e-02
9684	1.022894732565771e-02	1.023292992280754e-02
9926	9.993348564162341e-03	1.000000000000000e-02
10074	8.529709698667620e-03	8.709635899560805e-03
10090	8.510891741734361e-03	8.511380382023767e-03
10520	8.314106965343182e-03	8.317637711026709e-03
13757	7.875745539334345e-03	7.943282347242814e-03
14336	7.741833416434196e-03	7.762471166286920e-03
18590	7.538105037906639e-03	7.585775750291836e-03
19631	7.407915323681680e-03	7.413102413009177e-03
20734	7.240919632369169e-03	7.244359600749898e-03
26869	7.026541486585547e-03	7.079457843841380e-03
28258	6.916435910953367e-03	6.918309709189363e-03
37881	6.755781134217709e-03	6.760829753919818e-03
40657	6.528148099994802e-03	6.606934480075957e-03
41897	6.451640161605265e-03	6.456542290346556e-03
44003	6.301176349464810e-03	6.309573444801930e-03
53519	6.165889366949506e-03	6.165950018614822e-03
70619	6.025230255593539e-03	6.025595860743574e-03
87126	3.245148787909824e-03	3.311311214825911e-03
95686	3.235936039455711e-03	3.235936569296281e-03
101197	3.129809217839674e-03	3.162277660168379e-03
107073	2.696105635154100e-03	2.754228703338166e-03
108036	2.689923561315477e-03	2.691534803926917e-03
121524	2.457283861588166e-03	2.511886431509579e-03
122465	2.434749380232470e-03	2.454708915685031e-03
123281	2.398269533044561e-03	2.398832919019490e-03
128754	2.279097560337950e-03	2.290867652767772e-03
133857	2.237375380785722e-03	2.238721138568340e-03
142646	1.722908326773021e-03	1.737800828749376e-03
149526	1.612167402819220e-03	1.621810097358930e-03
152404	1.583765156732753e-03	1.584893192461114e-03
153227	1.547449377832577e-03	1.548816618912481e-03
164512	1.513550608361114e-03	1.513561248436209e-03
178007	1.478141737713989e-03	1.479108388168207e-03
178772	1.440443437603856e-03	1.445439770745928e-03
180000	1.433119213901435e-03	1.445439770745928e-03
%
% index = 1042, name = bbob_f002_i17_d03__bbob_f014_i18_d03
% instance = 8, reference value = 8.867131978323390e-01
% function evaluation | indicator value | target hit
1	3.304644203833718e-01	3.311311214825911e-01
4	3.140059106704262e-01	3.162277660168379e-01
20	3.073340889125621e-01	3.090295432513591e-01
44	2.235304252198428e-01	2.238721138568339e-01
67	2.103974691918692e-01	2.137962089502232e-01
129	2.078615624343186e-01	2.089296130854039e-01
137	2.031837814899342e-01	2.041737944669530e-01
164	1.958650232717488e-01	1.995262314968880e-01
180	1.874779797899591e-01	1.905460717963247e-01
198	1.808557372589997e-01	1.819700858609984e-01
209	9.900242811800042e-02	1.000000000000000e-01
230	9.556019505870494e-02	9.772372209558107e-02
279	9.371420903111971e-02	9.549925860214359e-02
287	9.124791614662431e-02	9.332543007969910e-02
296	8.962981742720322e-02	9.120108393559097e-02
304	8.572133743446497e-02	8.709635899560805e-02
305	8.315678297178242e-02	8.317637711026708e-02
454	7.910591970185565e-02	7.943282347242814e-02
469	7.760761899981705e-02	7.762471166286916e-02
478	7.574113389723647e-02	7.585775750291836e-02
570	7.391445125060203e-02	7.413102413009177e-02
593	7.208297825459553e-02	7.244359600749903e-02
598	6.957604764452696e-02	7.079457843841380e-02
599	6.797548441054491e-02	6.918309709189366e-02
600	6.750648843314999e-02	6.760829753919818e-02
748	6.242265076105213e-02	6.309573444801933e-02
866	6.159391762449606e-02	6.165950018614822e-02
876	5.707152929487735e-02	5.754399373371569e-02
907	5.543490056448475e-02	5.623413251903491e-02
929	5.174388505628524e-02	5.248074602497726e-02
935	5.096817668681364e-02	5.128613839913648e-02
943	3.845800242239572e-02	3.890451449942807e-02
949	3.741910892953682e-02	3.801893963205612e-02
987	3.691676954312961e-02	3.715352290971726e-02
1032	3.615881228016637e-02	3.630780547701014e-02
1079	3.547907969222697e-02	3.548133892335755e-02
1084	3.395405728453649e-02	3.467368504525317e-02
1085	3.373752893437210e-02	3.388441561392026e-02
1100	3.057338560073397e-02	3.090295432513590e-02
1106	2.991227458286982e-02	3.019951720402016e-02
1331	2.933397697881179e-02	2.951209226666385e-02
1370	2.875500508346562e-02	2.884031503126606e-02
1404	2.781441083979741e-02	2.818382931264454e-02
1408	2.750075563013710e-02	2.754228703338166e-02
1481	2.687546508334970e-02	2.691534803926915e-02
1537	2.603347214786622e-02	2.630267991895381e-02
1572	2.553228494163040e-02	2.570395782768863e-02
1640	2.510440213871301e-02	2.511886431509579e-02
1685	2.454110979618085e-02	2.454708915685030e-02
2023	2.262780859462343e-02	2.290867652767773e-02
2047	2.191129599025510e-02	2.238721138568340e-02
2058	2.186173867523888e-02	2.187761623949553e-02
2076	2.079985376924864e-02	2.089296130854040e-02
2087	2.034134345282790e-02	2.041737944669529e-02
2145	1.991988361170960e-02	1.995262314968880e-02
2181	1.948499728181963e-02	1.949844599758046e-02
2256	1.901371084506787e-02	1.905460717963247e-02
2304	1.567576984466634e-02	1.584893192461113e-02
2348	1.545199585600732e-02	1.548816618912481e-02
2369	1.411954419878114e-02	1.412537544622754e-02
2919	1.376586865148122e-02	1.380384264602885e-02
2975	1.348904205926305e-02	1.348962882591653e-02
3051	1.317554765694751e-02	1.318256738556407e-02
3055	1.284165845003493e-02	1.288249551693134e-02
3137	1.258869397504569e-02	1.258925411794167e-02
3171	1.224992742866671e-02	1.230268770812382e-02
3234	1.194536331092144e-02	1.202264434617413e-02
3263	1.169442024276912e-02	1.174897554939530e-02
4080	1.146693987307146e-02	1.148153621496883e-02
4172	1.121778251834360e-02	1.122018454301964e-02
4323	1.096436701380787e-02	1.096478196143185e-02
5445	1.071140670729354e-02	1.071519305237606e-02
5567	1.031363425300369e-02	1.047128548050900e-02
5598	1.022795583466618e-02	1.023292992280754e-02
5654	9.983531164047266e-03	1.000000000000000e-02
5811	9.766963422632391e-03	9.772372209558112e-03
5902	9.425731354479105e-03	9.549925860214359e-03
7295	9.332094115772960e-03	9.332543007969915e-03
7384	8.611087569121878e-03	8.709635899560805e-03
7500	8.511014168100184e-03	8.511380382023767e-03
7519	7.869502910466508e-03	7.943282347242814e-03
7619	7.569631153928280e-03	7.585775750291836e-03
7736	7.267867707355435e-03	7.413102413009177e-03
7798	7.224820041708990e-03	7.244359600749898e-03
9734	7.077845175159081e-03	7.079457843841380e-03
9985	6.902152547840101e-03	6.918309709189363e-03
10324	6.760784770331041e-03	6.760829753919818e-03
13541	6.606897193976224e-03	6.606934480075957e-03
17610	6.456161986767683e-03	6.456542290346556e-03
18156	6.247551248894090e-03	6.309573444801930e-03
23483	6.164258588727267e-03	6.165950018614822e-03
24620	6.025584845633203e-03	6.025595860743574e-03
32230	5.887628489906094e-03	5.888436553555890e-03
33769	5.752503030567624e-03	5.754399373371567e-03
38036	5.622715351054741e-03	5.623413251903491e-03
42358	5.494835980243584e-03	5.495408738576248e-03
50165	3.222128157591375e-03	3.235936569296281e-03
60509	3.161180497024407e-03	3.162277660168379e-03
70989	3.083834444556732e-03	3.090295432513592e-03
83691	2.505410381631656e-03	2.511886431509579e-03
85093	2.453083777015919e-03	2.454708915685031e-03
85451	2.357449995561423e-03	2.398832919019490e-03
88541	2.238864150381881e-03	2.290867652767772e-03
88585	2.238572240955694e-03	2.238721138568340e-03
92128	2.066754929562098e-03	2.089296130854039e-03
107568	2.041735954983026e-03	2.041737944669530e-03
109891	1.937910665058440e-03	1.949844599758046e-03
114206	1.824356438175023e-03	1.862087136662868e-03
116173	1.819462640089697e-03	1.819700858609983e-03
130945	1.776621748841301e-03	1.778279410038923e-03
132808	1.655218150191651e-03	1.659586907437561e-03
134947	1.610695849643906e-03	1.621810097358930e-03
140110	1.522222383945282e-03	1.548816618912481e-03
145013	1.507095530641545e-03	1.513561248436209e-03
149625	1.476803328157361e-03	1.479108388168207e-03
165310	1.441561421991699e-03	1.445439770745928e-03
179156	1.391664227240241e-03	1.412537544622754e-03
180001	1.389801814871028e-03	1.412537544622754e-03
%
% index = 1043, name = bbob_f002_i19_d03__bbob_f014_i21_d03
% instance = 9, reference value = 9.887588827165270e-01
% function evaluation | indicator value | target hit
1	1.374135154667664e+01	1.380384264602885e+01
32	1.269976903322574e+01	1.288249551693134e+01
40	1.178927110711382e+01	1.202264434617413e+01
45	4.352609821525852e+00	4.365158322401660e+00
56	3.501289132924828e+00	3.548133892335755e+00
59	2.379944392690764e+00	2.398832919019490e+00
67	1.252037444226527e+00	1.258925411794167e+00
88	1.198109957044027e+00	1.202264434617413e+00
111	1.141901575791527e+00	1.148153621496883e+00
131	9.650522827439257e-01	9.772372209558107e-01
144	2.634612428999635e-01	2.691534803926916e-01
324	2.520747458326029e-01	2.570395782768864e-01
326	2.460155198250404e-01	2.511886431509580e-01
332	1.440911609407963e-01	1.445439770745928e-01
368	1.412251406274977e-01	1.412537544622754e-01
395	1.323347548829261e-01	1.348962882591654e-01
416	1.174968277401379e-01	1.202264434617413e-01
426	6.077262852566989e-02	6.165950018614822e-02
430	5.649259157997344e-02	5.754399373371569e-02
487	5.573472621485964e-02	5.623413251903491e-02
494	5.491117982336990e-02	5.495408738576246e-02
520	5.238247358292625e-02	5.248074602497726e-02
563	4.336205137737936e-02	4.365158322401658e-02
583	4.178512791440459e-02	4.265795188015926e-02
595	4.165850613800437e-02	4.168693834703355e-02
614	3.893870928726861e-02	3.981071705534973e-02
661	3.889430301585572e-02	3.890451449942807e-02
673	3.750989937148519e-02	3.801893963205612e-02
682	2.310989003478703e-02	2.344228815319923e-02
691	2.290234486095932e-02	2.290867652767773e-02
748	2.128859882996670e-02	2.137962089502233e-02
772	1.987333815751025e-02	1.995262314968880e-02
782	1.709454546739131e-02	1.737800828749375e-02
792	1.675235686246146e-02	1.698243652461744e-02
834	1.634498356919289e-02	1.659586907437561e-02
841	1.385543829803360e-02	1.412537544622754e-02
858	1.368396623159407e-02	1.380384264602885e-02
870	1.346713171369396e-02	1.348962882591653e-02
968	1.077464704954523e-02	1.096478196143185e-02
1253	1.056871988261288e-02	1.071519305237606e-02
1270	1.045229418789551e-02	1.047128548050900e-02
1689	9.261531992932670e-03	9.332543007969915e-03
1700	8.607979448911895e-03	8.709635899560805e-03
1703	8.444448301141771e-03	8.511380382023767e-03
1764	8.132423061405603e-03	8.317637711026709e-03
1767	8.109600096179781e-03	8.128305161640995e-03
1795	7.858974753757630e-03	7.943282347242814e-03
2004	7.641080849500881e-03	7.762471166286920e-03
2258	7.344992212962587e-03	7.413102413009177e-03
2272	7.054306151469403e-03	7.079457843841380e-03
2322	6.867844675371382e-03	6.918309709189363e-03
2340	6.514779314450214e-03	6.606934480075957e-03
2365	6.421158389979253e-03	6.456542290346556e-03
2456	6.300427794942332e-03	6.309573444801930e-03
2480	6.108797190315207e-03	6.165950018614822e-03
2510	5.971419589495763e-03	6.025595860743574e-03
2637	5.552417936333987e-03	5.623413251903491e-03
3400	5.486419983024904e-03	5.495408738576248e-03
3623	5.296813614166673e-03	5.370317963702527e-03
3657	5.180033096483738e-03	5.248074602497728e-03
3770	5.124771263041783e-03	5.128613839913648e-03
3944	4.933966171194681e-03	5.011872336272725e-03
4015	4.894611550283035e-03	4.897788193684461e-03
4802	4.600242398515864e-03	4.677351412871981e-03
4852	4.557916504014381e-03	4.570881896148752e-03
4914	4.466726099955465e-03	4.466835921509630e-03
5151	4.363629303776539e-03	4.365158322401661e-03
5416	4.215304887263183e-03	4.265795188015926e-03
6754	4.161655885051907e-03	4.168693834703355e-03
6984	4.053958276477920e-03	4.073802778041126e-03
7385	3.977855348766934e-03	3.981071705534973e-03
8254	3.844543283522794e-03	3.890451449942805e-03
8346	3.795883915376774e-03	3.801893963205613e-03
9133	3.167106132229813e-03	3.235936569296281e-03
10374	3.162267056464829e-03	3.162277660168379e-03
10503	3.038837712706965e-03	3.090295432513592e-03
10716	3.019745137246677e-03	3.019951720402016e-03
11392	2.951002749221887e-03	2.951209226666387e-03
11620	2.789172680561447e-03	2.818382931264455e-03
12004	2.748806826365024e-03	2.754228703338166e-03
12468	2.691485191869458e-03	2.691534803926917e-03
12943	2.628555540754807e-03	2.630267991895381e-03
13703	2.570094150930680e-03	2.570395782768865e-03
14054	2.490282963655610e-03	2.511886431509579e-03
14591	2.438816821314749e-03	2.454708915685031e-03
14688	2.393179356401820e-03	2.398832919019490e-03
14810	2.327158333616519e-03	2.344228815319923e-03
15165	2.290661969771568e-03	2.290867652767772e-03
15420	2.226246067949411e-03	2.238721138568340e-03
15781	2.180270322614697e-03	2.187761623949552e-03
18958	2.132658941190968e-03	2.137962089502233e-03
19536	2.086383154089044e-03	2.089296130854039e-03
20288	2.024009993747078e-03	2.041737944669530e-03
20374	1.976361602732069e-03	1.995262314968879e-03
20598	1.902667060062702e-03	1.905460717963246e-03
21334	1.861596810648680e-03	1.862087136662868e-03
22046	1.805928382990762e-03	1.819700858609983e-03
22750	1.768711916265264e-03	1.778279410038923e-03
23435	1.672787942045284e-03	1.698243652461744e-03
23625	1.657739209686260e-03	1.659586907437561e-03
24321	1.619304380569453e-03	1.621810097358930e-03
25128	1.575454875763049e-03	1.584893192461114e-03
26351	1.548033681851413e-03	1.548816618912481e-03
27515	1.511014591634607e-03	1.513561248436209e-03
29440	1.363130343890129e-03	1.380384264602885e-03
30051	1.347326334971477e-03	1.348962882591653e-03
30262	1.303615720081308e-03	1.318256738556408e-03
30606	1.287329640525137e-03	1.288249551693134e-03
32014	1.257409322862224e-03	1.258925411794167e-03
32989	1.225769291665735e-03	1.230268770812381e-03
33131	1.186533606120532e-03	1.202264434617413e-03
33812	1.172247249222380e-03	1.174897554939529e-03
34483	1.144469098082745e-03	1.148153621496883e-03
35192	1.120348355672207e-03	1.122018454301963e-03
36422	1.066875517964361e-03	1.071519305237606e-03
40443	1.046999969152917e-03	1.047128548050900e-03
41861	1.021467024304279e-03	1.023292992280754e-03
42728	9.956439931261274e-04	1.000000000000000e-03
43709	9.771873784278906e-04	9.772372209558111e-04
44808	9.456786390825700e-04	9.549925860214359e-04
45309	9.233861357894613e-04	9.332543007969915e-04
45938	9.092756558228832e-04	9.120108393559096e-04
46141	8.910152668882843e-04	8.912509381337459e-04
47248	8.424822743565707e-04	8.511380382023768e-04
48014	8.211329350266139e-04	8.317637711026709e-04
48161	8.112886914983797e-04	8.128305161640995e-04
49322	7.723861980861724e-04	7.762471166286919e-04
50388	7.475104574222735e-04	7.585775750291835e-04
51482	7.388510776444868e-04	7.413102413009177e-04
52233	7.237996087257059e-04	7.244359600749898e-04
53371	7.079446671165446e-04	7.079457843841380e-04
55078	6.917284174803306e-04	6.918309709189362e-04
55639	6.629598046005158e-04	6.760829753919819e-04
55919	6.597055274425445e-04	6.606934480075957e-04
56918	6.426331038625888e-04	6.456542290346556e-04
57121	6.301129266135241e-04	6.309573444801930e-04
58167	6.164647794787426e-04	6.165950018614823e-04
59251	6.015182138915387e-04	6.025595860743575e-04
64452	5.859301178359200e-04	5.888436553555889e-04
65447	5.746192635794900e-04	5.754399373371566e-04
66264	5.564299001297179e-04	5.623413251903491e-04
67049	5.494294581041004e-04	5.495408738576248e-04
67390	5.364052395837593e-04	5.370317963702527e-04
67785	5.243019220185774e-04	5.248074602497728e-04
68033	5.111341893330179e-04	5.128613839913648e-04
69454	5.004213237436161e-04	5.011872336272725e-04
71216	4.896000665512990e-04	4.897788193684461e-04
72034	4.769416070727894e-04	4.786300923226385e-04
74041	4.674267625445205e-04	4.677351412871981e-04
76231	4.555136491599665e-04	4.570881896148752e-04
78890	4.453289687964546e-04	4.466835921509630e-04
80538	4.341694585394684e-04	4.365158322401661e-04
81372	4.236824810811557e-04	4.265795188015926e-04
82045	4.167970311145242e-04	4.168693834703355e-04
85851	4.063128709848041e-04	4.073802778041126e-04
86221	3.940256158103672e-04	3.981071705534974e-04
86423	3.878330290483234e-04	3.890451449942805e-04
88119	3.801255470250453e-04	3.801893963205612e-04
89270	3.703842771962673e-04	3.715352290971724e-04
91985	3.599107677314528e-04	3.630780547701014e-04
92897	3.539780292391992e-04	3.548133892335753e-04
96429	3.462157499632967e-04	3.467368504525317e-04
102476	3.386265551104106e-04	3.388441561392024e-04
103211	3.244032339000391e-04	3.311311214825911e-04
104182	3.231580027400760e-04	3.235936569296281e-04
110559	3.128018564548807e-04	3.162277660168379e-04
110580	3.077738894577964e-04	3.090295432513592e-04
115274	3.019627012991188e-04	3.019951720402016e-04
118721	2.949648060114329e-04	2.951209226666387e-04
121259	2.847155794818423e-04	2.884031503126605e-04
124465	2.817204003112694e-04	2.818382931264455e-04
127623	2.754225866373750e-04	2.754228703338166e-04
129934	2.691043895378664e-04	2.691534803926917e-04
131973	2.630193644921341e-04	2.630267991895381e-04
137890	2.562428001773309e-04	2.570395782768865e-04
141405	2.509355238324851e-04	2.511886431509580e-04
148080	2.453024383319846e-04	2.454708915685031e-04
156339	2.398375560879185e-04	2.398832919019490e-04
157839	2.343909077441308e-04	2.344228815319923e-04
170300	2.285814528510954e-04	2.290867652767772e-04
180001	2.269959719218839e-04	2.290867652767772e-04
%
% index = 1044, name = bbob_f002_i21_d03__bbob_f014_i22_d03
% instance = 10, reference value = 7.603691486621530e-01
% function evaluation | indicator value | target hit
1	4.557466241573256e-01	4.570881896148750e-01
15	3.899426199323416e-01	3.981071705534972e-01
37	3.837368910540513e-01	3.890451449942806e-01
49	3.727195217539089e-01	3.801893963205612e-01
94	3.380811116705718e-01	3.388441561392025e-01
97	3.022110009238805e-01	3.090295432513591e-01
108	2.201562060898008e-01	2.238721138568339e-01
122	2.000053943185687e-01	2.041737944669530e-01
130	1.955287771826656e-01	1.995262314968880e-01
154	1.869117409157088e-01	1.905460717963247e-01
156	1.839765259862818e-01	1.862087136662867e-01
181	1.795071960659615e-01	1.819700858609984e-01
208	1.668281438113285e-01	1.698243652461744e-01
219	1.658554073403053e-01	1.659586907437560e-01
244	1.609268421801374e-01	1.621810097358930e-01
270	1.419620799543742e-01	1.445439770745928e-01
289	1.408720939701624e-01	1.412537544622754e-01
316	1.378859726590951e-01	1.380384264602885e-01
317	1.312093435504946e-01	1.318256738556407e-01
332	1.282449614143677e-01	1.288249551693134e-01
356	1.255820583643316e-01	1.258925411794167e-01
383	1.079050303426549e-01	1.096478196143185e-01
400	1.068979679370813e-01	1.071519305237607e-01
403	9.788331501557612e-02	1.000000000000000e-01
404	9.757248942954921e-02	9.772372209558107e-02
511	9.548909881800249e-02	9.549925860214359e-02
512	9.227128200469426e-02	9.332543007969910e-02
546	9.105363624774454e-02	9.120108393559097e-02
773	8.785489184169515e-02	8.912509381337455e-02
795	8.702196392311057e-02	8.709635899560805e-02
831	8.482618240057904e-02	8.511380382023763e-02
986	8.312592749763092e-02	8.317637711026708e-02
1055	7.900754859145187e-02	7.943282347242814e-02
1137	5.444386648283528e-02	5.495408738576246e-02
1463	5.363791395027384e-02	5.370317963702527e-02
1608	5.161041674390143e-02	5.248074602497726e-02
1636	5.127558452853676e-02	5.128613839913648e-02
1740	5.005309324186002e-02	5.011872336272722e-02
1767	4.676352207184642e-02	4.677351412871981e-02
2413	3.559316218744402e-02	3.630780547701014e-02
2429	3.543340684019425e-02	3.548133892335755e-02
2524	3.466360287221870e-02	3.467368504525317e-02
2732	3.387512618599431e-02	3.388441561392026e-02
3530	3.307372364968364e-02	3.311311214825911e-02
3737	2.710122094797496e-02	2.754228703338166e-02
3803	2.663139402750858e-02	2.691534803926915e-02
3842	2.312796153805541e-02	2.344228815319923e-02
3843	2.246012924582275e-02	2.290867652767773e-02
3867	2.233397195396680e-02	2.238721138568340e-02
5222	1.928045061511818e-02	1.949844599758046e-02
5278	1.373348838706068e-02	1.380384264602885e-02
5353	1.332819946091468e-02	1.348962882591653e-02
5520	1.315708828321394e-02	1.318256738556407e-02
7549	1.269876851462381e-02	1.288249551693134e-02
7675	1.241780756283828e-02	1.258925411794167e-02
7761	1.218535983413793e-02	1.230268770812382e-02
10287	1.132882708795080e-02	1.148153621496883e-02
10496	1.117343850077934e-02	1.122018454301964e-02
10588	9.319877335253413e-03	9.332543007969915e-03
10616	9.098311356858235e-03	9.120108393559097e-03
10646	8.819254005285937e-03	8.912509381337459e-03
10872	8.681786920918477e-03	8.709635899560805e-03
10956	8.462041687141264e-03	8.511380382023767e-03
10962	8.291569762950424e-03	8.317637711026709e-03
14189	7.902345065947447e-03	7.943282347242814e-03
14385	7.672269969649093e-03	7.762471166286920e-03
14521	7.451030784416779e-03	7.585775750291836e-03
14811	7.413067794952100e-03	7.413102413009177e-03
15054	7.244249215210052e-03	7.244359600749898e-03
15493	7.078987342355902e-03	7.079457843841380e-03
20445	6.918079269089494e-03	6.918309709189363e-03
20764	6.704208374695098e-03	6.760829753919818e-03
21575	6.604438758707420e-03	6.606934480075957e-03
25343	6.150478653103142e-03	6.165950018614822e-03
28387	5.941297440534621e-03	6.025595860743574e-03
28514	5.881237171709075e-03	5.888436553555890e-03
29653	5.754387810582129e-03	5.754399373371567e-03
31570	5.619575704802093e-03	5.623413251903491e-03
33153	5.471999297041896e-03	5.495408738576248e-03
35510	5.356312403168806e-03	5.370317963702527e-03
39833	5.243391291203658e-03	5.248074602497728e-03
41381	5.124362468205468e-03	5.128613839913648e-03
54568	4.088058370440684e-03	4.168693834703355e-03
55694	4.072290091481245e-03	4.073802778041126e-03
62053	3.714481840426331e-03	3.715352290971724e-03
72617	3.583445234558336e-03	3.630780547701014e-03
74781	3.462782861089808e-03	3.467368504525317e-03
87620	3.388440871217702e-03	3.388441561392024e-03
91327	3.289677506385869e-03	3.311311214825911e-03
100744	3.232634649083632e-03	3.235936569296281e-03
109540	3.129033092464373e-03	3.162277660168379e-03
113536	3.089977755985629e-03	3.090295432513592e-03
121102	2.632681077000654e-03	2.691534803926917e-03
123417	2.630234405397225e-03	2.630267991895381e-03
135826	2.457725408414491e-03	2.511886431509579e-03
138088	2.454665923374844e-03	2.454708915685031e-03
153330	2.111886197937451e-03	2.137962089502233e-03
160566	1.961917892737253e-03	1.995262314968879e-03
162324	1.890567817713795e-03	1.905460717963246e-03
182614	1.862760397480678e-03	1.905460717963246e-03
%
% index = 1045, name = bbob_f002_i23_d03__bbob_f014_i24_d03
% instance = 11, reference value = 1.000000000000000e+00
% function evaluation | indicator value | target hit
1	4.940747692340783e-01	5.011872336272722e-01
5	3.583881005015541e-01	3.630780547701014e-01
10	2.327719938313555e-01	2.344228815319922e-01
11	1.745663904918489e-01	1.778279410038923e-01
18	1.658432661047874e-01	1.659586907437560e-01
55	1.483263180558863e-01	1.513561248436208e-01
71	1.461797662400229e-01	1.479108388168208e-01
114	1.353572834610014e-01	1.380384264602885e-01
117	1.339432981938042e-01	1.348962882591654e-01
139	1.267656652664885e-01	1.288249551693134e-01
173	1.242898116861939e-01	1.258925411794167e-01
209	9.265174572400514e-02	9.332543007969910e-02
215	8.002349386405661e-02	8.128305161640990e-02
223	7.878557134984043e-02	7.943282347242814e-02
290	7.680325577624414e-02	7.762471166286916e-02
323	7.295017131833315e-02	7.413102413009177e-02
389	6.124338357096182e-02	6.165950018614822e-02
583	6.013228749165134e-02	6.025595860743578e-02
651	5.886628125229976e-02	5.888436553555890e-02
822	5.752376382174007e-02	5.754399373371569e-02
983	5.394551684162607e-02	5.495408738576246e-02
1028	5.292922881135520e-02	5.370317963702527e-02
1082	5.240969578277344e-02	5.248074602497726e-02
1406	5.104647099772597e-02	5.128613839913648e-02
1522	4.957255227283675e-02	5.011872336272722e-02
1599	4.897698949029050e-02	4.897788193684462e-02
1678	4.785427167118805e-02	4.786300923226382e-02
1917	4.675850686908911e-02	4.677351412871981e-02
3153	4.570597077509797e-02	4.570881896148749e-02
8414	4.466756876563160e-02	4.466835921509630e-02
59378	4.365152459347521e-02	4.365158322401658e-02
180001	4.341366894262899e-02	4.365158322401658e-02
%
% index = 1046, name = bbob_f002_i25_d03__bbob_f014_i26_d03
% instance = 12, reference value = 1.000000000000000e+00
% function evaluation | indicator value | target hit
1	1.355465214426000e+00	1.380384264602885e+00
14	6.993786208021233e-01	7.079457843841379e-01
19	6.051426795287114e-01	6.165950018614822e-01
69	5.934246171278390e-01	6.025595860743578e-01
72	5.702401409186446e-01	5.754399373371569e-01
142	2.281906524679872e-01	2.290867652767773e-01
154	2.199538051343394e-01	2.238721138568339e-01
185	1.315008544092731e-01	1.318256738556407e-01
212	1.104305260416381e-01	1.122018454301964e-01
217	9.666014092837294e-02	9.772372209558107e-02
219	8.038036330092191e-02	8.128305161640990e-02
237	4.440297334142906e-02	4.466835921509630e-02
244	4.227220471956383e-02	4.265795188015926e-02
245	3.876777548468957e-02	3.890451449942807e-02
255	3.756144580391718e-02	3.801893963205612e-02
266	3.394104036514345e-02	3.467368504525317e-02
274	3.387443899224130e-02	3.388441561392026e-02
277	2.966517020343939e-02	3.019951720402016e-02
288	2.920969831642672e-02	2.951209226666385e-02
306	2.764630310637761e-02	2.818382931264454e-02
308	2.611426325412813e-02	2.630267991895381e-02
318	2.542383535472148e-02	2.570395782768863e-02
332	2.510811167575611e-02	2.511886431509579e-02
400	2.444156293079358e-02	2.454708915685030e-02
415	1.828016976810909e-02	1.862087136662868e-02
438	1.819635884640725e-02	1.819700858609984e-02
448	1.759092497150916e-02	1.778279410038923e-02
456	1.719184257908890e-02	1.737800828749375e-02
461	1.697847780362149e-02	1.698243652461744e-02
488	1.576158249602944e-02	1.584893192461113e-02
541	1.545683077389071e-02	1.548816618912481e-02
559	1.502921667245682e-02	1.513561248436208e-02
585	1.477384021379513e-02	1.479108388168207e-02
615	1.444831725194473e-02	1.445439770745927e-02
682	1.410788253461481e-02	1.412537544622754e-02
788	1.380114386947895e-02	1.380384264602885e-02
997	1.348950591452169e-02	1.348962882591653e-02
1032	1.318233061230079e-02	1.318256738556407e-02
1358	1.287717300612790e-02	1.288249551693134e-02
1936	1.258818820527485e-02	1.258925411794167e-02
5068	1.230214424727349e-02	1.230268770812382e-02
43726	1.201499673494877e-02	1.202264434617413e-02
180000	1.195090112677277e-02	1.202264434617413e-02
%
% index = 1047, name = bbob_f002_i27_d03__bbob_f014_i28_d03
% instance = 13, reference value = 1.000000000000000e+00
% function evaluation | indicator value | target hit
1	6.285667075342620e-01	6.309573444801932e-01
5	5.537170388427299e-01	5.623413251903491e-01
6	5.057106835194902e-01	5.128613839913648e-01
17	4.724564558599468e-01	4.786300923226383e-01
25	3.294834213084388e-01	3.311311214825911e-01
56	3.230322935712643e-01	3.235936569296283e-01
63	3.096002701249382e-01	3.162277660168379e-01
73	3.069591495276727e-01	3.090295432513591e-01
79	2.181218014819342e-01	2.187761623949552e-01
112	1.986867985552923e-01	1.995262314968880e-01
174	1.915756032888966e-01	1.949844599758045e-01
183	1.735961905290901e-01	1.737800828749375e-01
201	1.653399520481568e-01	1.659586907437560e-01
253	1.617679526552198e-01	1.621810097358930e-01
412	1.569535943524242e-01	1.584893192461113e-01
453	1.543622980850928e-01	1.548816618912481e-01
561	1.497144501749768e-01	1.513561248436208e-01
584	1.476501694283358e-01	1.479108388168208e-01
735	1.431411837622302e-01	1.445439770745928e-01
878	1.412284433823230e-01	1.412537544622754e-01
1236	1.379566200696678e-01	1.380384264602885e-01
1390	1.347755999450142e-01	1.348962882591654e-01
1831	1.240621655256501e-01	1.258925411794167e-01
2157	1.229826785098560e-01	1.230268770812381e-01
2941	1.155616775923477e-01	1.174897554939529e-01
2942	1.137954128672434e-01	1.148153621496883e-01
3100	1.116775689790515e-01	1.122018454301964e-01
4136	1.096478025429816e-01	1.096478196143185e-01
5438	1.068015999587724e-01	1.071519305237607e-01
7794	1.032776362074017e-01	1.047128548050900e-01
9984	1.023269466752477e-01	1.023292992280754e-01
19174	9.999106496957366e-02	1.000000000000000e-01
33330	9.771627731027566e-02	9.772372209558107e-02
78419	9.549925023189221e-02	9.549925860214359e-02
180001	9.334814571620620e-02	9.549925860214359e-02
%
% index = 1048, name = bbob_f002_i29_d03__bbob_f014_i30_d03
% instance = 14, reference value = 1.000000000000000e+00
% function evaluation | indicator value | target hit
1	3.271953269603439e-01	3.311311214825911e-01
14	2.726236041122672e-01	2.754228703338166e-01
21	2.576394394722121e-01	2.630267991895382e-01
27	2.418965344472912e-01	2.454708915685030e-01
45	1.688981775025152e-01	1.698243652461744e-01
63	1.631858792671218e-01	1.659586907437560e-01
97	1.608321072651502e-01	1.621810097358930e-01
203	1.556162040676449e-01	1.584893192461113e-01
209	1.341098390061175e-01	1.348962882591654e-01
226	1.190628019244752e-01	1.202264434617413e-01
245	1.170612454047092e-01	1.174897554939529e-01
254	1.117177124243434e-01	1.122018454301964e-01
261	1.042134898082846e-01	1.047128548050900e-01
279	1.008118910355168e-01	1.023292992280754e-01
294	9.700803054667551e-02	9.772372209558107e-02
306	9.448319325672883e-02	9.549925860214359e-02
309	9.196716609836120e-02	9.332543007969910e-02
320	8.992272024437009e-02	9.120108393559097e-02
387	8.909634080040651e-02	8.912509381337455e-02
415	8.366765148857680e-02	8.511380382023763e-02
416	8.209237359581800e-02	8.317637711026708e-02
465	7.842823535242427e-02	7.943282347242814e-02
472	7.712408953665228e-02	7.762471166286916e-02
530	7.552177003928495e-02	7.585775750291836e-02
629	7.387497685205746e-02	7.413102413009177e-02
672	7.134275966039072e-02	7.244359600749903e-02
696	7.074344346449701e-02	7.079457843841380e-02
752	6.916900167955919e-02	6.918309709189366e-02
766	6.735572531781986e-02	6.760829753919818e-02
771	6.605551719917802e-02	6.606934480075961e-02
791	6.396991532563723e-02	6.456542290346556e-02
928	6.309458844699134e-02	6.309573444801933e-02
1111	6.154002979862849e-02	6.165950018614822e-02
1174	6.018607469948001e-02	6.025595860743578e-02
1218	5.780488732184574e-02	5.888436553555890e-02
1226	5.690750858812377e-02	5.754399373371569e-02
1280	5.587829034270198e-02	5.623413251903491e-02
1301	5.454191561161614e-02	5.495408738576246e-02
1343	5.347426605853201e-02	5.370317963702527e-02
1412	5.225400309227868e-02	5.248074602497726e-02
1486	5.091290276537597e-02	5.128613839913648e-02
1695	5.011812782878744e-02	5.011872336272722e-02
1913	4.895774415558984e-02	4.897788193684462e-02
2072	4.776285605778163e-02	4.786300923226382e-02
2701	4.675231478264197e-02	4.677351412871981e-02
4478	4.570551673153833e-02	4.570881896148749e-02
10209	4.466786692117086e-02	4.466835921509630e-02
180000	4.379189958859142e-02	4.466835921509630e-02
%
% index = 1049, name = bbob_f002_i31_d03__bbob_f014_i34_d03
% instance = 15, reference value = 1.000000000000000e+00
% function evaluation | indicator value | target hit
1	9.804817109593225e-01	1.000000000000000e+00
23	5.765620714480686e-01	5.888436553555889e-01
51	5.700207873958483e-01	5.754399373371569e-01
59	5.555973715321061e-01	5.623413251903491e-01
65	5.373554375752327e-01	5.495408738576245e-01
67	5.198808303792481e-01	5.248074602497725e-01
136	4.924001378277467e-01	5.011872336272722e-01
216	4.303431037222448e-01	4.365158322401660e-01
245	4.215341549509570e-01	4.265795188015927e-01
251	4.165828150650750e-01	4.168693834703354e-01
296	3.905998870142926e-01	3.981071705534972e-01
298	3.877153481776510e-01	3.890451449942806e-01
344	3.794152520466032e-01	3.801893963205612e-01
345	3.714781061258384e-01	3.715352290971726e-01
419	3.509792102175444e-01	3.548133892335755e-01
459	3.447186512168560e-01	3.467368504525316e-01
460	3.385606752078412e-01	3.388441561392025e-01
505	3.291487182387240e-01	3.311311214825911e-01
508	3.139071987689579e-01	3.162277660168379e-01
537	3.078652175662753e-01	3.090295432513591e-01
558	3.017089978900609e-01	3.019951720402016e-01
747	2.950913129657742e-01	2.951209226666385e-01
760	2.866420237726168e-01	2.884031503126606e-01
845	2.816243693218372e-01	2.818382931264454e-01
877	2.519256711595973e-01	2.570395782768864e-01
887	2.510234485576550e-01	2.511886431509580e-01
1156	2.440481882286339e-01	2.454708915685030e-01
1657	2.391917296568181e-01	2.398832919019490e-01
2420	2.343735432417268e-01	2.344228815319922e-01
3268	2.281569369157150e-01	2.290867652767773e-01
4867	2.213931104351946e-01	2.238721138568339e-01
12994	2.187036806987416e-01	2.187761623949552e-01
13329	2.101844841382687e-01	2.137962089502232e-01
18222	2.074163792597232e-01	2.089296130854039e-01
20987	2.009686143015335e-01	2.041737944669530e-01
35744	1.995023174290294e-01	1.995262314968880e-01
180000	1.954213299109735e-01	1.995262314968880e-01
