%
% index = 1860, name = bbob_f002_i02_d05__bbob_f014_i04_d05
% instance = 1, reference value = 9.482175157771841e-01
% function evaluation | indicator value | target hit
1	8.308719614082724e-01	8.317637711026710e-01
21	7.789660207924605e-01	7.943282347242815e-01
23	7.656856831204293e-01	7.762471166286917e-01
60	7.527298810170824e-01	7.585775750291838e-01
62	7.213605091221592e-01	7.244359600749900e-01
131	6.989997708137698e-01	7.079457843841379e-01
133	6.840538993658380e-01	6.918309709189365e-01
193	5.237525911343783e-01	5.248074602497725e-01
266	4.762572795598956e-01	4.786300923226383e-01
267	4.270598483034395e-01	4.365158322401660e-01
279	4.253055119822056e-01	4.265795188015927e-01
293	3.790635311935845e-01	3.801893963205612e-01
436	3.121730319017083e-01	3.162277660168379e-01
455	1.943435503754144e-01	1.949844599758045e-01
471	1.515227729380416e-01	1.548816618912481e-01
489	1.450851823580069e-01	1.479108388168208e-01
505	1.438608753493397e-01	1.445439770745928e-01
547	1.270757116950167e-01	1.288249551693134e-01
551	1.175527650881704e-01	1.202264434617413e-01
555	1.174333293245563e-01	1.174897554939529e-01
569	1.114145306094873e-01	1.122018454301964e-01
611	1.092792771195813e-01	1.096478196143185e-01
692	1.062790372332534e-01	1.071519305237607e-01
715	1.041760243866332e-01	1.047128548050900e-01
807	1.020378268922504e-01	1.023292992280754e-01
856	9.845300767750975e-02	1.000000000000000e-01
942	9.744539375065420e-02	9.772372209558107e-02
1177	9.490398198944228e-02	9.549925860214359e-02
1220	9.126744451881785e-02	9.332543007969910e-02
1288	9.098256909920077e-02	9.120108393559097e-02
1559	8.912489733658369e-02	8.912509381337455e-02
1912	8.678350031180349e-02	8.709635899560805e-02
1920	8.351959089256311e-02	8.511380382023763e-02
1982	8.314189054195986e-02	8.317637711026708e-02
2098	7.851886827810184e-02	7.943282347242814e-02
2534	7.586949454872338e-02	7.762471166286916e-02
2545	7.582772168110707e-02	7.585775750291836e-02
2715	5.861618089651466e-02	5.888436553555890e-02
3049	5.471074164290701e-02	5.495408738576246e-02
3575	5.327308781333751e-02	5.370317963702527e-02
3729	5.223805765292189e-02	5.248074602497726e-02
3766	5.115212839965111e-02	5.128613839913648e-02
3873	5.010643512740665e-02	5.011872336272722e-02
3960	4.897613088817099e-02	4.897788193684462e-02
4991	4.771310588767474e-02	4.786300923226382e-02
5150	4.663944092907835e-02	4.677351412871981e-02
5178	4.520543772997287e-02	4.570881896148749e-02
5609	4.347845446128740e-02	4.365158322401658e-02
5667	4.236540213331685e-02	4.265795188015926e-02
5938	4.076661882140542e-02	4.168693834703355e-02
6962	4.073782340168963e-02	4.073802778041128e-02
7447	3.549697012959785e-02	3.630780547701014e-02
7462	3.546441116383359e-02	3.548133892335755e-02
8435	3.102326282585288e-02	3.162277660168379e-02
8584	3.067696731962499e-02	3.090295432513590e-02
10584	3.017005535175910e-02	3.019951720402016e-02
11901	2.943096305854553e-02	2.951209226666385e-02
14035	2.779176291523910e-02	2.818382931264454e-02
14600	2.753430171519844e-02	2.754228703338166e-02
16247	2.689208686514644e-02	2.691534803926915e-02
19601	2.579335927723780e-02	2.630267991895381e-02
19824	2.485480606431467e-02	2.511886431509579e-02
21952	2.452723454211447e-02	2.454708915685030e-02
24559	2.333349904341520e-02	2.344228815319923e-02
25188	2.243593825736767e-02	2.290867652767773e-02
28691	2.230446853726209e-02	2.238721138568340e-02
29075	2.133946131715636e-02	2.137962089502233e-02
29357	2.009667327782061e-02	2.041737944669529e-02
31041	1.994975391738096e-02	1.995262314968880e-02
33732	1.948764490789656e-02	1.949844599758046e-02
38092	1.904044209406286e-02	1.905460717963247e-02
40989	1.780089918697991e-02	1.819700858609984e-02
41290	1.778277180419552e-02	1.778279410038923e-02
41853	1.572554818917438e-02	1.584893192461113e-02
44475	1.547796584561412e-02	1.548816618912481e-02
45724	1.324572594270357e-02	1.348962882591653e-02
47404	1.318227467739763e-02	1.318256738556407e-02
55515	1.287537391267923e-02	1.288249551693134e-02
57657	1.258830599013427e-02	1.258925411794167e-02
61508	1.222422508732079e-02	1.230268770812382e-02
62951	1.201985455853405e-02	1.202264434617413e-02
65727	1.174192397099727e-02	1.174897554939530e-02
71284	1.147145596809662e-02	1.148153621496883e-02
78370	1.094321755179850e-02	1.096478196143185e-02
81359	1.069984778448974e-02	1.071519305237606e-02
86427	1.046166095398848e-02	1.047128548050900e-02
87760	1.004693808685342e-02	1.023292992280754e-02
88897	9.991304568159110e-03	1.000000000000000e-02
90789	9.772189437894485e-03	9.772372209558112e-03
96409	9.548811164200255e-03	9.549925860214359e-03
106691	9.184278185931261e-03	9.332543007969915e-03
109386	9.114124341597529e-03	9.120108393559097e-03
118455	8.911999701993301e-03	8.912509381337459e-03
120011	8.468733464373934e-03	8.511380382023767e-03
124928	6.380071743094740e-03	6.456542290346556e-03
132613	5.968582323968130e-03	6.025595860743574e-03
132646	5.839757281993707e-03	5.888436553555890e-03
133528	5.530178011551423e-03	5.623413251903491e-03
134865	5.495396685217480e-03	5.495408738576248e-03
138255	5.313935590202101e-03	5.370317963702527e-03
140658	5.001679219566957e-03	5.011872336272725e-03
147704	4.858688910592601e-03	4.897788193684461e-03
156969	4.723312724648543e-03	4.786300923226385e-03
158452	4.677166133956079e-03	4.677351412871981e-03
160127	4.568705312035903e-03	4.570881896148752e-03
161137	4.433353591223876e-03	4.466835921509630e-03
164370	4.365152268354211e-03	4.365158322401661e-03
167485	4.186876936125850e-03	4.265795188015926e-03
168020	4.025040940286773e-03	4.073802778041126e-03
173920	3.978915715805553e-03	3.981071705534973e-03
184355	3.871376021211015e-03	3.890451449942805e-03
187812	3.801287575347922e-03	3.801893963205613e-03
189461	3.713403013266836e-03	3.715352290971724e-03
196535	3.630262475314061e-03	3.630780547701014e-03
198747	3.429806581259132e-03	3.467368504525317e-03
200879	3.381640564576349e-03	3.388441561392024e-03
212276	3.310217417780259e-03	3.311311214825911e-03
215803	3.229516739954641e-03	3.235936569296281e-03
220069	3.146625575610074e-03	3.162277660168379e-03
222598	2.849792343020296e-03	2.884031503126605e-03
222899	2.706999773343655e-03	2.754228703338166e-03
224904	2.684726756890465e-03	2.691534803926917e-03
228631	2.605838700200591e-03	2.630267991895381e-03
239865	2.495627246444365e-03	2.511886431509579e-03
242153	2.454110471050153e-03	2.454708915685031e-03
247544	2.398158112308924e-03	2.398832919019490e-03
250941	2.337791638323705e-03	2.344228815319923e-03
256409	2.205977404312387e-03	2.238721138568340e-03
256943	2.186842908243558e-03	2.187761623949552e-03
268281	2.133968709295608e-03	2.137962089502233e-03
269662	2.066603849869009e-03	2.089296130854039e-03
271899	2.040408748091083e-03	2.041737944669530e-03
274253	1.994936950795001e-03	1.995262314968879e-03
277983	1.946534809478040e-03	1.949844599758046e-03
282931	1.887252421433505e-03	1.905460717963246e-03
293549	1.851798850960651e-03	1.862087136662868e-03
295910	1.803426578394052e-03	1.819700858609983e-03
299278	1.774868213552327e-03	1.778279410038923e-03
300000	1.772956592628439e-03	1.778279410038923e-03
%
% index = 1861, name = bbob_f002_i03_d05__bbob_f014_i05_d05
% instance = 2, reference value = 9.797146826629460e-01
% function evaluation | indicator value | target hit
1	1.767334380406370e+02	1.778279410038923e+02
37	3.404809848685173e+01	3.467368504525317e+01
39	1.393022428104669e+01	1.412537544622754e+01
50	1.266867246839225e+01	1.288249551693134e+01
85	1.258260527682501e+01	1.258925411794167e+01
90	9.770190238295100e+00	9.772372209558107e+00
196	7.308415117862352e+00	7.413102413009175e+00
228	8.647107846713252e-01	8.709635899560807e-01
267	7.110662203484850e-01	7.244359600749900e-01
269	7.041015103166329e-01	7.079457843841379e-01
327	5.694032507492413e-01	5.754399373371569e-01
362	5.518096760006546e-01	5.623413251903491e-01
363	4.399688367414479e-01	4.466835921509631e-01
367	4.299903503885579e-01	4.365158322401660e-01
373	4.114365854521027e-01	4.168693834703354e-01
400	3.825361256056032e-01	3.890451449942806e-01
434	3.584523101201821e-01	3.630780547701014e-01
436	3.305589162385870e-01	3.311311214825911e-01
446	2.914824747055761e-01	2.951209226666385e-01
457	2.759821806137611e-01	2.818382931264454e-01
459	2.070225254735124e-01	2.089296130854039e-01
463	1.970247284131189e-01	1.995262314968880e-01
469	1.800603499658939e-01	1.819700858609984e-01
506	1.529022602431408e-01	1.548816618912481e-01
520	1.492412518213019e-01	1.513561248436208e-01
522	1.478473532065637e-01	1.479108388168208e-01
564	1.145035666466548e-01	1.148153621496883e-01
584	1.119772984513550e-01	1.122018454301964e-01
594	1.045080239870290e-01	1.047128548050900e-01
643	1.022753076959209e-01	1.023292992280754e-01
683	9.543634441133564e-02	9.549925860214359e-02
687	9.196237400627183e-02	9.332543007969910e-02
712	8.937325313074151e-02	9.120108393559097e-02
716	8.509957426803794e-02	8.511380382023763e-02
730	8.049105169201998e-02	8.128305161640990e-02
735	7.438331721334546e-02	7.585775750291836e-02
737	7.380267997128276e-02	7.413102413009177e-02
746	7.008694393977100e-02	7.079457843841380e-02
755	6.725890837548110e-02	6.760829753919818e-02
758	4.976328566920574e-02	5.011872336272722e-02
781	4.891019906127969e-02	4.897788193684462e-02
809	4.676681438336994e-02	4.677351412871981e-02
810	4.446373188157415e-02	4.466835921509630e-02
827	4.345630298605085e-02	4.365158322401658e-02
848	4.183156620717676e-02	4.265795188015926e-02
852	4.151718783592573e-02	4.168693834703355e-02
884	3.977109761350017e-02	3.981071705534973e-02
896	3.855532945917395e-02	3.890451449942807e-02
897	3.683115602716602e-02	3.715352290971726e-02
920	3.621546640323237e-02	3.630780547701014e-02
931	3.404673123669244e-02	3.467368504525317e-02
933	3.384224501314070e-02	3.388441561392026e-02
964	3.227624854701283e-02	3.235936569296283e-02
977	3.126668044623948e-02	3.162277660168379e-02
1025	3.068517555250838e-02	3.090295432513590e-02
1028	2.711755466940269e-02	2.754228703338166e-02
1042	2.681093715068561e-02	2.691534803926915e-02
1071	2.591989423872887e-02	2.630267991895381e-02
1074	2.498416343457610e-02	2.511886431509579e-02
1086	2.445326447912510e-02	2.454708915685030e-02
1118	2.390174661031663e-02	2.398832919019490e-02
1151	2.291093690626045e-02	2.344228815319923e-02
1157	2.288100319913455e-02	2.290867652767773e-02
1180	1.894327048339728e-02	1.905460717963247e-02
1346	1.860140857106340e-02	1.862087136662868e-02
1358	1.802120700136334e-02	1.819700858609984e-02
1364	1.777323379228202e-02	1.778279410038923e-02
1425	1.728159516790062e-02	1.737800828749375e-02
1446	1.689735248806634e-02	1.698243652461744e-02
1453	1.651786148941026e-02	1.659586907437561e-02
1511	1.606652694361721e-02	1.621810097358930e-02
1743	1.582333551574844e-02	1.584893192461113e-02
1752	1.510527364085545e-02	1.513561248436208e-02
1884	1.426759840558378e-02	1.445439770745927e-02
1909	1.399376900470306e-02	1.412537544622754e-02
2196	1.377447902083273e-02	1.380384264602885e-02
2246	1.301855664873308e-02	1.318256738556407e-02
2317	1.288160709057495e-02	1.288249551693134e-02
2326	1.249684666010242e-02	1.258925411794167e-02
2331	1.154366179808208e-02	1.174897554939530e-02
2346	1.140541817013108e-02	1.148153621496883e-02
2364	1.120510640825012e-02	1.122018454301964e-02
2459	1.096001301344640e-02	1.096478196143185e-02
2497	1.041265341234188e-02	1.047128548050900e-02
2504	9.576947310082518e-03	9.772372209558112e-03
2532	9.490761125421576e-03	9.549925860214359e-03
2534	9.303307308129227e-03	9.332543007969915e-03
3003	9.113505640876429e-03	9.120108393559097e-03
3026	8.618427816283969e-03	8.709635899560805e-03
3064	8.447772695626798e-03	8.511380382023767e-03
3145	7.871251304268023e-03	7.943282347242814e-03
3245	7.762382956151725e-03	7.762471166286920e-03
3999	7.585729384836482e-03	7.585775750291836e-03
4161	6.812193617908524e-03	6.918309709189363e-03
4327	6.753763268590118e-03	6.760829753919818e-03
5199	5.991204648954307e-03	6.025595860743574e-03
5293	5.737552608518603e-03	5.754399373371567e-03
5444	5.601847905976176e-03	5.623413251903491e-03
5592	5.495382709010288e-03	5.495408738576248e-03
5733	5.262284380476601e-03	5.370317963702527e-03
5754	5.242269630650331e-03	5.248074602497728e-03
6121	5.128043949843120e-03	5.128613839913648e-03
7306	4.664242211941394e-03	4.677351412871981e-03
7733	4.335025146962601e-03	4.365158322401661e-03
8132	4.264966046966800e-03	4.265795188015926e-03
10293	4.168560324134485e-03	4.168693834703355e-03
10718	4.070881589325670e-03	4.073802778041126e-03
11452	3.980910469768340e-03	3.981071705534973e-03
12393	3.890214534857162e-03	3.890451449942805e-03
12427	3.516065312829442e-03	3.548133892335753e-03
13282	3.466934181013959e-03	3.467368504525317e-03
14259	3.381960588092037e-03	3.388441561392024e-03
16746	3.263994095126121e-03	3.311311214825911e-03
16976	3.235688764055666e-03	3.235936569296281e-03
19218	3.162003444910688e-03	3.162277660168379e-03
21018	3.074826146196252e-03	3.090295432513592e-03
21416	2.685017639202258e-03	2.691534803926917e-03
21450	2.582243072594470e-03	2.630267991895381e-03
22002	2.569901507715522e-03	2.570395782768865e-03
23631	2.507988925001703e-03	2.511886431509579e-03
24060	2.421047171969004e-03	2.454708915685031e-03
24696	2.390127241445938e-03	2.398832919019490e-03
29090	2.343246757603223e-03	2.344228815319923e-03
29220	2.244642910482875e-03	2.290867652767772e-03
29430	2.238509222169172e-03	2.238721138568340e-03
31312	2.187742954117944e-03	2.187761623949552e-03
31885	2.043627211419485e-03	2.089296130854039e-03
32197	2.040205854680122e-03	2.041737944669530e-03
34935	1.992681867843071e-03	1.995262314968879e-03
39485	1.947855607936311e-03	1.949844599758046e-03
44730	1.905427466465826e-03	1.905460717963246e-03
52207	1.859747021432323e-03	1.862087136662868e-03
56112	1.819550038048234e-03	1.819700858609983e-03
57880	1.778259485025857e-03	1.778279410038923e-03
60198	1.736876619095939e-03	1.737800828749376e-03
64264	1.686100785418754e-03	1.698243652461744e-03
69939	1.637099892032645e-03	1.659586907437561e-03
75723	1.621270506284689e-03	1.621810097358930e-03
81888	1.584888941869145e-03	1.584893192461114e-03
84006	1.548589559110636e-03	1.548816618912481e-03
85644	1.512566317239283e-03	1.513561248436209e-03
87909	1.368483568068735e-03	1.380384264602885e-03
89700	1.336230842249653e-03	1.348962882591653e-03
92638	1.303161353258586e-03	1.318256738556408e-03
94551	1.286868406983777e-03	1.288249551693134e-03
99598	1.255656496585433e-03	1.258925411794167e-03
102680	1.230053005543241e-03	1.230268770812381e-03
104956	1.168770473669700e-03	1.174897554939529e-03
107337	1.146689559893610e-03	1.148153621496883e-03
109271	1.102635825199094e-03	1.122018454301963e-03
112044	1.095458329990584e-03	1.096478196143185e-03
122880	1.059238587739375e-03	1.071519305237606e-03
123722	1.046310885996271e-03	1.047128548050900e-03
127596	1.023172037829978e-03	1.023292992280754e-03
135858	9.999968683752636e-04	1.000000000000000e-03
140850	9.458188338207218e-04	9.549925860214359e-04
149914	9.332386800352532e-04	9.332543007969915e-04
157694	9.119712181151485e-04	9.120108393559096e-04
172813	8.743334792737922e-04	8.912509381337459e-04
177467	8.709600399497974e-04	8.709635899560805e-04
201220	8.508158434175073e-04	8.511380382023768e-04
222855	8.172047190290188e-04	8.317637711026709e-04
227366	7.445107181729416e-04	7.585775750291835e-04
234003	7.413097919100053e-04	7.413102413009177e-04
234161	7.114243074891613e-04	7.244359600749898e-04
235314	6.213203706554316e-04	6.309573444801930e-04
241917	5.700256969720652e-04	5.754399373371566e-04
271990	5.622006776742072e-04	5.623413251903491e-04
300001	5.555081849534238e-04	5.623413251903491e-04
%
% index = 1862, name = bbob_f002_i07_d05__bbob_f014_i08_d05
% instance = 3, reference value = 9.806851183883590e-01
% function evaluation | indicator value | target hit
1	1.076645294063859e+00	1.096478196143185e+00
4	9.223758627584141e-01	9.332543007969910e-01
15	9.111238937251378e-01	9.120108393559098e-01
33	8.786968782795485e-01	8.912509381337456e-01
37	8.529263829088256e-01	8.709635899560807e-01
38	8.486789827273251e-01	8.511380382023764e-01
54	8.171284807278767e-01	8.317637711026710e-01
66	7.685009366744577e-01	7.762471166286917e-01
89	6.635435720859455e-01	6.760829753919817e-01
108	6.414061255474790e-01	6.456542290346555e-01
109	5.294276260482266e-01	5.370317963702527e-01
118	5.176007347883718e-01	5.248074602497725e-01
123	5.097113567366222e-01	5.128613839913648e-01
139	4.994140510436160e-01	5.011872336272722e-01
157	4.235426583438278e-01	4.265795188015927e-01
169	4.148939466111891e-01	4.168693834703354e-01
172	3.627852849195689e-01	3.630780547701014e-01
174	2.367167356028671e-01	2.398832919019490e-01
182	2.200009423311824e-01	2.238721138568339e-01
186	2.176434359748548e-01	2.187761623949552e-01
199	2.009721859764441e-01	2.041737944669530e-01
211	1.970174797992058e-01	1.995262314968880e-01
222	1.878510551378408e-01	1.905460717963247e-01
242	1.829956460342222e-01	1.862087136662867e-01
258	1.743329800166159e-01	1.778279410038923e-01
259	1.712994093550587e-01	1.737800828749375e-01
305	1.684062831457628e-01	1.698243652461744e-01
306	1.643290377131926e-01	1.659586907437560e-01
338	1.595931167629182e-01	1.621810097358930e-01
349	1.501007223968408e-01	1.513561248436208e-01
366	1.376068125490278e-01	1.380384264602885e-01
391	1.310090390274750e-01	1.318256738556407e-01
398	1.185356285244226e-01	1.202264434617413e-01
405	1.173993041172625e-01	1.174897554939529e-01
470	1.146770588965939e-01	1.148153621496883e-01
491	1.082939213505189e-01	1.096478196143185e-01
510	1.068235297474148e-01	1.071519305237607e-01
549	9.882891323296417e-02	1.000000000000000e-01
557	9.459895371726024e-02	9.549925860214359e-02
564	9.291848568922034e-02	9.332543007969910e-02
567	9.090590842089707e-02	9.120108393559097e-02
575	8.844492774282942e-02	8.912509381337455e-02
578	8.164266600439485e-02	8.317637711026708e-02
583	7.897115956100842e-02	7.943282347242814e-02
596	7.620815136511705e-02	7.762471166286916e-02
602	7.547758019746653e-02	7.585775750291836e-02
605	6.296188487336674e-02	6.309573444801933e-02
633	6.128264002684825e-02	6.165950018614822e-02
647	5.345824685323330e-02	5.370317963702527e-02
666	5.235065120184201e-02	5.248074602497726e-02
753	5.015959371187628e-02	5.128613839913648e-02
754	4.881405281335682e-02	4.897788193684462e-02
761	4.655189778045776e-02	4.677351412871981e-02
777	4.244272866110255e-02	4.265795188015926e-02
782	4.080946878572200e-02	4.168693834703355e-02
789	4.042519351601437e-02	4.073802778041128e-02
812	3.961087640656591e-02	3.981071705534973e-02
840	3.807006838486560e-02	3.890451449942807e-02
852	3.781626361589197e-02	3.801893963205612e-02
861	3.521380961214371e-02	3.548133892335755e-02
884	3.218909434728368e-02	3.235936569296283e-02
896	2.908224895075773e-02	2.951209226666385e-02
909	2.865381109483622e-02	2.884031503126606e-02
940	2.811841632699952e-02	2.818382931264454e-02
959	2.743734127880459e-02	2.754228703338166e-02
1165	2.686339383766967e-02	2.691534803926915e-02
1225	2.280030490063678e-02	2.290867652767773e-02
1269	2.176993952306605e-02	2.187761623949553e-02
1289	1.957521790791894e-02	1.995262314968880e-02
1316	1.888887001067785e-02	1.905460717963247e-02
1349	1.861005146369077e-02	1.862087136662868e-02
1416	1.764406557732412e-02	1.778279410038923e-02
1455	1.619319008586872e-02	1.621810097358930e-02
1469	1.574559909666839e-02	1.584893192461113e-02
1479	1.543299415165866e-02	1.548816618912481e-02
1706	1.508596443129828e-02	1.513561248436208e-02
1781	1.447168935871646e-02	1.479108388168207e-02
1785	1.412597346241740e-02	1.445439770745927e-02
1791	1.412209999999181e-02	1.412537544622754e-02
1835	1.174769427620026e-02	1.174897554939530e-02
1897	1.036711839787652e-02	1.047128548050900e-02
1943	1.010643518806931e-02	1.023292992280754e-02
1959	9.373999560189694e-03	9.549925860214359e-03
1976	9.218413030671724e-03	9.332543007969915e-03
1993	9.096047654975514e-03	9.120108393559097e-03
2059	8.866671610777255e-03	8.912509381337459e-03
2587	8.703515729975519e-03	8.709635899560805e-03
2652	7.897605768346083e-03	7.943282347242814e-03
2688	7.740480467169020e-03	7.762471166286920e-03
2823	7.567881148399902e-03	7.585775750291836e-03
3478	7.383149071109041e-03	7.413102413009177e-03
3484	6.129273276942682e-03	6.165950018614822e-03
3624	6.010160385204300e-03	6.025595860743574e-03
3715	5.864910987259608e-03	5.888436553555890e-03
3901	5.663289327559329e-03	5.754399373371567e-03
3941	5.601104038189808e-03	5.623413251903491e-03
4941	5.495346805340251e-03	5.495408738576248e-03
4956	5.157956880516901e-03	5.248074602497728e-03
4989	5.090270308954703e-03	5.128613839913648e-03
5105	4.999292871582406e-03	5.011872336272725e-03
5242	4.848890397461170e-03	4.897788193684461e-03
5340	4.780476455969795e-03	4.786300923226385e-03
5430	4.659162764212188e-03	4.677351412871981e-03
6692	4.569702385493035e-03	4.570881896148752e-03
6880	4.466094246599939e-03	4.466835921509630e-03
6909	4.324606496954098e-03	4.365158322401661e-03
7179	4.265768177270757e-03	4.265795188015926e-03
7428	4.165994405658457e-03	4.168693834703355e-03
7676	4.071194071806561e-03	4.073802778041126e-03
7835	3.847413937464017e-03	3.890451449942805e-03
7952	3.801889003665071e-03	3.801893963205613e-03
9888	3.687610731533009e-03	3.715352290971724e-03
9925	3.288458083629431e-03	3.311311214825911e-03
9946	2.701499467851476e-03	2.754228703338166e-03
9988	2.674140525534274e-03	2.691534803926917e-03
10182	2.555797384088954e-03	2.570395782768865e-03
10281	2.501590931129449e-03	2.511886431509579e-03
10389	2.265986076457671e-03	2.290867652767772e-03
10500	2.203475535553667e-03	2.238721138568340e-03
10657	2.187714626659232e-03	2.187761623949552e-03
10713	2.105202138925177e-03	2.137962089502233e-03
10828	2.086897488978168e-03	2.089296130854039e-03
10996	2.028024787497196e-03	2.041737944669530e-03
13236	1.991639850449256e-03	1.995262314968879e-03
13293	1.949781044589094e-03	1.949844599758046e-03
13465	1.905081142289711e-03	1.905460717963246e-03
13778	1.861236128703703e-03	1.862087136662868e-03
13872	1.788531288981932e-03	1.819700858609983e-03
13977	1.767774888184803e-03	1.778279410038923e-03
14055	1.734160851437183e-03	1.737800828749376e-03
14380	1.698214033996504e-03	1.698243652461744e-03
14492	1.632934553673970e-03	1.659586907437561e-03
14771	1.621316029394859e-03	1.621810097358930e-03
15093	1.584643315618806e-03	1.584893192461114e-03
15293	1.534932762247254e-03	1.548816618912481e-03
15330	1.490763745544466e-03	1.513561248436209e-03
15587	1.479080909740915e-03	1.479108388168207e-03
15781	1.445338970660903e-03	1.445439770745928e-03
15947	1.411698958611818e-03	1.412537544622754e-03
16192	1.374882463304972e-03	1.380384264602885e-03
16348	1.344998384112173e-03	1.348962882591653e-03
16655	1.317911351205070e-03	1.318256738556408e-03
16737	1.248839891055953e-03	1.258925411794167e-03
16831	1.077153163062228e-03	1.096478196143185e-03
19653	1.070121645655786e-03	1.071519305237606e-03
19708	1.046728810295883e-03	1.047128548050900e-03
20328	1.020615408195757e-03	1.023292992280754e-03
20439	9.998545486096244e-04	1.000000000000000e-03
20639	9.772065789909190e-04	9.772372209558111e-04
20943	9.377912825268009e-04	9.549925860214359e-04
21219	9.332413174150123e-04	9.332543007969915e-04
21265	8.098928250402926e-04	8.128305161640995e-04
21600	7.783703149507604e-04	7.943282347242813e-04
21740	7.759826338199494e-04	7.762471166286919e-04
21978	7.346227357548640e-04	7.413102413009177e-04
22308	7.244300807864867e-04	7.244359600749898e-04
24493	6.875575221131358e-04	6.918309709189362e-04
26516	6.654888676902448e-04	6.760829753919819e-04
26565	6.544851839515031e-04	6.606934480075957e-04
27053	6.441489359737540e-04	6.456542290346556e-04
27126	6.299719423583650e-04	6.309573444801930e-04
27410	6.079958282451114e-04	6.165950018614823e-04
27548	6.025159617963904e-04	6.025595860743575e-04
28063	5.888053527457471e-04	5.888436553555889e-04
28277	5.713637901243462e-04	5.754399373371566e-04
28503	5.621569942232396e-04	5.623413251903491e-04
28754	5.472507790752479e-04	5.495408738576248e-04
28761	5.339051957389263e-04	5.370317963702527e-04
29403	5.248031480201698e-04	5.248074602497728e-04
29981	5.128264038385399e-04	5.128613839913648e-04
30238	5.011327078604522e-04	5.011872336272725e-04
35578	4.897524751478199e-04	4.897788193684461e-04
36175	4.779374392724911e-04	4.786300923226385e-04
36754	4.671523958732493e-04	4.677351412871981e-04
36974	4.503411134338942e-04	4.570881896148752e-04
37399	4.462689564773692e-04	4.466835921509630e-04
37815	4.364368888550851e-04	4.365158322401661e-04
38055	4.257641635783127e-04	4.265795188015926e-04
38642	4.165137647297312e-04	4.168693834703355e-04
39164	4.055573731578388e-04	4.073802778041126e-04
39819	3.830355750089609e-04	3.890451449942805e-04
40337	3.801800459086735e-04	3.801893963205612e-04
47777	3.714747783214456e-04	3.715352290971724e-04
48301	3.630425829836970e-04	3.630780547701014e-04
48644	3.539036859125932e-04	3.548133892335753e-04
49809	3.467358442451607e-04	3.467368504525317e-04
50979	3.386176816712050e-04	3.388441561392024e-04
51607	3.270286659624588e-04	3.311311214825911e-04
51712	3.233394469043249e-04	3.235936569296281e-04
52963	3.153158495776687e-04	3.162277660168379e-04
53897	3.082813400819839e-04	3.090295432513592e-04
54800	3.019235975059154e-04	3.019951720402016e-04
56792	2.951137689685135e-04	2.951209226666387e-04
58686	2.879933964976544e-04	2.884031503126605e-04
60877	2.817838567391595e-04	2.818382931264455e-04
64079	2.753810288904646e-04	2.754228703338166e-04
64746	2.477559137946672e-04	2.511886431509580e-04
66008	2.454679179999530e-04	2.454708915685031e-04
74863	2.396705942137034e-04	2.398832919019490e-04
78078	2.333843400347257e-04	2.344228815319923e-04
79937	2.289387594867076e-04	2.290867652767772e-04
82463	2.238559846833299e-04	2.238721138568340e-04
84915	2.185678556209103e-04	2.187761623949552e-04
86653	2.137809162239268e-04	2.137962089502232e-04
91369	2.089248378246422e-04	2.089296130854039e-04
94222	2.038563879266375e-04	2.041737944669530e-04
96468	1.721298985049025e-04	1.737800828749376e-04
101441	1.695593932419248e-04	1.698243652461744e-04
103411	1.658565706252890e-04	1.659586907437562e-04
107654	1.620894492841973e-04	1.621810097358930e-04
113698	1.584100700254831e-04	1.584893192461114e-04
116402	1.547558438426133e-04	1.548816618912481e-04
119536	1.513483863858633e-04	1.513561248436209e-04
127831	1.477413353081491e-04	1.479108388168207e-04
130753	1.445435958183916e-04	1.445439770745928e-04
136351	1.412024093311315e-04	1.412537544622754e-04
141322	1.379373895195046e-04	1.380384264602885e-04
142970	1.345752565437008e-04	1.348962882591653e-04
153458	1.316891687705990e-04	1.318256738556407e-04
160085	1.288169547827289e-04	1.288249551693134e-04
168536	1.258673742837724e-04	1.258925411794167e-04
181259	1.229932235615738e-04	1.230268770812381e-04
189940	1.202234750069531e-04	1.202264434617413e-04
191309	1.148182917380947e-04	1.174897554939529e-04
191352	1.148134055045658e-04	1.148153621496883e-04
200603	1.121397658490064e-04	1.122018454301963e-04
203796	1.085268573384202e-04	1.096478196143185e-04
209111	1.071420304802340e-04	1.071519305237606e-04
214861	1.045560652624955e-04	1.047128548050900e-04
225078	1.023288960330104e-04	1.023292992280754e-04
231243	9.999512655067821e-05	1.000000000000000e-04
237998	9.761301031085967e-05	9.772372209558111e-05
256565	9.528191526697594e-05	9.549925860214369e-05
265963	9.332216984270225e-05	9.332543007969905e-05
280000	9.119108152999544e-05	9.120108393559096e-05
292385	8.910425687314039e-05	8.912509381337459e-05
300001	8.819352356537191e-05	8.912509381337459e-05
%
% index = 1863, name = bbob_f002_i09_d05__bbob_f014_i10_d05
% instance = 4, reference value = 9.447648968517630e-01
% function evaluation | indicator value | target hit
1	1.310502197660576e+01	1.318256738556407e+01
21	1.284073106669376e+01	1.288249551693134e+01
74	1.217699218330576e+01	1.230268770812382e+01
89	2.643569919444186e+00	2.691534803926916e+00
112	6.356192014453552e-01	6.456542290346555e-01
168	6.249136807206732e-01	6.309573444801932e-01
227	4.895713707024498e-01	4.897788193684462e-01
282	4.332094363776668e-01	4.365158322401660e-01
310	4.188605898963511e-01	4.265795188015927e-01
326	3.866836817681976e-01	3.890451449942806e-01
330	3.738825992835243e-01	3.801893963205612e-01
349	3.637969872823852e-01	3.715352290971726e-01
362	3.082435777032566e-01	3.090295432513591e-01
375	3.001544933145579e-01	3.019951720402016e-01
411	2.767685780838527e-01	2.818382931264454e-01
414	2.749844736627483e-01	2.754228703338166e-01
427	2.231349503122907e-01	2.238721138568339e-01
491	1.909595551189622e-01	1.949844599758045e-01
493	1.901017558216594e-01	1.905460717963247e-01
497	1.768884760140653e-01	1.778279410038923e-01
503	1.698602034340401e-01	1.737800828749375e-01
504	1.653268832397062e-01	1.659586907437560e-01
542	1.445239461031759e-01	1.445439770745928e-01
607	1.410217610977130e-01	1.412537544622754e-01
639	1.336859529621586e-01	1.348962882591654e-01
731	1.318155570205947e-01	1.318256738556407e-01
742	1.266680591076740e-01	1.288249551693134e-01
748	1.228725839744302e-01	1.230268770812381e-01
818	1.111861828190049e-01	1.122018454301964e-01
835	1.088819483120443e-01	1.096478196143185e-01
886	1.066785975463348e-01	1.071519305237607e-01
894	1.014137349162971e-01	1.023292992280754e-01
943	9.920241568745114e-02	1.000000000000000e-01
1116	9.552288781365958e-02	9.772372209558107e-02
1126	8.678246556803848e-02	8.709635899560805e-02
1177	8.423564746644774e-02	8.511380382023763e-02
1202	8.113218870473804e-02	8.128305161640990e-02
1296	6.570703406838641e-02	6.606934480075961e-02
1304	6.426425759312826e-02	6.456542290346556e-02
1378	6.309317140316362e-02	6.309573444801933e-02
1397	6.160703672578949e-02	6.165950018614822e-02
1465	6.012965658294367e-02	6.025595860743578e-02
1496	5.649405432603483e-02	5.754399373371569e-02
1511	5.564611739551062e-02	5.623413251903491e-02
1514	5.397740262197681e-02	5.495408738576246e-02
1697	5.345335477707047e-02	5.370317963702527e-02
1715	5.122297312379298e-02	5.128613839913648e-02
1758	4.982430415273265e-02	5.011872336272722e-02
1820	4.829108058301357e-02	4.897788193684462e-02
1824	4.774455466547756e-02	4.786300923226382e-02
1878	4.655828712353038e-02	4.677351412871981e-02
2191	4.567331109294848e-02	4.570881896148749e-02
2192	4.427807292702668e-02	4.466835921509630e-02
2196	4.315337294609223e-02	4.365158322401658e-02
2220	4.202670534047526e-02	4.265795188015926e-02
2240	4.167765455976413e-02	4.168693834703355e-02
2385	4.073484843621999e-02	4.073802778041128e-02
2393	3.956763326657320e-02	3.981071705534973e-02
2398	3.872854298435524e-02	3.890451449942807e-02
2524	3.800710708258692e-02	3.801893963205612e-02
2548	3.714852867284957e-02	3.715352290971726e-02
3035	3.530838128096847e-02	3.548133892335755e-02
3107	3.457180657013070e-02	3.467368504525317e-02
3160	3.388068496785235e-02	3.388441561392026e-02
3256	3.304952191199739e-02	3.311311214825911e-02
3361	3.213117460669268e-02	3.235936569296283e-02
3471	3.141480746464187e-02	3.162277660168379e-02
3545	3.084183987917732e-02	3.090295432513590e-02
3614	2.993932191168591e-02	3.019951720402016e-02
3653	2.831962942437838e-02	2.884031503126606e-02
3656	2.816682048056207e-02	2.818382931264454e-02
3721	2.719634611360955e-02	2.754228703338166e-02
3779	2.690650330364419e-02	2.691534803926915e-02
3846	2.545841540531413e-02	2.570395782768863e-02
3906	2.509128225822266e-02	2.511886431509579e-02
4508	2.382184342976124e-02	2.398832919019490e-02
4600	2.326257945766264e-02	2.344228815319923e-02
4659	2.289770303536365e-02	2.290867652767773e-02
4811	2.238642048003470e-02	2.238721138568340e-02
4888	2.186098430293970e-02	2.187761623949553e-02
4945	2.128152580968934e-02	2.137962089502233e-02
5025	2.084389900466854e-02	2.089296130854040e-02
5150	2.040738956644150e-02	2.041737944669529e-02
5269	1.988396673101722e-02	1.995262314968880e-02
6169	1.946818818489182e-02	1.949844599758046e-02
6224	1.904193814624366e-02	1.905460717963247e-02
6278	1.860325765819482e-02	1.862087136662868e-02
6456	1.819074015293243e-02	1.819700858609984e-02
6705	1.768075215846387e-02	1.778279410038923e-02
6913	1.736400813708250e-02	1.737800828749375e-02
6948	1.691178619191058e-02	1.698243652461744e-02
6994	1.658216580657479e-02	1.659586907437561e-02
7906	1.597723199412926e-02	1.621810097358930e-02
8203	1.582619029830035e-02	1.584893192461113e-02
8312	1.514985248480705e-02	1.548816618912481e-02
8385	1.513382054594059e-02	1.513561248436208e-02
8471	1.402777124427712e-02	1.412537544622754e-02
8540	1.379822389610219e-02	1.380384264602885e-02
8681	1.348873741655277e-02	1.348962882591653e-02
8749	1.312505950439058e-02	1.318256738556407e-02
8976	1.281457829293808e-02	1.288249551693134e-02
9234	1.254736843880910e-02	1.258925411794167e-02
9703	1.229919357063525e-02	1.230268770812382e-02
11426	1.202141546599744e-02	1.202264434617413e-02
11529	1.173359137589980e-02	1.174897554939530e-02
11693	1.146163308873505e-02	1.148153621496883e-02
11891	1.119938568580858e-02	1.122018454301964e-02
12117	1.096460054097659e-02	1.096478196143185e-02
12560	1.071251697624676e-02	1.071519305237606e-02
13056	1.047014969066606e-02	1.047128548050900e-02
13300	1.008995150757486e-02	1.023292992280754e-02
13477	9.997426050898039e-03	1.000000000000000e-02
14002	9.683360330908108e-03	9.772372209558112e-03
14073	9.478296993303936e-03	9.549925860214359e-03
14284	9.317032214402832e-03	9.332543007969915e-03
14795	9.030722017659309e-03	9.120108393559097e-03
15018	8.911748523563245e-03	8.912509381337459e-03
15637	8.709125818581298e-03	8.709635899560805e-03
16033	8.489252104795342e-03	8.511380382023767e-03
18252	8.294317163785703e-03	8.317637711026709e-03
18470	8.124396867716377e-03	8.128305161640995e-03
18787	7.843089511849088e-03	7.943282347242814e-03
19067	7.761627049725273e-03	7.762471166286920e-03
19507	7.585746119750492e-03	7.585775750291836e-03
20075	7.391758458002440e-03	7.413102413009177e-03
20438	7.244192015393169e-03	7.244359600749898e-03
23710	7.079007138551474e-03	7.079457843841380e-03
23972	6.885386220975453e-03	6.918309709189363e-03
24589	6.759353774952070e-03	6.760829753919818e-03
25628	6.602249623220757e-03	6.606934480075957e-03
26492	6.456534296663041e-03	6.456542290346556e-03
26919	6.308464484809484e-03	6.309573444801930e-03
27577	4.739163363582710e-03	4.786300923226385e-03
31655	4.654844617595799e-03	4.677351412871981e-03
32592	4.570717140233049e-03	4.570881896148752e-03
34375	4.464618576621504e-03	4.466835921509630e-03
40350	4.362462408071477e-03	4.365158322401661e-03
41767	4.265239310769608e-03	4.265795188015926e-03
42947	4.161796450698252e-03	4.168693834703355e-03
43682	4.053958374577449e-03	4.073802778041126e-03
45262	3.981019936852292e-03	3.981071705534973e-03
46336	3.864158569331644e-03	3.890451449942805e-03
53154	3.796466136940957e-03	3.801893963205613e-03
53656	3.714884358981041e-03	3.715352290971724e-03
55645	3.594689337441448e-03	3.630780547701014e-03
57000	3.547753523643671e-03	3.548133892335753e-03
58572	3.448384372404689e-03	3.467368504525317e-03
59479	3.384416245513444e-03	3.388441561392024e-03
60882	3.311284097351708e-03	3.311311214825911e-03
64377	3.235539260818543e-03	3.235936569296281e-03
68370	3.157539018082689e-03	3.162277660168379e-03
71636	3.090255612061998e-03	3.090295432513592e-03
80848	3.019892885055109e-03	3.019951720402016e-03
84496	2.946085305430168e-03	2.951209226666387e-03
86907	2.856116319294277e-03	2.884031503126605e-03
87963	2.814597697407217e-03	2.818382931264455e-03
91644	2.712506267332326e-03	2.754228703338166e-03
93200	2.680321832540522e-03	2.691534803926917e-03
98103	2.630256643855744e-03	2.630267991895381e-03
109040	2.559882425140714e-03	2.570395782768865e-03
111641	2.510523372354689e-03	2.511886431509579e-03
116633	2.443348067440620e-03	2.454708915685031e-03
120266	2.375190667239124e-03	2.398832919019490e-03
124507	2.343789771268368e-03	2.344228815319923e-03
131559	2.290864864918918e-03	2.290867652767772e-03
134764	2.224818906540915e-03	2.238721138568340e-03
136782	2.186318572785617e-03	2.187761623949552e-03
141310	2.131660547535330e-03	2.137962089502233e-03
146225	2.089281264716192e-03	2.089296130854039e-03
149221	2.021298651054493e-03	2.041737944669530e-03
151324	1.994794034632097e-03	1.995262314968879e-03
157511	1.949609724694601e-03	1.949844599758046e-03
161626	1.905381919104054e-03	1.905460717963246e-03
166605	1.859327556997470e-03	1.862087136662868e-03
169000	1.796826420159103e-03	1.819700858609983e-03
169874	1.778267138853318e-03	1.778279410038923e-03
173438	1.737254634121443e-03	1.737800828749376e-03
182395	1.698225937278530e-03	1.698243652461744e-03
185108	1.658779492909823e-03	1.659586907437561e-03
190115	1.620827804332370e-03	1.621810097358930e-03
196155	1.583515644742683e-03	1.584893192461114e-03
204846	1.548555552774888e-03	1.548816618912481e-03
208125	1.510345641412725e-03	1.513561248436209e-03
212973	1.478019701602884e-03	1.479108388168207e-03
216118	1.445028088318590e-03	1.445439770745928e-03
223592	1.412478759711067e-03	1.412537544622754e-03
232900	1.380258261553302e-03	1.380384264602885e-03
240556	1.348786419560710e-03	1.348962882591653e-03
250661	1.318256261286677e-03	1.318256738556408e-03
255290	1.287403850313784e-03	1.288249551693134e-03
262198	1.255167127306445e-03	1.258925411794167e-03
267641	1.230239683188139e-03	1.230268770812381e-03
280663	1.201730103258303e-03	1.202264434617413e-03
285908	1.174860599559180e-03	1.174897554939529e-03
286212	1.147310154116843e-03	1.148153621496883e-03
295441	1.120808868789847e-03	1.122018454301963e-03
300000	1.108545854179743e-03	1.122018454301963e-03
%
% index = 1864, name = bbob_f002_i11_d05__bbob_f014_i12_d05
% instance = 5, reference value = 8.674229110314520e-01
% function evaluation | indicator value | target hit
1	3.192277259803619e-01	3.235936569296283e-01
5	3.150771106362206e-01	3.162277660168379e-01
44	3.079177876014133e-01	3.090295432513591e-01
53	2.775239411163302e-01	2.818382931264454e-01
91	2.670575684516258e-01	2.691534803926916e-01
96	2.557538928306249e-01	2.570395782768864e-01
138	2.285912440836251e-01	2.290867652767773e-01
271	2.074863594023028e-01	2.089296130854039e-01
316	1.993189788997854e-01	1.995262314968880e-01
366	1.917090748467070e-01	1.949844599758045e-01
389	1.852314775855737e-01	1.862087136662867e-01
407	1.632394169275447e-01	1.659586907437560e-01
456	1.510606612585652e-01	1.513561248436208e-01
507	1.477279142505248e-01	1.479108388168208e-01
514	1.440471805663868e-01	1.445439770745928e-01
568	1.353843705481644e-01	1.380384264602885e-01
597	1.328167366443185e-01	1.348962882591654e-01
625	1.295828573483615e-01	1.318256738556407e-01
645	1.285549780243609e-01	1.288249551693134e-01
692	1.197640006193474e-01	1.202264434617413e-01
721	1.173265806808959e-01	1.174897554939529e-01
763	1.129097272647027e-01	1.148153621496883e-01
770	1.113351728645983e-01	1.122018454301964e-01
786	1.084436781200174e-01	1.096478196143185e-01
829	1.062902480993283e-01	1.071519305237607e-01
875	1.041518324404700e-01	1.047128548050900e-01
974	1.023235395820473e-01	1.023292992280754e-01
1263	9.999363812754303e-02	1.000000000000000e-01
1673	9.771083072874998e-02	9.772372209558107e-02
2264	9.169753607230846e-02	9.332543007969910e-02
2415	8.638655690536989e-02	8.709635899560805e-02
3344	8.217712636613150e-02	8.317637711026708e-02
3351	7.950459009205513e-02	8.128305161640990e-02
3392	7.937872643412280e-02	7.943282347242814e-02
6399	7.352139216362374e-02	7.413102413009177e-02
6860	7.229797428400186e-02	7.244359600749903e-02
6919	7.026902021128612e-02	7.079457843841380e-02
7331	6.820701022380771e-02	6.918309709189366e-02
9786	6.515301888931457e-02	6.606934480075961e-02
9853	5.481322058293048e-02	5.495408738576246e-02
13210	5.368717158541259e-02	5.370317963702527e-02
13626	5.178570706800234e-02	5.248074602497726e-02
13799	4.963561333470623e-02	5.011872336272722e-02
17704	4.590684640253329e-02	4.677351412871981e-02
18185	4.566050500388064e-02	4.570881896148749e-02
18202	4.333770968555828e-02	4.365158322401658e-02
19229	3.716699155344583e-02	3.801893963205612e-02
19264	3.712997475071189e-02	3.715352290971726e-02
24692	3.630091699657134e-02	3.630780547701014e-02
31735	3.160254476873603e-02	3.162277660168379e-02
32148	2.633118522404665e-02	2.691534803926915e-02
32160	2.625339777758096e-02	2.630267991895381e-02
33542	2.550015380253623e-02	2.570395782768863e-02
42296	2.508210837545710e-02	2.511886431509579e-02
44803	2.454416274990756e-02	2.454708915685030e-02
51439	2.398640484557069e-02	2.398832919019490e-02
54994	2.336420394294147e-02	2.344228815319923e-02
57086	2.275779425876490e-02	2.290867652767773e-02
57668	2.223294053850644e-02	2.238721138568340e-02
57807	2.094443463962370e-02	2.137962089502233e-02
59169	2.087882526460483e-02	2.089296130854040e-02
60227	1.990044082943587e-02	1.995262314968880e-02
60449	1.921351268522731e-02	1.949844599758046e-02
61052	1.899087720572845e-02	1.905460717963247e-02
68693	1.861684827330534e-02	1.862087136662868e-02
70469	1.812495716499651e-02	1.819700858609984e-02
72861	1.775556493650432e-02	1.778279410038923e-02
73844	1.733988217406468e-02	1.737800828749375e-02
78278	1.697793433102102e-02	1.698243652461744e-02
84871	1.659394517318924e-02	1.659586907437561e-02
96034	1.613983604339453e-02	1.621810097358930e-02
108074	1.583503118498752e-02	1.584893192461113e-02
128408	1.548787334813262e-02	1.548816618912481e-02
141413	1.512676499184595e-02	1.513561248436208e-02
162197	1.477811041966215e-02	1.479108388168207e-02
178842	1.444834557852392e-02	1.445439770745927e-02
184124	1.411261898957827e-02	1.412537544622754e-02
216414	1.380377785935472e-02	1.380384264602885e-02
259677	1.348925309469695e-02	1.348962882591653e-02
270040	1.313877269036889e-02	1.318256738556407e-02
281981	1.273444953916381e-02	1.288249551693134e-02
300001	1.268884697694950e-02	1.288249551693134e-02
%
% index = 1865, name = bbob_f002_i13_d05__bbob_f014_i14_d05
% instance = 6, reference value = 9.756964627083740e-01
% function evaluation | indicator value | target hit
1	7.422934124367769e-01	7.585775750291838e-01
32	7.289828506483244e-01	7.413102413009175e-01
56	4.784484791826975e-01	4.786300923226383e-01
78	4.646702321040592e-01	4.677351412871982e-01
81	4.478789192444407e-01	4.570881896148750e-01
98	3.954511716360009e-01	3.981071705534972e-01
120	3.230446570697685e-01	3.235936569296283e-01
156	2.838731760141674e-01	2.884031503126606e-01
175	2.391275733099651e-01	2.398832919019490e-01
176	1.936785918751990e-01	1.949844599758045e-01
180	1.900951077779373e-01	1.905460717963247e-01
181	1.734957978493972e-01	1.737800828749375e-01
224	1.676742298734456e-01	1.698243652461744e-01
271	1.652671764281933e-01	1.659586907437560e-01
280	1.553981456343396e-01	1.584893192461113e-01
293	1.316709153377682e-01	1.318256738556407e-01
305	1.280388441340208e-01	1.288249551693134e-01
326	1.256747453360774e-01	1.258925411794167e-01
349	8.779377875279626e-02	8.912509381337455e-02
351	8.555133967165207e-02	8.709635899560805e-02
381	8.067358506311351e-02	8.128305161640990e-02
382	6.977915701777804e-02	7.079457843841380e-02
399	6.133915195953754e-02	6.165950018614822e-02
405	5.902412590927342e-02	6.025595860743578e-02
413	5.795506688118091e-02	5.888436553555890e-02
436	5.677316940000887e-02	5.754399373371569e-02
443	5.066557093773350e-02	5.128613839913648e-02
467	4.737809815958205e-02	4.786300923226382e-02
480	4.638292790048948e-02	4.677351412871981e-02
482	4.507445767855178e-02	4.570881896148749e-02
491	4.365170511275240e-02	4.466835921509630e-02
492	4.349968787497382e-02	4.365158322401658e-02
503	4.152606959543059e-02	4.168693834703355e-02
509	4.044281286828866e-02	4.073802778041128e-02
561	3.980899212513167e-02	3.981071705534973e-02
587	3.794055614294845e-02	3.801893963205612e-02
591	3.690899163151395e-02	3.715352290971726e-02
605	3.285953580116008e-02	3.311311214825911e-02
634	2.993628366211620e-02	3.019951720402016e-02
664	2.944298154418135e-02	2.951209226666385e-02
669	2.711552305731280e-02	2.754228703338166e-02
684	2.628925309685592e-02	2.630267991895381e-02
697	2.527739667209150e-02	2.570395782768863e-02
705	2.459818777093070e-02	2.511886431509579e-02
720	2.438933835633850e-02	2.454708915685030e-02
724	2.365637925558683e-02	2.398832919019490e-02
781	2.198495971439496e-02	2.238721138568340e-02
811	2.078585119910858e-02	2.089296130854040e-02
879	2.038549079368712e-02	2.041737944669529e-02
888	1.907682248628950e-02	1.949844599758046e-02
889	1.888724982873602e-02	1.905460717963247e-02
937	1.799426106495305e-02	1.819700858609984e-02
955	1.775188520559334e-02	1.778279410038923e-02
980	1.732437460100977e-02	1.737800828749375e-02
993	1.472524509172168e-02	1.479108388168207e-02
1152	1.431637209073355e-02	1.445439770745927e-02
1204	1.410143189780033e-02	1.412537544622754e-02
1349	1.360656544559613e-02	1.380384264602885e-02
1382	1.286238781217708e-02	1.288249551693134e-02
1406	1.255768752276154e-02	1.258925411794167e-02
1453	1.225682165956754e-02	1.230268770812382e-02
1512	1.186378802688537e-02	1.202264434617413e-02
1541	1.174373520016514e-02	1.174897554939530e-02
1781	1.058586754436530e-02	1.071519305237606e-02
1819	1.045739662879253e-02	1.047128548050900e-02
1855	1.023178221021270e-02	1.023292992280754e-02
1907	9.723754101913951e-03	9.772372209558112e-03
1925	9.537997888197647e-03	9.549925860214359e-03
2241	9.176277794829879e-03	9.332543007969915e-03
2270	8.592358450875137e-03	8.709635899560805e-03
2289	8.509994342671967e-03	8.511380382023767e-03
2365	8.175481991182343e-03	8.317637711026709e-03
2371	7.869734648653370e-03	7.943282347242814e-03
2398	7.645775022144807e-03	7.762471166286920e-03
2445	7.579978486287442e-03	7.585775750291836e-03
2553	7.408944091434111e-03	7.413102413009177e-03
2597	7.233731196754190e-03	7.244359600749898e-03
3090	7.079427937939586e-03	7.079457843841380e-03
3141	6.916614286310074e-03	6.918309709189363e-03
3144	6.658442525193653e-03	6.760829753919818e-03
3225	6.592769550864186e-03	6.606934480075957e-03
3322	6.449903881114882e-03	6.456542290346556e-03
3334	5.738933388737433e-03	5.754399373371567e-03
3345	5.620214875946550e-03	5.623413251903491e-03
3399	5.468399237149368e-03	5.495408738576248e-03
3435	5.341212056841238e-03	5.370317963702527e-03
3443	5.229046419848116e-03	5.248074602497728e-03
4093	5.125070600840220e-03	5.128613839913648e-03
4181	5.009193304672088e-03	5.011872336272725e-03
4344	4.876433683301151e-03	4.897788193684461e-03
4463	4.782790542631643e-03	4.786300923226385e-03
4496	4.664123972648038e-03	4.677351412871981e-03
5494	4.548743215968987e-03	4.570881896148752e-03
5645	4.438714507336239e-03	4.466835921509630e-03
5652	4.338492328560761e-03	4.365158322401661e-03
5782	4.265110550318751e-03	4.265795188015926e-03
6014	4.154163047990211e-03	4.168693834703355e-03
7468	4.054502639355473e-03	4.073802778041126e-03
7598	3.896669528374086e-03	3.981071705534973e-03
7662	3.886646519376979e-03	3.890451449942805e-03
7938	3.799986784496667e-03	3.801893963205613e-03
9790	3.712516750709827e-03	3.715352290971724e-03
9862	3.593696381131384e-03	3.630780547701014e-03
10014	3.526935998825143e-03	3.548133892335753e-03
10127	3.461147678306298e-03	3.467368504525317e-03
10522	3.369587430513854e-03	3.388441561392024e-03
10616	3.311122267977362e-03	3.311311214825911e-03
10702	3.212824068586362e-03	3.235936569296281e-03
13286	3.161645300303717e-03	3.162277660168379e-03
13863	2.817613161119281e-03	2.818382931264455e-03
14295	2.753844185397591e-03	2.754228703338166e-03
14823	2.327768207129877e-03	2.344228815319923e-03
14933	2.287807733749814e-03	2.290867652767772e-03
15115	2.223809935028354e-03	2.238721138568340e-03
18501	1.984351975321985e-03	1.995262314968879e-03
18682	1.946440177884146e-03	1.949844599758046e-03
19051	1.901232024692279e-03	1.905460717963246e-03
19540	1.843557693728792e-03	1.862087136662868e-03
19672	1.798141697001543e-03	1.819700858609983e-03
20140	1.778238162650547e-03	1.778279410038923e-03
21115	1.736608923780358e-03	1.737800828749376e-03
21368	1.696485545531701e-03	1.698243652461744e-03
22305	1.656962141575513e-03	1.659586907437561e-03
27198	1.620793718014157e-03	1.621810097358930e-03
27560	1.558108971523864e-03	1.584893192461114e-03
27843	1.548747789733573e-03	1.548816618912481e-03
28365	1.512393763691167e-03	1.513561248436209e-03
29110	1.479056011469138e-03	1.479108388168207e-03
30271	1.444173595574361e-03	1.445439770745928e-03
32845	1.412523846399449e-03	1.412537544622754e-03
33720	1.380012168531786e-03	1.380384264602885e-03
39863	1.271452307604504e-03	1.288249551693134e-03
40120	1.258828093459230e-03	1.258925411794167e-03
41948	1.230241042254443e-03	1.230268770812381e-03
42198	1.086852816419848e-03	1.096478196143185e-03
43148	1.071004360123529e-03	1.071519305237606e-03
43989	1.047124348951933e-03	1.047128548050900e-03
45810	1.023070090128364e-03	1.023292992280754e-03
47751	9.997474697021058e-04	1.000000000000000e-03
48624	9.772368152678457e-04	9.772372209558111e-04
49926	9.466963264396222e-04	9.549925860214359e-04
50433	9.332329987019605e-04	9.332543007969915e-04
58796	9.103669659062952e-04	9.120108393559096e-04
60875	8.912395058426892e-04	8.912509381337459e-04
62134	8.708971311603975e-04	8.709635899560805e-04
63597	8.187390879612622e-04	8.317637711026709e-04
64201	8.115498780820740e-04	8.128305161640995e-04
66200	7.861595424316636e-04	7.943282347242813e-04
67232	7.749875122816663e-04	7.762471166286919e-04
67477	7.567918099748994e-04	7.585775750291835e-04
69109	7.411153598653186e-04	7.413102413009177e-04
72072	7.244347041853727e-04	7.244359600749898e-04
75102	7.040666911668492e-04	7.079457843841380e-04
75711	6.894712808789283e-04	6.918309709189362e-04
77425	6.660797523905249e-04	6.760829753919819e-04
85237	6.597772816564484e-04	6.606934480075957e-04
86046	6.454899724660512e-04	6.456542290346556e-04
87573	6.194759845213893e-04	6.309573444801930e-04
87676	6.157063505294325e-04	6.165950018614823e-04
91066	6.008202402882912e-04	6.025595860743575e-04
95157	5.556888816529160e-04	5.623413251903491e-04
96750	5.487894197855336e-04	5.495408738576248e-04
99934	5.369472617948734e-04	5.370317963702527e-04
103315	5.247846079796670e-04	5.248074602497728e-04
113285	5.128539531699117e-04	5.128613839913648e-04
113675	4.971077735457241e-04	5.011872336272725e-04
116628	4.895312890614845e-04	4.897788193684461e-04
119911	4.781939370699373e-04	4.786300923226385e-04
123273	4.453032015079295e-04	4.466835921509630e-04
124726	4.306482074878382e-04	4.365158322401661e-04
126627	4.263847594032644e-04	4.265795188015926e-04
130227	4.167497179775603e-04	4.168693834703355e-04
138754	4.073642823274604e-04	4.073802778041126e-04
143098	3.975466041727937e-04	3.981071705534974e-04
148760	3.890296289694728e-04	3.890451449942805e-04
152329	3.801887764742773e-04	3.801893963205612e-04
154489	3.673823751444427e-04	3.715352290971724e-04
156861	3.616292697053991e-04	3.630780547701014e-04
162930	3.530652680221458e-04	3.548133892335753e-04
166156	3.466324190746217e-04	3.467368504525317e-04
171242	3.388421343412107e-04	3.388441561392024e-04
176351	3.311222784134760e-04	3.311311214825911e-04
179689	3.193865706544452e-04	3.235936569296281e-04
180403	3.151515191816001e-04	3.162277660168379e-04
188488	3.090278531214796e-04	3.090295432513592e-04
190966	2.991114970016806e-04	3.019951720402016e-04
195644	2.950404121990768e-04	2.951209226666387e-04
199898	2.860494020168192e-04	2.884031503126605e-04
201644	2.818088236956617e-04	2.818382931264455e-04
206277	2.729621371699853e-04	2.754228703338166e-04
214011	2.691029078076834e-04	2.691534803926917e-04
215241	2.542587103082639e-04	2.570395782768865e-04
219418	2.511870735699695e-04	2.511886431509580e-04
221154	2.438805288093038e-04	2.454708915685031e-04
226772	2.396506101622897e-04	2.398832919019490e-04
228122	2.336876682335065e-04	2.344228815319923e-04
232299	2.284882137673083e-04	2.290867652767772e-04
242482	2.237289099931150e-04	2.238721138568340e-04
248791	2.180359457099046e-04	2.187761623949552e-04
255327	2.119840204288792e-04	2.137962089502232e-04
266253	2.087629729392582e-04	2.089296130854039e-04
271573	2.041678653070811e-04	2.041737944669530e-04
287379	1.979884834191203e-04	1.995262314968879e-04
294345	1.948346183908711e-04	1.949844599758046e-04
300001	1.917902681083383e-04	1.949844599758046e-04
%
% index = 1866, name = bbob_f002_i15_d05__bbob_f014_i16_d05
% instance = 7, reference value = 9.935509696051670e-01
% function evaluation | indicator value | target hit
1	4.320412475326317e+01	4.365158322401658e+01
38	2.419275090688224e+01	2.454708915685030e+01
51	1.227054747579059e+01	1.230268770812382e+01
103	9.154465012121225e+00	9.332543007969910e+00
142	6.445394051889275e+00	6.456542290346556e+00
220	5.690371336719167e+00	5.754399373371569e+00
232	1.832131277639555e+00	1.862087136662868e+00
234	1.382944730651667e+00	1.412537544622754e+00
246	5.781892749114995e-01	5.888436553555889e-01
281	5.576397977538980e-01	5.623413251903491e-01
283	3.069121335232942e-01	3.090295432513591e-01
289	2.690814313883088e-01	2.691534803926916e-01
353	2.001835778497409e-01	2.041737944669530e-01
411	1.943716577526333e-01	1.949844599758045e-01
412	1.671342651449753e-01	1.698243652461744e-01
444	1.650073398268146e-01	1.659586907437560e-01
593	1.596838717927695e-01	1.621810097358930e-01
623	1.583518357204148e-01	1.584893192461113e-01
632	1.540718809900921e-01	1.548816618912481e-01
634	1.096419986446012e-01	1.096478196143185e-01
635	9.421145226158223e-02	9.549925860214359e-02
647	9.050965939118782e-02	9.120108393559097e-02
669	8.848903471375957e-02	8.912509381337455e-02
705	8.683150334488998e-02	8.709635899560805e-02
735	7.614116046142194e-02	7.762471166286916e-02
738	7.527449348878368e-02	7.585775750291836e-02
740	4.968356370457339e-02	5.011872336272722e-02
754	4.869399717965850e-02	4.897788193684462e-02
791	4.664570429926551e-02	4.677351412871981e-02
803	3.266574202756334e-02	3.311311214825911e-02
864	3.111804814337837e-02	3.162277660168379e-02
868	2.650537306783984e-02	2.691534803926915e-02
876	1.995921712702409e-02	2.041737944669529e-02
877	1.990715380264818e-02	1.995262314968880e-02
885	1.916171469416916e-02	1.949844599758046e-02
892	1.900968403102232e-02	1.905460717963247e-02
973	1.860192690390072e-02	1.862087136662868e-02
1028	1.787240285069980e-02	1.819700858609984e-02
1045	1.776866625194007e-02	1.778279410038923e-02
1083	8.140498117869321e-03	8.317637711026709e-03
1084	8.069125575719704e-03	8.128305161640995e-03
1102	5.914846699673681e-03	6.025595860743574e-03
1105	5.832435470989550e-03	5.888436553555890e-03
1117	5.754228319030608e-03	5.754399373371567e-03
1129	5.585560138646528e-03	5.623413251903491e-03
1141	5.494297229670875e-03	5.495408738576248e-03
1151	4.756955286125297e-03	4.786300923226385e-03
1175	4.669952668317379e-03	4.677351412871981e-03
1351	4.526100744609574e-03	4.570881896148752e-03
1391	4.440935409381064e-03	4.466835921509630e-03
1449	4.360484854663338e-03	4.365158322401661e-03
1485	4.264730342517731e-03	4.265795188015926e-03
1538	4.153239464034342e-03	4.168693834703355e-03
1796	4.067043619971566e-03	4.073802778041126e-03
1905	3.971214100671361e-03	3.981071705534973e-03
2330	3.266366121529085e-03	3.311311214825911e-03
2400	3.235648731947371e-03	3.235936569296281e-03
2463	2.991238993644507e-03	3.019951720402016e-03
2474	2.926059874097220e-03	2.951209226666387e-03
2606	2.883041764701888e-03	2.884031503126605e-03
3261	2.817856944472119e-03	2.818382931264455e-03
3289	2.739188091156031e-03	2.754228703338166e-03
3680	2.691363605689778e-03	2.691534803926917e-03
4689	2.295636235348453e-03	2.344228815319923e-03
4755	2.290439213838535e-03	2.290867652767772e-03
5023	2.238581413696594e-03	2.238721138568340e-03
6452	2.186580572331676e-03	2.187761623949552e-03
6619	2.093595118532021e-03	2.137962089502233e-03
6650	1.943548092927294e-03	1.949844599758046e-03
8700	1.893544009608394e-03	1.905460717963246e-03
9106	1.825416217385634e-03	1.862087136662868e-03
9215	1.819673813748368e-03	1.819700858609983e-03
9862	1.740589574394269e-03	1.778279410038923e-03
10011	1.737781483359568e-03	1.737800828749376e-03
13261	1.697884491753454e-03	1.698243652461744e-03
14308	1.633425573464242e-03	1.659586907437561e-03
15195	1.621807213829762e-03	1.621810097358930e-03
15396	1.526984434142675e-03	1.548816618912481e-03
16240	1.512906066538533e-03	1.513561248436209e-03
21263	1.453504928622840e-03	1.479108388168207e-03
22474	1.445438000646337e-03	1.445439770745928e-03
23375	1.388455227732566e-03	1.412537544622754e-03
25635	1.380378990874287e-03	1.380384264602885e-03
26612	1.348761426293699e-03	1.348962882591653e-03
32915	1.297537029684381e-03	1.318256738556408e-03
34882	1.270432635461116e-03	1.288249551693134e-03
36447	1.252951159364746e-03	1.258925411794167e-03
44201	1.191924336187311e-03	1.202264434617413e-03
47539	1.130033443534795e-03	1.148153621496883e-03
56460	1.122015716812141e-03	1.122018454301963e-03
68767	1.093916422641117e-03	1.096478196143185e-03
75446	1.069963964477338e-03	1.071519305237606e-03
78693	1.023473870655822e-03	1.047128548050900e-03
80731	1.023236489398505e-03	1.023292992280754e-03
82684	9.997479358685446e-04	1.000000000000000e-03
84868	9.340768206422823e-04	9.549925860214359e-04
86082	9.332421747785258e-04	9.332543007969915e-04
138165	9.119810854926191e-04	9.120108393559096e-04
155501	8.809026243725704e-04	8.912509381337459e-04
158752	7.780849996422701e-04	7.943282347242813e-04
159508	7.661991015941449e-04	7.762471166286919e-04
175456	7.585605468988232e-04	7.585775750291835e-04
199613	7.278753621037248e-04	7.413102413009177e-04
221601	6.905428378158884e-04	6.918309709189362e-04
239000	6.754927652754539e-04	6.760829753919819e-04
258014	6.231816664049594e-04	6.309573444801930e-04
260926	6.165526902982554e-04	6.165950018614823e-04
300001	6.112875490070779e-04	6.165950018614823e-04
%
% index = 1867, name = bbob_f002_i17_d05__bbob_f014_i18_d05
% instance = 8, reference value = 9.775903381263980e-01
% function evaluation | indicator value | target hit
1	4.707816412102684e-01	4.786300923226383e-01
15	3.223402237756732e-01	3.235936569296283e-01
37	3.158830983741444e-01	3.162277660168379e-01
86	3.088906638461143e-01	3.090295432513591e-01
100	2.866618230185034e-01	2.884031503126606e-01
126	2.633173447103938e-01	2.691534803926916e-01
129	1.232548659387414e-01	1.258925411794167e-01
134	1.187629116516610e-01	1.202264434617413e-01
136	1.015749606977583e-01	1.023292992280754e-01
149	9.999617460162835e-02	1.000000000000000e-01
161	9.733153737769273e-02	9.772372209558107e-02
188	8.616815200679606e-02	8.709635899560805e-02
196	7.427605747380617e-02	7.585775750291836e-02
200	7.394967310563749e-02	7.413102413009177e-02
203	7.227510521413816e-02	7.244359600749903e-02
234	7.026878739145370e-02	7.079457843841380e-02
256	5.915874219399408e-02	6.025595860743578e-02
273	5.882749136153886e-02	5.888436553555890e-02
291	5.704005827691472e-02	5.754399373371569e-02
294	5.615087316205181e-02	5.623413251903491e-02
343	5.228409855866345e-02	5.248074602497726e-02
344	4.772733454390532e-02	4.786300923226382e-02
374	4.391697104584313e-02	4.466835921509630e-02
384	4.291234017012280e-02	4.365158322401658e-02
408	3.939124528092663e-02	3.981071705534973e-02
415	3.644611324154390e-02	3.715352290971726e-02
435	3.533477241243177e-02	3.548133892335755e-02
495	3.430137790564858e-02	3.467368504525317e-02
531	3.380673627041342e-02	3.388441561392026e-02
551	3.298410789993711e-02	3.311311214825911e-02
566	2.774464693641421e-02	2.818382931264454e-02
745	2.753062890662172e-02	2.754228703338166e-02
748	2.647950207926764e-02	2.691534803926915e-02
759	2.627798395185144e-02	2.630267991895381e-02
767	2.374170294197031e-02	2.398832919019490e-02
812	2.288178825282638e-02	2.290867652767773e-02
848	2.188796190598863e-02	2.238721138568340e-02
853	2.187424404538796e-02	2.187761623949553e-02
855	1.851731076663155e-02	1.862087136662868e-02
955	1.817319695389996e-02	1.819700858609984e-02
1072	1.775020115392001e-02	1.778279410038923e-02
1386	1.737190807882871e-02	1.737800828749375e-02
1522	1.698037205642766e-02	1.698243652461744e-02
1563	1.583275075321833e-02	1.584893192461113e-02
1582	1.521767480028657e-02	1.548816618912481e-02
1615	1.513259541505663e-02	1.513561248436208e-02
1650	1.477066417999762e-02	1.479108388168207e-02
2084	1.445272037144552e-02	1.445439770745927e-02
2090	1.400084694748704e-02	1.412537544622754e-02
2173	1.342279699080695e-02	1.348962882591653e-02
2184	1.138775784025814e-02	1.148153621496883e-02
2210	1.116946393192952e-02	1.122018454301964e-02
2323	1.088830784682160e-02	1.096478196143185e-02
2360	1.071407049324380e-02	1.071519305237606e-02
2468	1.045504246420903e-02	1.047128548050900e-02
3418	1.022543460643865e-02	1.023292992280754e-02
4396	8.676781121918498e-03	8.709635899560805e-03
4591	7.690508202798041e-03	7.762471166286920e-03
4654	7.438330421313033e-03	7.585775750291836e-03
4680	7.395634228898329e-03	7.413102413009177e-03
4933	7.240500985524867e-03	7.244359600749898e-03
6158	7.078579988422318e-03	7.079457843841380e-03
6162	6.610595070915770e-03	6.760829753919818e-03
6217	6.592353427059439e-03	6.606934480075957e-03
6491	6.436786807531347e-03	6.456542290346556e-03
6492	6.274457211523199e-03	6.309573444801930e-03
6544	6.130057878913187e-03	6.165950018614822e-03
8626	5.816624251824831e-03	5.888436553555890e-03
9012	5.752015999778926e-03	5.754399373371567e-03
9158	5.545425540904647e-03	5.623413251903491e-03
9331	5.495233122151166e-03	5.495408738576248e-03
11346	5.347623262376811e-03	5.370317963702527e-03
11497	5.024965611186483e-03	5.128613839913648e-03
11537	4.998482103725110e-03	5.011872336272725e-03
12061	4.895104597882116e-03	4.897788193684461e-03
12122	4.555376745487894e-03	4.570881896148752e-03
12488	4.427960182731172e-03	4.466835921509630e-03
15733	4.314904953982013e-03	4.365158322401661e-03
16372	4.252038596930907e-03	4.265795188015926e-03
16892	4.162337149013817e-03	4.168693834703355e-03
17555	4.061023399645980e-03	4.073802778041126e-03
21769	3.980682046552220e-03	3.981071705534973e-03
22331	3.879320813357734e-03	3.890451449942805e-03
22716	3.800455841348249e-03	3.801893963205613e-03
24589	3.715322437725876e-03	3.715352290971724e-03
30313	3.627524810736693e-03	3.630780547701014e-03
31823	3.488488508133991e-03	3.548133892335753e-03
32179	3.465562656490451e-03	3.467368504525317e-03
34465	3.387029796877994e-03	3.388441561392024e-03
42740	3.287025486545359e-03	3.311311214825911e-03
44208	3.234866467227815e-03	3.235936569296281e-03
45154	3.132275190757206e-03	3.162277660168379e-03
46738	3.087759583529359e-03	3.090295432513592e-03
48515	3.011841915658731e-03	3.019951720402016e-03
51253	2.933432451980189e-03	2.951209226666387e-03
53706	2.882266920333998e-03	2.884031503126605e-03
56922	2.818328833734896e-03	2.818382931264455e-03
59778	2.751886823780025e-03	2.754228703338166e-03
67335	2.683610612133847e-03	2.691534803926917e-03
69338	2.629313315596460e-03	2.630267991895381e-03
72159	2.553267517912183e-03	2.570395782768865e-03
73972	2.511020057026747e-03	2.511886431509579e-03
76616	2.452332755274234e-03	2.454708915685031e-03
81255	2.398552622558059e-03	2.398832919019490e-03
84055	2.343905113204370e-03	2.344228815319923e-03
86915	2.282776273767273e-03	2.290867652767772e-03
92605	2.217795454173443e-03	2.238721138568340e-03
94115	2.177852126868496e-03	2.187761623949552e-03
95763	2.135068643018823e-03	2.137962089502233e-03
97449	2.088455579814408e-03	2.089296130854039e-03
100044	2.041730955084420e-03	2.041737944669530e-03
101681	1.994859733157384e-03	1.995262314968879e-03
104728	1.949803349600487e-03	1.949844599758046e-03
109614	1.904803800950261e-03	1.905460717963246e-03
114285	1.850776137620413e-03	1.862087136662868e-03
116295	1.816981753923863e-03	1.819700858609983e-03
121345	1.773109727184252e-03	1.778279410038923e-03
124345	1.734200967379529e-03	1.737800828749376e-03
127674	1.685793537972602e-03	1.698243652461744e-03
131755	1.654186169224969e-03	1.659586907437561e-03
139252	1.620881148622022e-03	1.621810097358930e-03
148159	1.584148111807848e-03	1.584893192461114e-03
155238	1.547153320084260e-03	1.548816618912481e-03
162170	1.505343602216991e-03	1.513561248436209e-03
165174	1.478843005519148e-03	1.479108388168207e-03
173258	1.443187010444547e-03	1.445439770745928e-03
181985	1.411918166236314e-03	1.412537544622754e-03
187362	1.378688651260451e-03	1.380384264602885e-03
196035	1.347737739303523e-03	1.348962882591653e-03
202706	1.303548781433683e-03	1.318256738556408e-03
207359	1.288247261146402e-03	1.288249551693134e-03
211261	1.257436836859749e-03	1.258925411794167e-03
221528	1.228616694418427e-03	1.230268770812381e-03
234344	1.201305425536758e-03	1.202264434617413e-03
243480	1.170253447001945e-03	1.174897554939529e-03
249562	1.148137462023802e-03	1.148153621496883e-03
257076	1.122001060626432e-03	1.122018454301963e-03
264240	1.095703214155308e-03	1.096478196143185e-03
275416	1.065041191339877e-03	1.071519305237606e-03
279868	1.043024674600934e-03	1.047128548050900e-03
281965	1.022300605015514e-03	1.023292992280754e-03
286537	9.999588871971721e-04	1.000000000000000e-03
299588	9.671182678490098e-04	9.772372209558111e-04
300000	9.666626945816770e-04	9.772372209558111e-04
%
% index = 1868, name = bbob_f002_i19_d05__bbob_f014_i21_d05
% instance = 9, reference value = 9.325743369987970e-01
% function evaluation | indicator value | target hit
1	1.887837264750412e+00	1.905460717963247e+00
2	1.701153846029871e+00	1.737800828749375e+00
13	1.142615802262297e+00	1.148153621496883e+00
40	9.262457446736749e-01	9.332543007969910e-01
56	9.107260340040573e-01	9.120108393559098e-01
148	8.700395320616077e-01	8.709635899560807e-01
178	8.253702446818797e-01	8.317637711026710e-01
182	7.897159293471474e-01	7.943282347242815e-01
217	7.646304210516192e-01	7.762471166286917e-01
239	6.212318386699766e-01	6.309573444801932e-01
277	5.349437026008186e-01	5.370317963702527e-01
347	4.401138861680728e-01	4.466835921509631e-01
382	4.250701644666320e-01	4.265795188015927e-01
390	3.608008670975840e-01	3.630780547701014e-01
399	3.503226916149325e-01	3.548133892335755e-01
409	3.373567505741804e-01	3.388441561392025e-01
412	3.189175196601065e-01	3.235936569296283e-01
424	3.143025371579806e-01	3.162277660168379e-01
459	3.042465683089109e-01	3.090295432513591e-01
469	2.944466410220427e-01	2.951209226666385e-01
487	2.837873973672881e-01	2.884031503126606e-01
495	2.810573667169307e-01	2.818382931264454e-01
505	2.737359672330678e-01	2.754228703338166e-01
516	2.676122022046569e-01	2.691534803926916e-01
543	2.209550949920974e-01	2.238721138568339e-01
559	1.644279104921645e-01	1.659586907437560e-01
571	1.510916296465946e-01	1.513561248436208e-01
573	1.276810100490187e-01	1.288249551693134e-01
574	1.144479111667408e-01	1.148153621496883e-01
614	1.116609517176231e-01	1.122018454301964e-01
620	1.094156657435092e-01	1.096478196143185e-01
621	1.052898989660317e-01	1.071519305237607e-01
622	1.028763020000959e-01	1.047128548050900e-01
661	9.408536740285622e-02	9.549925860214359e-02
667	9.020012777675157e-02	9.120108393559097e-02
673	8.055342927712394e-02	8.128305161640990e-02
674	7.027107956115564e-02	7.079457843841380e-02
688	6.178839396546032e-02	6.309573444801933e-02
690	6.161080969105714e-02	6.165950018614822e-02
744	5.971900790669704e-02	6.025595860743578e-02
777	5.784946119698620e-02	5.888436553555890e-02
788	5.711430779163940e-02	5.754399373371569e-02
797	5.460477827095955e-02	5.495408738576246e-02
804	5.221202774397182e-02	5.248074602497726e-02
835	5.042893571032803e-02	5.128613839913648e-02
846	4.994025862440254e-02	5.011872336272722e-02
872	4.379131208447462e-02	4.466835921509630e-02
876	4.279181713101465e-02	4.365158322401658e-02
902	4.109605844356778e-02	4.168693834703355e-02
907	3.990419753511409e-02	4.073802778041128e-02
913	3.973457000796399e-02	3.981071705534973e-02
950	3.872386950108930e-02	3.890451449942807e-02
969	3.750257038737848e-02	3.801893963205612e-02
977	3.604860854532277e-02	3.630780547701014e-02
1001	3.244880216613755e-02	3.311311214825911e-02
1003	3.233932059948308e-02	3.235936569296283e-02
1022	3.137742830375978e-02	3.162277660168379e-02
1082	3.086608765800924e-02	3.090295432513590e-02
1083	2.964352183062535e-02	3.019951720402016e-02
1119	2.950131844258219e-02	2.951209226666385e-02
1133	2.874649902404325e-02	2.884031503126606e-02
1146	2.778793718652450e-02	2.818382931264454e-02
1153	2.552451206940898e-02	2.570395782768863e-02
1187	2.453504535752826e-02	2.454708915685030e-02
1336	2.356010087910221e-02	2.398832919019490e-02
1404	2.340628137853717e-02	2.344228815319923e-02
1441	2.259461682877162e-02	2.290867652767773e-02
1451	2.196593199214203e-02	2.238721138568340e-02
1467	2.185989868912086e-02	2.187761623949553e-02
1479	2.134525192315517e-02	2.137962089502233e-02
1723	2.054316452151261e-02	2.089296130854040e-02
1763	2.036708192455439e-02	2.041737944669529e-02
1765	1.925146242101372e-02	1.949844599758046e-02
1811	1.903572566349909e-02	1.905460717963247e-02
1827	1.801712036796310e-02	1.819700858609984e-02
1834	1.778205187808946e-02	1.778279410038923e-02
1927	1.731565913990185e-02	1.737800828749375e-02
1979	1.697174753351538e-02	1.698243652461744e-02
1996	1.648415096239086e-02	1.659586907437561e-02
2032	1.616113951071374e-02	1.621810097358930e-02
2033	1.314800366642366e-02	1.318256738556407e-02
2048	1.255215351722205e-02	1.258925411794167e-02
2363	1.229545433965329e-02	1.230268770812382e-02
2372	9.344078253428978e-03	9.549925860214359e-03
2376	9.284440399636384e-03	9.332543007969915e-03
2398	9.110438007089883e-03	9.120108393559097e-03
2433	8.867981660305779e-03	8.912509381337459e-03
2472	8.705036854801507e-03	8.709635899560805e-03
2500	8.500306266926327e-03	8.511380382023767e-03
2541	8.267955875782884e-03	8.317637711026709e-03
2897	8.124395505727855e-03	8.128305161640995e-03
2978	7.940927387711794e-03	7.943282347242814e-03
3016	7.708473963889739e-03	7.762471166286920e-03
3073	7.121252508464848e-03	7.244359600749898e-03
3098	7.019837877410451e-03	7.079457843841380e-03
3141	6.907577220785610e-03	6.918309709189363e-03
3158	6.756940405319489e-03	6.760829753919818e-03
3225	6.606299066073240e-03	6.606934480075957e-03
3248	6.439222515719933e-03	6.456542290346556e-03
3268	6.254571801689535e-03	6.309573444801930e-03
3317	6.161194830616945e-03	6.165950018614822e-03
3907	5.998978345523431e-03	6.025595860743574e-03
3915	5.844306792507359e-03	5.888436553555890e-03
3971	5.749585006949665e-03	5.754399373371567e-03
3978	5.280009882204784e-03	5.370317963702527e-03
4000	5.243215328289974e-03	5.248074602497728e-03
4069	5.022010283263434e-03	5.128613839913648e-03
4072	5.009624723641859e-03	5.011872336272725e-03
4195	4.868609790978584e-03	4.897788193684461e-03
5055	4.781693560129252e-03	4.786300923226385e-03
5083	4.670661183648561e-03	4.677351412871981e-03
5091	4.565004260682626e-03	4.570881896148752e-03
5185	4.453617884509375e-03	4.466835921509630e-03
5278	4.349172629819820e-03	4.365158322401661e-03
5357	4.259437466885507e-03	4.265795188015926e-03
5360	4.152678503729468e-03	4.168693834703355e-03
5432	3.955808430630814e-03	3.981071705534973e-03
5547	3.808565688454779e-03	3.890451449942805e-03
5556	3.794645852811418e-03	3.801893963205613e-03
6885	3.713630507379717e-03	3.715352290971724e-03
6959	3.630531359809619e-03	3.630780547701014e-03
7057	3.538665511094496e-03	3.548133892335753e-03
7112	3.459774587461828e-03	3.467368504525317e-03
7240	3.335598201244183e-03	3.388441561392024e-03
7300	3.283273128094177e-03	3.311311214825911e-03
7412	3.235688976651607e-03	3.235936569296281e-03
9113	3.161523475437855e-03	3.162277660168379e-03
9391	3.085428140745861e-03	3.090295432513592e-03
9471	3.019343813212338e-03	3.019951720402016e-03
9526	2.921242649778444e-03	2.951209226666387e-03
9601	2.863065152439948e-03	2.884031503126605e-03
12236	2.818371923438701e-03	2.818382931264455e-03
12396	2.737804798893961e-03	2.754228703338166e-03
12516	2.662863957755279e-03	2.691534803926917e-03
12627	2.620014449466357e-03	2.630267991895381e-03
12928	2.556539724966722e-03	2.570395782768865e-03
13035	2.511610576381496e-03	2.511886431509579e-03
13126	2.433725464401348e-03	2.454708915685031e-03
13345	2.396167106309299e-03	2.398832919019490e-03
17030	2.344042441291938e-03	2.344228815319923e-03
17382	2.282124947845632e-03	2.290867652767772e-03
17702	2.231256781314972e-03	2.238721138568340e-03
17870	2.075134885137775e-03	2.089296130854039e-03
18057	2.036653461630844e-03	2.041737944669530e-03
18661	1.994766347786281e-03	1.995262314968879e-03
23436	1.948370348614947e-03	1.949844599758046e-03
24291	1.905385755108346e-03	1.905460717963246e-03
24852	1.848941336556886e-03	1.862087136662868e-03
25942	1.817798300165152e-03	1.819700858609983e-03
26939	1.776371491199913e-03	1.778279410038923e-03
34075	1.737281888966269e-03	1.737800828749376e-03
35521	1.693467074696642e-03	1.698243652461744e-03
36968	1.644489623099710e-03	1.659586907437561e-03
37936	1.539172910638986e-03	1.548816618912481e-03
38041	1.504081967607207e-03	1.513561248436209e-03
38202	1.478731680427670e-03	1.479108388168207e-03
40283	1.444103955563603e-03	1.445439770745928e-03
41242	1.408231849321928e-03	1.412537544622754e-03
42654	1.359766169972354e-03	1.380384264602885e-03
43405	1.347194340886482e-03	1.348962882591653e-03
44792	1.318211820317106e-03	1.318256738556408e-03
45512	1.288176359581339e-03	1.288249551693134e-03
46649	1.232398951728220e-03	1.258925411794167e-03
46800	1.228434888092766e-03	1.230268770812381e-03
49147	1.202198946638422e-03	1.202264434617413e-03
58661	1.171472781716809e-03	1.174897554939529e-03
61780	1.147257351856168e-03	1.148153621496883e-03
62700	1.119263344594668e-03	1.122018454301963e-03
63561	1.096453248608742e-03	1.096478196143185e-03
65484	1.071404382824159e-03	1.071519305237606e-03
68434	1.045696442915856e-03	1.047128548050900e-03
74149	1.023292130903686e-03	1.023292992280754e-03
75879	9.998746456141294e-04	1.000000000000000e-03
77480	9.768649737066371e-04	9.772372209558111e-04
87596	9.548596142229249e-04	9.549925860214359e-04
93164	9.292629996962010e-04	9.332543007969915e-04
98442	9.104458188753384e-04	9.120108393559096e-04
104804	8.902697930055492e-04	8.912509381337459e-04
117450	8.709586979259720e-04	8.709635899560805e-04
120983	8.498392350608786e-04	8.511380382023768e-04
124316	8.317194584994692e-04	8.317637711026709e-04
128813	8.127981581301791e-04	8.128305161640995e-04
141719	7.940222847071521e-04	7.943282347242813e-04
145486	7.761943884895262e-04	7.762471166286919e-04
150119	7.584205952372303e-04	7.585775750291835e-04
157609	7.389657882487244e-04	7.413102413009177e-04
170014	7.243772311908980e-04	7.244359600749898e-04
178795	7.075980909274637e-04	7.079457843841380e-04
196354	6.917856703021474e-04	6.918309709189362e-04
209677	6.760814830745199e-04	6.760829753919819e-04
225868	6.605867647765384e-04	6.606934480075957e-04
245292	6.451213458175120e-04	6.456542290346556e-04
257912	6.309134617575873e-04	6.309573444801930e-04
271699	6.165864919184250e-04	6.165950018614823e-04
289678	6.025538178792145e-04	6.025595860743575e-04
300001	5.970180079090115e-04	6.025595860743575e-04
%
% index = 1869, name = bbob_f002_i21_d05__bbob_f014_i22_d05
% instance = 10, reference value = 9.624193277223670e-01
% function evaluation | indicator value | target hit
1	3.596085049589789e-01	3.630780547701014e-01
17	3.215379042348729e-01	3.235936569296283e-01
19	1.091063426711525e-01	1.096478196143185e-01
46	1.046661346285767e-01	1.047128548050900e-01
52	9.993120129469601e-02	1.000000000000000e-01
60	9.709670691098127e-02	9.772372209558107e-02
66	9.102729443536373e-02	9.120108393559097e-02
72	7.923777942208710e-02	7.943282347242814e-02
85	7.727628375836493e-02	7.762471166286916e-02
87	7.453634628397776e-02	7.585775750291836e-02
90	7.403050392907895e-02	7.413102413009177e-02
119	7.238310834142081e-02	7.244359600749903e-02
122	6.842961875965892e-02	6.918309709189366e-02
164	6.545124301129890e-02	6.606934480075961e-02
223	6.150711863760727e-02	6.165950018614822e-02
227	6.018114299398047e-02	6.025595860743578e-02
272	5.886448845392434e-02	5.888436553555890e-02
339	5.739073163694453e-02	5.754399373371569e-02
559	5.545744858306401e-02	5.623413251903491e-02
588	5.481394295885778e-02	5.495408738576246e-02
676	5.314073207632652e-02	5.370317963702527e-02
691	5.164711726999116e-02	5.248074602497726e-02
709	5.099355008026596e-02	5.128613839913648e-02
763	5.011773382206597e-02	5.011872336272722e-02
810	4.795924474551605e-02	4.897788193684462e-02
832	4.764574855302450e-02	4.786300923226382e-02
851	4.622884167271424e-02	4.677351412871981e-02
903	4.190581193159426e-02	4.265795188015926e-02
957	4.166607757426966e-02	4.168693834703355e-02
1078	4.042326562186560e-02	4.073802778041128e-02
1215	3.979900971247674e-02	3.981071705534973e-02
1359	3.889934991720645e-02	3.890451449942807e-02
1405	3.797354406730324e-02	3.801893963205612e-02
1725	3.715218606494020e-02	3.715352290971726e-02
1848	3.629513705112586e-02	3.630780547701014e-02
1873	3.168998103228005e-02	3.235936569296283e-02
1881	3.161625618584940e-02	3.162277660168379e-02
1936	3.056360984799045e-02	3.090295432513590e-02
2072	3.019901536923220e-02	3.019951720402016e-02
2421	2.765804133803662e-02	2.818382931264454e-02
2424	2.750357048163310e-02	2.754228703338166e-02
2574	2.682779268534596e-02	2.691534803926915e-02
2667	2.628229851398900e-02	2.630267991895381e-02
3239	2.569621525776633e-02	2.570395782768863e-02
3263	2.465419456844165e-02	2.511886431509579e-02
3283	2.433928532158214e-02	2.454708915685030e-02
3400	2.200199846292472e-02	2.238721138568340e-02
3405	2.152984018280213e-02	2.187761623949553e-02
3431	2.136199587004206e-02	2.137962089502233e-02
4203	1.951148490276189e-02	1.995262314968880e-02
4204	1.889190980762168e-02	1.905460717963247e-02
4343	1.861680685007339e-02	1.862087136662868e-02
4555	1.819573519976758e-02	1.819700858609984e-02
5545	1.770801632189523e-02	1.778279410038923e-02
5699	1.737508777088803e-02	1.737800828749375e-02
5915	1.695483846700552e-02	1.698243652461744e-02
7300	1.657138877873821e-02	1.659586907437561e-02
7660	1.589524323969371e-02	1.621810097358930e-02
7738	1.583662878722070e-02	1.584893192461113e-02
9852	1.548566729448209e-02	1.548816618912481e-02
9912	1.479688566217918e-02	1.513561248436208e-02
9941	1.464142966425919e-02	1.479108388168207e-02
10108	1.434057162866009e-02	1.445439770745927e-02
10627	1.412029101179957e-02	1.412537544622754e-02
11364	1.378750294973818e-02	1.380384264602885e-02
11917	1.337712027450066e-02	1.348962882591653e-02
14500	1.316523187659979e-02	1.318256738556407e-02
14714	1.275485918097019e-02	1.288249551693134e-02
15039	1.257957202600679e-02	1.258925411794167e-02
15291	1.222997946496451e-02	1.230268770812382e-02
15753	1.199459845397333e-02	1.202264434617413e-02
20046	1.171192170394086e-02	1.174897554939530e-02
20283	1.145803368826803e-02	1.148153621496883e-02
20619	1.119099116763633e-02	1.122018454301964e-02
20808	1.055865981892112e-02	1.071519305237606e-02
21113	1.046692735909660e-02	1.047128548050900e-02
21365	1.023024049273535e-02	1.023292992280754e-02
22093	9.923201157626016e-03	1.000000000000000e-02
22340	9.769798516818917e-03	9.772372209558112e-03
23508	9.547510114275681e-03	9.549925860214359e-03
24127	8.709090773418637e-03	8.709635899560805e-03
24993	6.872132779555340e-03	6.918309709189363e-03
25150	6.727719643011554e-03	6.760829753919818e-03
25267	6.579873197890329e-03	6.606934480075957e-03
29586	6.455747527444378e-03	6.456542290346556e-03
30746	6.300696445163845e-03	6.309573444801930e-03
31169	6.156306028672565e-03	6.165950018614822e-03
31338	5.837279930049455e-03	5.888436553555890e-03
31432	5.736678463408085e-03	5.754399373371567e-03
31838	5.378247518338819e-03	5.495408738576248e-03
31906	5.370228697470836e-03	5.370317963702527e-03
33327	5.247682255646091e-03	5.248074602497728e-03
34250	4.936471597212666e-03	5.011872336272725e-03
34672	4.798062946469339e-03	4.897788193684461e-03
34821	4.786286838596610e-03	4.786300923226385e-03
35848	4.677291653824689e-03	4.677351412871981e-03
42709	4.570241057268110e-03	4.570881896148752e-03
43561	4.328574780879002e-03	4.365158322401661e-03
44009	4.265596460302556e-03	4.265795188015926e-03
44311	4.053739192789174e-03	4.073802778041126e-03
45788	3.978755740490114e-03	3.981071705534973e-03
46353	3.847486641942344e-03	3.890451449942805e-03
47369	3.764882152941684e-03	3.801893963205613e-03
47670	3.672231572860118e-03	3.715352290971724e-03
48001	3.613907289538254e-03	3.630780547701014e-03
48294	3.548129875485917e-03	3.548133892335753e-03
50646	3.459103495203397e-03	3.467368504525317e-03
58369	3.383795369624631e-03	3.388441561392024e-03
58939	3.309708014943569e-03	3.311311214825911e-03
60942	3.230501973204847e-03	3.235936569296281e-03
61542	3.162253993393760e-03	3.162277660168379e-03
63034	3.080623560760665e-03	3.090295432513592e-03
64051	3.019179217986556e-03	3.019951720402016e-03
66166	2.950869039460957e-03	2.951209226666387e-03
68144	2.881470203051739e-03	2.884031503126605e-03
70243	2.777975704083890e-03	2.818382931264455e-03
71049	2.739858686626184e-03	2.754228703338166e-03
73200	2.690625298437888e-03	2.691534803926917e-03
76336	2.630166752463525e-03	2.630267991895381e-03
77307	2.536771526128967e-03	2.570395782768865e-03
78179	2.507068104632970e-03	2.511886431509579e-03
85734	2.453683991063715e-03	2.454708915685031e-03
88125	2.397600513473819e-03	2.398832919019490e-03
89071	2.344043861377543e-03	2.344228815319923e-03
90381	2.268174703644710e-03	2.290867652767772e-03
93596	2.237366127347373e-03	2.238721138568340e-03
95895	2.179953252701816e-03	2.187761623949552e-03
98684	2.137273242997284e-03	2.137962089502233e-03
101950	2.088722802291998e-03	2.089296130854039e-03
110927	2.003094821481421e-03	2.041737944669530e-03
111406	1.994383761142693e-03	1.995262314968879e-03
113124	1.948950717170828e-03	1.949844599758046e-03
115981	1.904358590833266e-03	1.905460717963246e-03
117750	1.857554534619443e-03	1.862087136662868e-03
120402	1.819506062356702e-03	1.819700858609983e-03
123011	1.777724107892009e-03	1.778279410038923e-03
124272	1.734773600248318e-03	1.737800828749376e-03
127852	1.698177543550838e-03	1.698243652461744e-03
135482	1.659102851108152e-03	1.659586907437561e-03
139212	1.620182300589246e-03	1.621810097358930e-03
140832	1.584072708115447e-03	1.584893192461114e-03
143918	1.548671722098938e-03	1.548816618912481e-03
146923	1.513374117291799e-03	1.513561248436209e-03
150742	1.456991767948890e-03	1.479108388168207e-03
151674	1.445167653780555e-03	1.445439770745928e-03
152368	1.412443962997334e-03	1.412537544622754e-03
153951	1.377511987523228e-03	1.380384264602885e-03
160661	1.345015411060468e-03	1.348962882591653e-03
163640	1.312684911381146e-03	1.318256738556408e-03
166430	1.287974079837717e-03	1.288249551693134e-03
170661	1.258624345572001e-03	1.258925411794167e-03
174037	1.229331311347837e-03	1.230268770812381e-03
174697	1.202098341923974e-03	1.202264434617413e-03
176182	1.172971591540506e-03	1.174897554939529e-03
178289	1.148073610648170e-03	1.148153621496883e-03
183392	1.121853675329576e-03	1.122018454301963e-03
185890	1.095509988602417e-03	1.096478196143185e-03
187385	1.070413780704604e-03	1.071519305237606e-03
193096	1.046681325308829e-03	1.047128548050900e-03
198347	1.023274627347970e-03	1.023292992280754e-03
207228	9.989196975450643e-04	1.000000000000000e-03
214108	9.772191106730554e-04	9.772372209558111e-04
219848	9.547603123929438e-04	9.549925860214359e-04
223151	9.229802347761051e-04	9.332543007969915e-04
230773	9.120040776284810e-04	9.120108393559096e-04
240634	8.912122748639950e-04	8.912509381337459e-04
249122	8.702685459227588e-04	8.709635899560805e-04
267910	8.490567245060809e-04	8.511380382023768e-04
287345	8.292706539516637e-04	8.317637711026709e-04
300000	8.149334805009900e-04	8.317637711026709e-04
%
% index = 1870, name = bbob_f002_i23_d05__bbob_f014_i24_d05
% instance = 11, reference value = 1.000000000000000e+00
% function evaluation | indicator value | target hit
1	1.770065288121000e+00	1.778279410038923e+00
2	7.292604671005875e-01	7.413102413009175e-01
16	6.252491414538194e-01	6.309573444801932e-01
112	3.388524649309901e-01	3.467368504525316e-01
124	3.385753979598467e-01	3.388441561392025e-01
142	3.290383141426070e-01	3.311311214825911e-01
145	2.584466830271732e-01	2.630267991895382e-01
170	2.382558506207639e-01	2.398832919019490e-01
187	2.253036707235017e-01	2.290867652767773e-01
208	2.232214212331712e-01	2.238721138568339e-01
228	1.329526505108188e-01	1.348962882591654e-01
229	9.798301348607985e-02	1.000000000000000e-01
268	9.743395511375774e-02	9.772372209558107e-02
295	8.578080507057428e-02	8.709635899560805e-02
341	8.365898540011352e-02	8.511380382023763e-02
374	7.936717126921411e-02	7.943282347242814e-02
387	7.044746106412014e-02	7.079457843841380e-02
431	5.777749471542237e-02	5.888436553555890e-02
448	5.668138140027768e-02	5.754399373371569e-02
496	5.598459265962719e-02	5.623413251903491e-02
743	5.434206682915133e-02	5.495408738576246e-02
808	4.079883751774915e-02	4.168693834703355e-02
883	4.060019970388473e-02	4.073802778041128e-02
958	3.915403731012268e-02	3.981071705534973e-02
971	3.833483726054521e-02	3.890451449942807e-02
972	3.430103327604872e-02	3.467368504525317e-02
1166	3.379871057284900e-02	3.388441561392026e-02
1355	3.154017094016714e-02	3.162277660168379e-02
1438	2.937882804819736e-02	2.951209226666385e-02
1490	2.875540964661316e-02	2.884031503126606e-02
1506	2.814979206169399e-02	2.818382931264454e-02
1820	2.726473450923017e-02	2.754228703338166e-02
1864	2.675332559603405e-02	2.691534803926915e-02
1926	2.511681217738460e-02	2.511886431509579e-02
2096	2.448767419389242e-02	2.454708915685030e-02
2530	2.398027683214476e-02	2.398832919019490e-02
2826	2.322627364463115e-02	2.344228815319923e-02
3833	2.290824669509794e-02	2.290867652767773e-02
5128	2.238487407492717e-02	2.238721138568340e-02
5488	2.172218359253686e-02	2.187761623949553e-02
6216	2.136606090336846e-02	2.137962089502233e-02
8814	2.085588418062112e-02	2.089296130854040e-02
9262	2.041646874089365e-02	2.041737944669529e-02
13567	1.995258681826040e-02	1.995262314968880e-02
17688	1.949726521063533e-02	1.949844599758046e-02
19222	1.904343591043345e-02	1.905460717963247e-02
26054	1.856800789789381e-02	1.862087136662868e-02
39362	1.816258262427628e-02	1.819700858609984e-02
84553	1.765378400705986e-02	1.778279410038923e-02
109442	1.737800644037257e-02	1.737800828749375e-02
300001	1.713082878853467e-02	1.737800828749375e-02
%
% index = 1871, name = bbob_f002_i25_d05__bbob_f014_i26_d05
% instance = 12, reference value = 1.000000000000000e+00
% function evaluation | indicator value | target hit
1	8.885697850813240e-01	8.912509381337456e-01
19	6.374824921958406e-01	6.456542290346555e-01
39	6.279549122331505e-01	6.309573444801932e-01
135	4.660441020623419e-01	4.677351412871982e-01
163	3.130498445411285e-01	3.162277660168379e-01
182	2.726467398541219e-01	2.754228703338166e-01
188	2.629201930166056e-01	2.630267991895382e-01
245	2.474254573861958e-01	2.511886431509580e-01
284	2.295367885277282e-01	2.344228815319922e-01
306	2.279174302404691e-01	2.290867652767773e-01
411	2.212931573452492e-01	2.238721138568339e-01
529	1.756839225357433e-01	1.778279410038923e-01
530	1.716319726684856e-01	1.737800828749375e-01
551	1.674904983840284e-01	1.698243652461744e-01
628	1.659373850001886e-01	1.659586907437560e-01
650	1.603979161655565e-01	1.621810097358930e-01
708	1.522167723062403e-01	1.548816618912481e-01
736	1.491542447458479e-01	1.513561248436208e-01
760	1.362395596977996e-01	1.380384264602885e-01
820	1.347508090663553e-01	1.348962882591654e-01
1167	1.293117458982802e-01	1.318256738556407e-01
1181	1.278190977926479e-01	1.288249551693134e-01
1223	1.238112445552080e-01	1.258925411794167e-01
1311	1.228195227386554e-01	1.230268770812381e-01
1564	1.173772448045922e-01	1.174897554939529e-01
1636	1.139739302636610e-01	1.148153621496883e-01
1674	1.111668221793418e-01	1.122018454301964e-01
1752	1.075008703256883e-01	1.096478196143185e-01
1761	1.028092037399005e-01	1.047128548050900e-01
1778	1.000967503609759e-01	1.023292992280754e-01
1796	9.964831605857227e-02	1.000000000000000e-01
2318	7.566351683457495e-02	7.585775750291836e-02
2422	7.164863178368286e-02	7.244359600749903e-02
2444	7.042344602159600e-02	7.079457843841380e-02
3601	6.861054630825836e-02	6.918309709189366e-02
3869	6.593705587107213e-02	6.606934480075961e-02
4077	6.025240125363684e-02	6.025595860743578e-02
5650	5.805439544111857e-02	5.888436553555890e-02
7378	5.668593769224084e-02	5.754399373371569e-02
7700	5.280112315986907e-02	5.370317963702527e-02
7705	5.110027763703451e-02	5.128613839913648e-02
8140	4.873291269991453e-02	4.897788193684462e-02
10544	4.778558780080489e-02	4.786300923226382e-02
11379	4.677308591846907e-02	4.677351412871981e-02
12108	4.570308742362250e-02	4.570881896148749e-02
12533	4.466257917350958e-02	4.466835921509630e-02
13404	4.364623950585900e-02	4.365158322401658e-02
17617	4.265710944889511e-02	4.265795188015926e-02
20400	4.161689318428730e-02	4.168693834703355e-02
23545	3.998707587106887e-02	4.073802778041128e-02
23949	3.979882522315104e-02	3.981071705534973e-02
30800	3.890218828696768e-02	3.890451449942807e-02
31394	3.769858359622047e-02	3.801893963205612e-02
35701	3.715351609684769e-02	3.715352290971726e-02
44752	3.438442349307680e-02	3.467368504525317e-02
51928	3.321980098916844e-02	3.388441561392026e-02
52760	3.257901077538372e-02	3.311311214825911e-02
54072	3.150356005850896e-02	3.162277660168379e-02
65508	3.075869452428370e-02	3.090295432513590e-02
79446	3.007386743716856e-02	3.019951720402016e-02
103754	2.951150947380987e-02	2.951209226666385e-02
127522	2.872529231829324e-02	2.884031503126606e-02
153799	2.817571975162059e-02	2.818382931264454e-02
172211	2.753834663371113e-02	2.754228703338166e-02
211181	2.674600057052645e-02	2.691534803926915e-02
300001	2.656702388060561e-02	2.691534803926915e-02
%
% index = 1872, name = bbob_f002_i27_d05__bbob_f014_i28_d05
% instance = 13, reference value = 1.000000000000000e+00
% function evaluation | indicator value | target hit
1	4.731371308015532e-01	4.786300923226383e-01
22	4.233884588978193e-01	4.265795188015927e-01
29	3.805979608084997e-01	3.890451449942806e-01
34	3.174035018896446e-01	3.235936569296283e-01
37	3.057562577151578e-01	3.090295432513591e-01
38	2.287161040043195e-01	2.290867652767773e-01
49	2.212874422385773e-01	2.238721138568339e-01
62	1.611923082371883e-01	1.621810097358930e-01
107	1.578178482437427e-01	1.584893192461113e-01
136	7.685079281064355e-02	7.762471166286916e-02
183	7.204161903533624e-02	7.244359600749903e-02
190	6.290541259658222e-02	6.309573444801933e-02
212	5.952407875104160e-02	6.025595860743578e-02
242	3.451844270095561e-02	3.467368504525317e-02
302	3.373263158042805e-02	3.388441561392026e-02
318	3.174049032702153e-02	3.235936569296283e-02
379	3.114917840590525e-02	3.162277660168379e-02
391	2.938037603475308e-02	2.951209226666385e-02
419	2.342159238050545e-02	2.344228815319923e-02
436	2.062686360984900e-02	2.089296130854040e-02
442	2.035144552963886e-02	2.041737944669529e-02
494	1.977784749453126e-02	1.995262314968880e-02
509	1.940790597134223e-02	1.949844599758046e-02
531	1.905143426405120e-02	1.905460717963247e-02
552	1.853475591300702e-02	1.862087136662868e-02
607	1.704641785807293e-02	1.737800828749375e-02
619	1.695813386771472e-02	1.698243652461744e-02
653	1.637823372344993e-02	1.659586907437561e-02
661	1.597528889410804e-02	1.621810097358930e-02
725	1.583964963329165e-02	1.584893192461113e-02
969	1.548411827372675e-02	1.548816618912481e-02
1059	1.468487374869998e-02	1.479108388168207e-02
1142	1.373931814956597e-02	1.380384264602885e-02
1148	1.343527050496651e-02	1.348962882591653e-02
1194	1.289112807815807e-02	1.318256738556407e-02
1207	1.287874791976462e-02	1.288249551693134e-02
1566	1.253375564255554e-02	1.258925411794167e-02
1627	1.229729387146872e-02	1.230268770812382e-02
1659	1.176818148855863e-02	1.202264434617413e-02
1685	1.174750402661362e-02	1.174897554939530e-02
2117	1.143302029793725e-02	1.148153621496883e-02
2200	1.102673706397872e-02	1.122018454301964e-02
2269	1.096113778444707e-02	1.096478196143185e-02
2994	1.062317346965513e-02	1.071519305237606e-02
3085	1.039845356979563e-02	1.047128548050900e-02
3281	1.016738430853037e-02	1.023292992280754e-02
4081	9.987016863281739e-03	1.000000000000000e-02
5188	9.769727806492878e-03	9.772372209558112e-03
5566	9.507282291180363e-03	9.549925860214359e-03
7361	9.331473727518302e-03	9.332543007969915e-03
7587	9.076047735586235e-03	9.120108393559097e-03
8671	8.910507257735012e-03	8.912509381337459e-03
10895	8.705871272864485e-03	8.709635899560805e-03
11696	8.483416817467893e-03	8.511380382023767e-03
16734	8.316501655120545e-03	8.317637711026709e-03
23437	8.026632957616409e-03	8.128305161640995e-03
26773	7.941870937809625e-03	7.943282347242814e-03
44829	7.741372523870083e-03	7.762471166286920e-03
66429	7.580954354450831e-03	7.585775750291836e-03
115869	7.404319345724053e-03	7.413102413009177e-03
186465	7.242392227910233e-03	7.244359600749898e-03
300001	7.124629660068549e-03	7.244359600749898e-03
%
% index = 1873, name = bbob_f002_i29_d05__bbob_f014_i30_d05
% instance = 14, reference value = 1.000000000000000e+00
% function evaluation | indicator value | target hit
1	1.433154681197405e-01	1.445439770745928e-01
3	1.313408685061005e-01	1.318256738556407e-01
8	5.365748334273612e-02	5.370317963702527e-02
19	5.148192188207357e-02	5.248074602497726e-02
27	5.126712004094991e-02	5.128613839913648e-02
37	4.925066021045632e-02	5.011872336272722e-02
46	4.897396549780209e-02	4.897788193684462e-02
55	4.469753419638978e-02	4.570881896148749e-02
75	4.464852647067918e-02	4.466835921509630e-02
119	4.181042460265383e-02	4.265795188015926e-02
206	4.158613609828943e-02	4.168693834703355e-02
235	4.071545600265924e-02	4.073802778041128e-02
249	3.201571493489985e-02	3.235936569296283e-02
290	2.564257223657429e-02	2.570395782768863e-02
329	2.420912451282731e-02	2.454708915685030e-02
365	2.186184310274286e-02	2.187761623949553e-02
407	1.943152385809299e-02	1.949844599758046e-02
409	1.851695391106623e-02	1.862087136662868e-02
424	1.780782925871538e-02	1.819700858609984e-02
439	1.772295173635807e-02	1.778279410038923e-02
454	1.693079892367233e-02	1.698243652461744e-02
475	1.601120421677271e-02	1.621810097358930e-02
476	1.572061612081788e-02	1.584893192461113e-02
503	1.547227047652155e-02	1.548816618912481e-02
604	1.513464955097255e-02	1.513561248436208e-02
631	1.473646848326604e-02	1.479108388168207e-02
645	1.413614834809851e-02	1.445439770745927e-02
647	1.346678226089959e-02	1.348962882591653e-02
695	1.315457577583057e-02	1.318256738556407e-02
740	1.287756818360164e-02	1.288249551693134e-02
790	1.235368014177229e-02	1.258925411794167e-02
814	1.227629095655824e-02	1.230268770812382e-02
823	1.200723747146581e-02	1.202264434617413e-02
853	1.155552513721414e-02	1.174897554939530e-02
907	1.146829199228350e-02	1.148153621496883e-02
963	1.106739875649598e-02	1.122018454301964e-02
977	1.092639022459918e-02	1.096478196143185e-02
1178	1.069920362863908e-02	1.071519305237606e-02
1332	1.046910404606061e-02	1.047128548050900e-02
1353	1.012918341291447e-02	1.023292992280754e-02
1360	9.869739983778603e-03	1.000000000000000e-02
1417	9.543927101533622e-03	9.549925860214359e-03
1555	9.310697874800655e-03	9.332543007969915e-03
1899	9.107102012414159e-03	9.120108393559097e-03
2129	8.887913617087073e-03	8.912509381337459e-03
2186	8.683833151675979e-03	8.709635899560805e-03
2723	8.504997332291375e-03	8.511380382023767e-03
3573	8.314883710073939e-03	8.317637711026709e-03
4880	8.123064427510762e-03	8.128305161640995e-03
5464	7.942960420119327e-03	7.943282347242814e-03
7468	7.703791089624046e-03	7.762471166286920e-03
13924	7.585771682738107e-03	7.585775750291836e-03
32425	7.390111574011593e-03	7.413102413009177e-03
124563	7.243395784602091e-03	7.244359600749898e-03
300000	7.109711009541830e-03	7.244359600749898e-03
%
% index = 1874, name = bbob_f002_i31_d05__bbob_f014_i34_d05
% instance = 15, reference value = 1.000000000000000e+00
% function evaluation | indicator value | target hit
1	1.008356868357000e+00	1.023292992280754e+00
18	7.519443980705995e-01	7.585775750291838e-01
53	4.702174593860987e-01	4.786300923226383e-01
54	4.591069318810574e-01	4.677351412871982e-01
57	4.522427865508361e-01	4.570881896148750e-01
62	4.413535981434717e-01	4.466835921509631e-01
71	4.189533758671319e-01	4.265795188015927e-01
80	2.648665319519461e-01	2.691534803926916e-01
93	2.499158103681635e-01	2.511886431509580e-01
110	2.421766763746480e-01	2.454708915685030e-01
116	2.391815293728016e-01	2.398832919019490e-01
120	2.305014646850042e-01	2.344228815319922e-01
135	1.163207005740016e-01	1.174897554939529e-01
147	1.127434153341053e-01	1.148153621496883e-01
157	1.117991079292499e-01	1.122018454301964e-01
202	1.089456148694335e-01	1.096478196143185e-01
216	8.240642559853428e-02	8.317637711026708e-02
239	7.588449925047636e-02	7.762471166286916e-02
241	7.556231820779002e-02	7.585775750291836e-02
249	7.116084812064183e-02	7.244359600749903e-02
254	6.935116809303254e-02	7.079457843841380e-02
258	6.254174976124227e-02	6.309573444801933e-02
277	6.118378312860528e-02	6.165950018614822e-02
290	5.683022630486700e-02	5.754399373371569e-02
297	4.923513750952702e-02	5.011872336272722e-02
306	4.856022915483538e-02	4.897788193684462e-02
354	4.612061999065997e-02	4.677351412871981e-02
357	4.545738527010856e-02	4.570881896148749e-02
361	4.283816300521226e-02	4.365158322401658e-02
367	3.911070113793635e-02	3.981071705534973e-02
376	3.851093549151186e-02	3.890451449942807e-02
412	3.799821530601544e-02	3.801893963205612e-02
428	3.546120703825784e-02	3.548133892335755e-02
456	3.360710991855409e-02	3.388441561392026e-02
461	3.269162411784621e-02	3.311311214825911e-02
474	3.209114280427994e-02	3.235936569296283e-02
483	2.740092591928667e-02	2.754228703338166e-02
506	2.687036567056700e-02	2.691534803926915e-02
523	2.607419713314230e-02	2.630267991895381e-02
539	2.563154855046523e-02	2.570395782768863e-02
551	2.293161530211463e-02	2.344228815319923e-02
553	2.265095864268629e-02	2.290867652767773e-02
554	2.226743130194031e-02	2.238721138568340e-02
559	1.971412786708404e-02	1.995262314968880e-02
560	1.942581272458244e-02	1.949844599758046e-02
619	1.899060187824775e-02	1.905460717963247e-02
663	1.858923935356593e-02	1.862087136662868e-02
689	1.818228148012235e-02	1.819700858609984e-02
753	1.673687985802486e-02	1.698243652461744e-02
768	1.659288735903774e-02	1.659586907437561e-02
881	1.485289182962912e-02	1.513561248436208e-02
885	1.309621014284434e-02	1.318256738556407e-02
966	1.288200470551482e-02	1.288249551693134e-02
1008	1.229232669652214e-02	1.230268770812382e-02
1090	1.201553885154616e-02	1.202264434617413e-02
1599	1.174859032279019e-02	1.174897554939530e-02
3767	1.137070932035056e-02	1.148153621496883e-02
7393	1.115560507278168e-02	1.122018454301964e-02
10776	1.084606331981108e-02	1.096478196143185e-02
13804	1.062293365321887e-02	1.071519305237606e-02
17859	1.047080289440772e-02	1.047128548050900e-02
26915	1.015466739710913e-02	1.023292992280754e-02
29438	9.992352719235598e-03	1.000000000000000e-02
31270	9.155547023430355e-03	9.332543007969915e-03
33062	8.997263703473646e-03	9.120108393559097e-03
33718	8.516614226111607e-03	8.709635899560805e-03
34626	8.433400715750050e-03	8.511380382023767e-03
35761	8.293060159638710e-03	8.317637711026709e-03
40948	8.111929404882590e-03	8.128305161640995e-03
43384	7.869733768450127e-03	7.943282347242814e-03
45865	7.665577203464058e-03	7.762471166286920e-03
46291	7.544641737991520e-03	7.585775750291836e-03
49289	7.353431099935581e-03	7.413102413009177e-03
50146	7.141641358918149e-03	7.244359600749898e-03
50272	7.041056807912560e-03	7.079457843841380e-03
51626	6.764351531648227e-03	6.918309709189363e-03
52788	6.758102237550467e-03	6.760829753919818e-03
60831	6.522900670718923e-03	6.606934480075957e-03
64027	6.428801699358111e-03	6.456542290346556e-03
68758	6.221779863776589e-03	6.309573444801930e-03
70127	6.138732288129223e-03	6.165950018614822e-03
70822	6.001971233203340e-03	6.025595860743574e-03
78336	5.887952720507017e-03	5.888436553555890e-03
78738	5.751387953190190e-03	5.754399373371567e-03
80900	5.485909794819777e-03	5.495408738576248e-03
94883	5.353003861762851e-03	5.370317963702527e-03
98254	5.243119357417947e-03	5.248074602497728e-03
103222	5.108888188501082e-03	5.128613839913648e-03
103923	4.985723606039771e-03	5.011872336272725e-03
118382	4.893569476943527e-03	4.897788193684461e-03
121087	4.782878685885450e-03	4.786300923226385e-03
130765	4.662511402782510e-03	4.677351412871981e-03
151881	4.567614194173064e-03	4.570881896148752e-03
175911	4.465277540584234e-03	4.466835921509630e-03
203357	4.359489173452080e-03	4.365158322401661e-03
256962	4.262512526981954e-03	4.265795188015926e-03
300000	4.221771043416034e-03	4.265795188015926e-03
