%
% index = 240, name = bbob_f002_i02_d02__bbob_f017_i04_d02
% instance = 1, reference value = 9.799587362852460e-01
% function evaluation | indicator value | target hit
1	2.234514108830074e+01	2.238721138568340e+01
20	4.375202395703746e+00	4.466835921509632e+00
33	3.313108019487746e+00	3.388441561392026e+00
63	6.863714433518351e-01	6.918309709189365e-01
120	2.528293612410958e-01	2.570395782768864e-01
153	2.503692187617035e-01	2.511886431509580e-01
161	1.323992832646863e-01	1.348962882591654e-01
206	1.298650463958870e-01	1.318256738556407e-01
209	9.477924302731611e-02	9.549925860214359e-02
271	9.012365551887025e-02	9.120108393559097e-02
274	8.771445678760448e-02	8.912509381337455e-02
290	8.603959396604011e-02	8.709635899560805e-02
312	8.447896056073512e-02	8.511380382023763e-02
320	7.840425680945562e-02	7.943282347242814e-02
327	3.165314765238059e-02	3.235936569296283e-02
524	3.162175947391443e-02	3.162277660168379e-02
680	2.974085948328686e-02	3.019951720402016e-02
732	2.814766339842822e-02	2.818382931264454e-02
758	2.600982490882531e-02	2.630267991895381e-02
839	2.237126477783669e-02	2.238721138568340e-02
866	2.102993192858871e-02	2.137962089502233e-02
905	2.084790469371289e-02	2.089296130854040e-02
970	1.746890399470380e-02	1.778279410038923e-02
994	1.643358170377363e-02	1.659586907437561e-02
1053	1.621170697265994e-02	1.621810097358930e-02
1375	1.042320423882326e-02	1.047128548050900e-02
1516	8.363735638049485e-03	8.511380382023767e-03
1597	7.947464245978697e-03	8.128305161640995e-03
1637	6.421050600198486e-03	6.456542290346556e-03
1647	5.903223144241521e-03	6.025595860743574e-03
1672	5.855604474582110e-03	5.888436553555890e-03
1764	5.580770424016390e-03	5.623413251903491e-03
1959	5.476188986800690e-03	5.495408738576248e-03
1979	4.901020272210621e-03	5.011872336272725e-03
2007	4.754956000724064e-03	4.786300923226385e-03
2047	4.608290092410261e-03	4.677351412871981e-03
2056	4.305516428741329e-03	4.365158322401661e-03
2065	4.262522975184257e-03	4.265795188015926e-03
2083	3.930172497115914e-03	3.981071705534973e-03
2130	3.877267120025896e-03	3.890451449942805e-03
2158	3.746290838395172e-03	3.801893963205613e-03
2203	3.694396923662024e-03	3.715352290971724e-03
2330	3.621088576823639e-03	3.630780547701014e-03
2370	2.239989202758030e-03	2.290867652767772e-03
2533	2.236915299826281e-03	2.238721138568340e-03
3038	2.180280937030488e-03	2.187761623949552e-03
3071	1.941437387052769e-03	1.949844599758046e-03
3099	1.531036156611099e-03	1.548816618912481e-03
3103	1.364086313392909e-03	1.380384264602885e-03
3145	1.312391344021835e-03	1.318256738556408e-03
3224	1.252862710889535e-03	1.258925411794167e-03
3670	1.211735010093973e-03	1.230268770812381e-03
3875	1.191399366348711e-03	1.202264434617413e-03
3916	1.164256962181698e-03	1.174897554939529e-03
4101	1.138365433286159e-03	1.148153621496883e-03
4599	1.001846094947356e-03	1.023292992280754e-03
4648	9.982003183570676e-04	1.000000000000000e-03
4706	9.727396508670827e-04	9.772372209558111e-04
4941	9.541109706263651e-04	9.549925860214359e-04
5541	9.308087755830474e-04	9.332543007969915e-04
5756	8.925736972379417e-04	9.120108393559096e-04
5843	8.906241731893028e-04	8.912509381337459e-04
6016	6.510558692656154e-04	6.606934480075957e-04
6216	6.387129844116490e-04	6.456542290346556e-04
6220	6.200891375609530e-04	6.309573444801930e-04
6233	6.099023527793568e-04	6.165950018614823e-04
7150	5.957304557080434e-04	6.025595860743575e-04
7168	5.849550834970962e-04	5.888436553555889e-04
7692	5.742601678431214e-04	5.754399373371566e-04
7702	4.912371221567069e-04	5.011872336272725e-04
8641	4.897556791213509e-04	4.897788193684461e-04
8909	4.751980287431845e-04	4.786300923226385e-04
9109	4.667078204715347e-04	4.677351412871981e-04
9642	4.541127317860827e-04	4.570881896148752e-04
9723	3.918360259597131e-04	3.981071705534974e-04
9782	3.812319979159540e-04	3.890451449942805e-04
9828	3.753340018329832e-04	3.801893963205612e-04
10194	3.705236621178720e-04	3.715352290971724e-04
11539	3.262746076215794e-04	3.311311214825911e-04
11581	3.220343532218672e-04	3.235936569296281e-04
11759	3.096918512170976e-04	3.162277660168379e-04
11871	3.056579966678186e-04	3.090295432513592e-04
12032	2.989011519914930e-04	3.019951720402016e-04
12648	2.663554198837348e-04	2.691534803926917e-04
12760	2.607760096795531e-04	2.630267991895381e-04
13342	2.161754876358613e-04	2.187761623949552e-04
13635	2.079060895081586e-04	2.089296130854039e-04
14824	2.041736848246156e-04	2.041737944669530e-04
15101	1.928105779807066e-04	1.949844599758046e-04
15855	1.898293923621175e-04	1.905460717963246e-04
16319	1.860505865327600e-04	1.862087136662868e-04
18944	1.764487018024452e-04	1.778279410038923e-04
19060	1.737504643131160e-04	1.737800828749376e-04
19401	1.690597510368708e-04	1.698243652461744e-04
19606	1.659152554048804e-04	1.659586907437562e-04
19641	1.562933117094101e-04	1.584893192461114e-04
19865	1.540640029673579e-04	1.548816618912481e-04
19906	1.487997193507784e-04	1.513561248436209e-04
19949	1.472329641775127e-04	1.479108388168207e-04
20106	1.444862457437024e-04	1.445439770745928e-04
20205	1.392659402603691e-04	1.412537544622754e-04
20603	1.369648769528053e-04	1.380384264602885e-04
20980	1.348514314823968e-04	1.348962882591653e-04
21558	1.307153264661354e-04	1.318256738556407e-04
21712	1.286737570342922e-04	1.288249551693134e-04
22733	1.257111814718659e-04	1.258925411794167e-04
23768	1.228393577894504e-04	1.230268770812381e-04
24453	1.201138642600297e-04	1.202264434617413e-04
24968	1.162095070442737e-04	1.174897554939529e-04
25333	1.146302771622976e-04	1.148153621496883e-04
25448	1.097476600078195e-04	1.122018454301963e-04
25624	1.094557032965682e-04	1.096478196143185e-04
27924	9.940681681952501e-05	1.000000000000000e-04
28231	9.585333795059103e-05	9.772372209558111e-05
28483	9.542840541743036e-05	9.549925860214369e-05
29796	9.307457760399096e-05	9.332543007969905e-05
32899	9.107941246289109e-05	9.120108393559096e-05
35597	8.834551146519320e-05	8.912509381337459e-05
36787	8.701955745049617e-05	8.709635899560814e-05
38716	8.497184517519685e-05	8.511380382023759e-05
41504	8.252729803703840e-05	8.317637711026709e-05
42151	8.128102926541203e-05	8.128305161640995e-05
42532	7.533693058958679e-05	7.585775750291836e-05
42876	7.377340189917980e-05	7.413102413009176e-05
43305	7.135202193042645e-05	7.244359600749906e-05
43845	6.985032056172624e-05	7.079457843841373e-05
43991	6.917481788670798e-05	6.918309709189363e-05
44079	6.746650347222438e-05	6.760829753919819e-05
44162	6.599132542373098e-05	6.606934480075965e-05
44605	6.445540969568508e-05	6.456542290346549e-05
45063	6.066332948084785e-05	6.165950018614822e-05
45218	6.020538862872016e-05	6.025595860743581e-05
45323	5.853156840995855e-05	5.888436553555884e-05
45603	5.751852061997020e-05	5.754399373371566e-05
46430	5.558410142836312e-05	5.623413251903491e-05
46561	5.462869255545844e-05	5.495408738576248e-05
47007	5.349830468504013e-05	5.370317963702532e-05
47440	5.200959721074483e-05	5.248074602497723e-05
47990	4.942473462776764e-05	5.011872336272725e-05
48697	4.887558820099169e-05	4.897788193684466e-05
49169	4.741292649712570e-05	4.786300923226380e-05
49265	4.653463639014976e-05	4.677351412871981e-05
49936	4.471038403630612e-05	4.570881896148752e-05
49998	4.462690744011510e-05	4.466835921509635e-05
51227	4.252758393241685e-05	4.265795188015926e-05
52635	4.156704149171908e-05	4.168693834703355e-05
52671	4.041682369571031e-05	4.073802778041130e-05
53485	3.971286491566417e-05	3.981071705534969e-05
54472	3.452156818051222e-05	3.467368504525317e-05
55201	3.378660328023919e-05	3.388441561392028e-05
55869	3.310513443210983e-05	3.311311214825908e-05
56442	3.233762961629694e-05	3.235936569296281e-05
57285	3.158473519693228e-05	3.162277660168380e-05
57929	3.088464401324043e-05	3.090295432513592e-05
59199	3.015173972964469e-05	3.019951720402019e-05
60538	2.941877293038964e-05	2.951209226666384e-05
63145	2.883079009508016e-05	2.884031503126606e-05
63506	2.817176896763307e-05	2.818382931264455e-05
63730	2.728401982599049e-05	2.754228703338169e-05
64084	2.687192559525098e-05	2.691534803926914e-05
64373	2.630174589646206e-05	2.630267991895381e-05
64603	2.554619619932197e-05	2.570395782768864e-05
64774	2.504292998950497e-05	2.511886431509582e-05
65356	2.451125055258352e-05	2.454708915685029e-05
65654	2.393054394378424e-05	2.398832919019490e-05
65956	2.342438602309649e-05	2.344228815319923e-05
66284	2.285171776861272e-05	2.290867652767775e-05
66834	2.238358281325681e-05	2.238721138568338e-05
67186	2.183493767238254e-05	2.187761623949552e-05
68293	2.137736743179630e-05	2.137962089502232e-05
68888	1.974280578531662e-05	1.995262314968879e-05
68990	1.941485605883031e-05	1.949844599758046e-05
69417	1.904879035907747e-05	1.905460717963248e-05
70156	1.862035535704631e-05	1.862087136662866e-05
70620	1.818906883821469e-05	1.819700858609983e-05
71565	1.778012213893287e-05	1.778279410038923e-05
71924	1.732483805705343e-05	1.737800828749376e-05
72570	1.696622036273521e-05	1.698243652461746e-05
73385	1.644022598101813e-05	1.659586907437560e-05
74190	1.619102995009669e-05	1.621810097358930e-05
74858	1.582306275760281e-05	1.584893192461114e-05
75865	1.548776939364060e-05	1.548816618912483e-05
76747	1.513553820731151e-05	1.513561248436207e-05
77098	1.475177108345438e-05	1.479108388168207e-05
77757	1.442435444487522e-05	1.445439770745928e-05
79044	1.360852498177856e-05	1.380384264602884e-05
79622	1.309806334170993e-05	1.318256738556407e-05
80222	1.288174169100653e-05	1.288249551693135e-05
81851	1.258909882784209e-05	1.258925411794166e-05
83035	1.229716804629355e-05	1.230268770812381e-05
86335	1.173383034325237e-05	1.174897554939530e-05
86826	1.146918175087830e-05	1.148153621496882e-05
87221	1.121524497782467e-05	1.122018454301963e-05
87836	1.096383032817005e-05	1.096478196143185e-05
88235	1.069157011046595e-05	1.071519305237607e-05
88491	1.046522051217913e-05	1.047128548050899e-05
88756	1.017164573557938e-05	1.023292992280754e-05
88950	9.995806345863834e-06	1.000000000000000e-05
89904	9.768076058347397e-06	9.772372209558111e-06
90537	9.549849043888337e-06	9.549925860214369e-06
90638	9.322566663527709e-06	9.332543007969906e-06
91214	8.875544653785816e-06	8.912509381337459e-06
92043	8.627096425573022e-06	8.709635899560814e-06
92331	8.471019309341798e-06	8.511380382023760e-06
92567	8.306118779999316e-06	8.317637711026709e-06
93486	8.126590401724698e-06	8.128305161640995e-06
94225	7.941726520854786e-06	7.943282347242822e-06
94298	7.548908015020395e-06	7.585775750291836e-06
95065	7.412235504822284e-06	7.413102413009177e-06
96486	7.243731673156617e-06	7.244359600749906e-06
97571	7.065946328044248e-06	7.079457843841373e-06
98088	6.903266675517550e-06	6.918309709189363e-06
99352	6.697839994740384e-06	6.760829753919819e-06
101071	6.594931292736028e-06	6.606934480075964e-06
101649	6.400303021236731e-06	6.456542290346549e-06
102864	6.236686060145935e-06	6.309573444801930e-06
103865	6.165845770067513e-06	6.165950018614822e-06
105097	6.023046689840328e-06	6.025595860743581e-06
110672	5.837471371061831e-06	5.888436553555884e-06
112098	5.750292588868611e-06	5.754399373371567e-06
112512	5.622625498857836e-06	5.623413251903491e-06
114116	5.491992270179047e-06	5.495408738576248e-06
115404	5.369591703052734e-06	5.370317963702533e-06
116832	5.247863691826282e-06	5.248074602497723e-06
118887	5.128595596204377e-06	5.128613839913648e-06
119939	4.982533209796358e-06	5.011872336272725e-06
120001	4.982439208434108e-06	5.011872336272725e-06
%
% index = 241, name = bbob_f002_i03_d02__bbob_f017_i05_d02
% instance = 2, reference value = 9.429902675867040e-01
% function evaluation | indicator value | target hit
1	1.029376223875704e+00	1.047128548050900e+00
24	7.673108124962785e-01	7.762471166286917e-01
46	6.603005387486820e-01	6.606934480075960e-01
85	4.507625331887825e-01	4.570881896148750e-01
93	3.179196472893054e-01	3.235936569296283e-01
108	3.015104635551454e-01	3.019951720402016e-01
165	2.777256108350626e-01	2.818382931264454e-01
187	1.695466485140144e-01	1.698243652461744e-01
198	1.504132459459974e-01	1.513561248436208e-01
225	1.346555440764002e-01	1.348962882591654e-01
229	1.248772888114879e-01	1.258925411794167e-01
234	1.191485167734391e-01	1.202264434617413e-01
237	1.163669853042149e-01	1.174897554939529e-01
238	1.134610416742637e-01	1.148153621496883e-01
278	1.097659650289994e-01	1.122018454301964e-01
284	9.774925648168464e-02	1.000000000000000e-01
288	7.885107101472288e-02	7.943282347242814e-02
296	7.219215421047953e-02	7.244359600749903e-02
378	7.066216752536680e-02	7.079457843841380e-02
387	6.871932448592610e-02	6.918309709189366e-02
396	6.641892932056870e-02	6.760829753919818e-02
409	5.387650443754444e-02	5.495408738576246e-02
415	4.135030777530313e-02	4.168693834703355e-02
432	4.037784898501762e-02	4.073802778041128e-02
460	3.172630407254229e-02	3.235936569296283e-02
573	2.994250302642743e-02	3.019951720402016e-02
574	2.793481882047621e-02	2.818382931264454e-02
606	2.747963603083936e-02	2.754228703338166e-02
608	2.550559382112016e-02	2.570395782768863e-02
637	2.166723039827811e-02	2.187761623949553e-02
644	1.944165972556755e-02	1.949844599758046e-02
668	1.513268914555688e-02	1.513561248436208e-02
724	1.299522937225617e-02	1.318256738556407e-02
727	1.287815099719491e-02	1.288249551693134e-02
781	1.124761212558922e-02	1.148153621496883e-02
806	1.120678819517362e-02	1.122018454301964e-02
857	1.055172854100361e-02	1.071519305237606e-02
870	8.864324608224949e-03	8.912509381337459e-03
872	7.818000797366054e-03	7.943282347242814e-03
886	7.527385451983504e-03	7.585775750291836e-03
922	6.882395769434169e-03	6.918309709189363e-03
926	6.706849453559149e-03	6.760829753919818e-03
930	6.308063422945653e-03	6.309573444801930e-03
931	6.051534174914774e-03	6.165950018614822e-03
958	6.021607506346505e-03	6.025595860743574e-03
995	5.754172102840682e-03	5.754399373371567e-03
1015	5.601711843278845e-03	5.623413251903491e-03
1032	5.386952021317004e-03	5.495408738576248e-03
1036	5.261946604645296e-03	5.370317963702527e-03
1062	5.184092807837271e-03	5.248074602497728e-03
1075	5.122341565476751e-03	5.128613839913648e-03
1091	4.995352251813356e-03	5.011872336272725e-03
1117	3.504397531494452e-03	3.548133892335753e-03
1164	3.444750022630338e-03	3.467368504525317e-03
1167	3.176067653075321e-03	3.235936569296281e-03
1207	3.057069700217463e-03	3.090295432513592e-03
1219	3.006393255599704e-03	3.019951720402016e-03
1268	2.585673177376346e-03	2.630267991895381e-03
1287	2.472651863106301e-03	2.511886431509579e-03
1297	2.413439462183531e-03	2.454708915685031e-03
1316	2.361512623431539e-03	2.398832919019490e-03
1318	2.296983927523866e-03	2.344228815319923e-03
1319	2.222750209678770e-03	2.238721138568340e-03
1403	2.159913092695587e-03	2.187761623949552e-03
1441	2.113037134602869e-03	2.137962089502233e-03
1524	2.083067568691477e-03	2.089296130854039e-03
1717	1.930441802634908e-03	1.949844599758046e-03
1772	1.889804527016925e-03	1.905460717963246e-03
1787	1.842000399948196e-03	1.862087136662868e-03
1835	1.813212999510538e-03	1.819700858609983e-03
1878	1.755914947941473e-03	1.778279410038923e-03
2114	1.733164304353441e-03	1.737800828749376e-03
2129	1.672226186825609e-03	1.698243652461744e-03
2147	1.551735720652703e-03	1.584893192461114e-03
2184	1.548117837971152e-03	1.548816618912481e-03
2223	1.475396025402698e-03	1.479108388168207e-03
2469	1.442452012178741e-03	1.445439770745928e-03
2569	1.390377331107806e-03	1.412537544622754e-03
2639	1.374029514174646e-03	1.380384264602885e-03
2656	1.313812330365094e-03	1.318256738556408e-03
2678	1.283932228645090e-03	1.288249551693134e-03
2730	1.258621786943803e-03	1.258925411794167e-03
2793	1.216392635064234e-03	1.230268770812381e-03
2799	1.174015829260799e-03	1.174897554939529e-03
2821	9.711828487352081e-04	9.772372209558111e-04
3151	9.538559098323240e-04	9.549925860214359e-04
3333	9.295014822848779e-04	9.332543007969915e-04
3504	9.108698377925384e-04	9.120108393559096e-04
4257	8.900798519621000e-04	8.912509381337459e-04
5116	8.081923872210739e-04	8.128305161640995e-04
6424	7.937998761238241e-04	7.943282347242813e-04
6606	7.309355510037863e-04	7.413102413009177e-04
6708	6.416203987636981e-04	6.456542290346556e-04
8034	6.020430562795331e-04	6.025595860743575e-04
8289	5.705574280790993e-04	5.754399373371566e-04
10631	5.587691332153977e-04	5.623413251903491e-04
10775	4.377361901012344e-04	4.466835921509630e-04
11108	4.365095411572595e-04	4.365158322401661e-04
11303	4.198668822105178e-04	4.265795188015926e-04
11426	4.025760312157400e-04	4.073802778041126e-04
14642	3.980124355487114e-04	3.981071705534974e-04
14987	3.817174893789854e-04	3.890451449942805e-04
18834	3.801872726467703e-04	3.801893963205612e-04
19808	3.692304929761026e-04	3.715352290971724e-04
20499	3.625407277980663e-04	3.630780547701014e-04
26659	3.544431198264641e-04	3.548133892335753e-04
27608	3.388377090083328e-04	3.388441561392024e-04
29794	3.221552024182950e-04	3.235936569296281e-04
39954	3.071498148575769e-04	3.090295432513592e-04
40687	3.002048514889610e-04	3.019951720402016e-04
40775	2.536376719139977e-04	2.570395782768865e-04
41548	2.477200388594225e-04	2.511886431509580e-04
42735	2.375734734254564e-04	2.398832919019490e-04
44337	2.331947106050114e-04	2.344228815319923e-04
46148	2.185448288567482e-04	2.187761623949552e-04
46579	2.133030171710404e-04	2.137962089502232e-04
48399	2.072113390230168e-04	2.089296130854039e-04
49874	1.986598294353437e-04	1.995262314968879e-04
55345	1.793242590921729e-04	1.819700858609983e-04
56614	1.742193220791721e-04	1.778279410038923e-04
64318	1.730740455625490e-04	1.737800828749376e-04
65502	1.682012916495168e-04	1.698243652461744e-04
65675	1.519878721929491e-04	1.548816618912481e-04
66134	1.500439924393415e-04	1.513561248436209e-04
66529	1.362366400262660e-04	1.380384264602885e-04
68070	1.342422661770870e-04	1.348962882591653e-04
69085	1.304847076485371e-04	1.318256738556407e-04
69832	1.252811121610353e-04	1.258925411794167e-04
70808	1.229775800170030e-04	1.230268770812381e-04
73355	1.189388143321146e-04	1.202264434617413e-04
74027	1.165177546114116e-04	1.174897554939529e-04
77202	1.057141755365087e-04	1.071519305237606e-04
78132	1.010389261124622e-04	1.023292992280754e-04
81661	9.987195768090817e-05	1.000000000000000e-04
82732	9.766347793449537e-05	9.772372209558111e-05
94378	9.502281617990160e-05	9.549925860214369e-05
96566	9.330914442595706e-05	9.332543007969905e-05
101068	8.942878741213800e-05	9.120108393559096e-05
102326	8.815117489546775e-05	8.912509381337459e-05
103224	8.666682686442329e-05	8.709635899560814e-05
103675	8.500867280636371e-05	8.511380382023759e-05
109518	8.222962419324187e-05	8.317637711026709e-05
111363	7.918901468972894e-05	7.943282347242822e-05
111385	7.343067454668173e-05	7.413102413009176e-05
120001	7.309482035877668e-05	7.413102413009176e-05
%
% index = 242, name = bbob_f002_i07_d02__bbob_f017_i08_d02
% instance = 3, reference value = 9.417269801580770e-01
% function evaluation | indicator value | target hit
1	1.110747581968345e+01	1.122018454301964e+01
4	1.083436596332908e+01	1.096478196143185e+01
7	5.628861821240526e-01	5.754399373371569e-01
97	4.929702196818989e-01	5.011872336272722e-01
141	1.469051160469907e-01	1.479108388168208e-01
187	1.310257078548436e-01	1.318256738556407e-01
196	1.209658824631312e-01	1.230268770812381e-01
250	1.104191483440877e-01	1.122018454301964e-01
307	8.569596564567139e-02	8.709635899560805e-02
311	8.192790725778232e-02	8.317637711026708e-02
356	7.254577737737500e-02	7.413102413009177e-02
357	6.109446108532923e-02	6.165950018614822e-02
425	5.995961810620520e-02	6.025595860743578e-02
440	5.858650021787948e-02	5.888436553555890e-02
445	4.778068965742188e-02	4.786300923226382e-02
476	4.562421611249234e-02	4.570881896148749e-02
489	4.036978657533774e-02	4.073802778041128e-02
521	3.791187539138408e-02	3.801893963205612e-02
539	3.681905346009473e-02	3.715352290971726e-02
568	3.517548436568452e-02	3.548133892335755e-02
582	3.179013395796637e-02	3.235936569296283e-02
606	3.148542988094460e-02	3.162277660168379e-02
672	2.991574000222508e-02	3.019951720402016e-02
684	2.854656569430569e-02	2.884031503126606e-02
690	2.801705398809229e-02	2.818382931264454e-02
705	2.749614555105329e-02	2.754228703338166e-02
1181	2.678770861848556e-02	2.691534803926915e-02
1230	2.619349380474378e-02	2.630267991895381e-02
1256	1.933585068853017e-02	1.949844599758046e-02
1294	1.721333885280218e-02	1.737800828749375e-02
1374	1.689746241513801e-02	1.698243652461744e-02
1766	1.646081892000073e-02	1.659586907437561e-02
2268	1.594775749396038e-02	1.621810097358930e-02
2272	1.003666995143693e-02	1.023292992280754e-02
2342	9.822156283964767e-03	1.000000000000000e-02
2864	7.592957959216440e-03	7.762471166286920e-03
3008	6.127533251096162e-03	6.165950018614822e-03
3715	5.800401382880516e-03	5.888436553555890e-03
3730	5.630975125425319e-03	5.754399373371567e-03
3776	5.618431278684333e-03	5.623413251903491e-03
3975	4.853456600021122e-03	4.897788193684461e-03
5000	2.374497549887167e-03	2.398832919019490e-03
5165	2.280171535128828e-03	2.290867652767772e-03
7292	1.936336981449793e-03	1.949844599758046e-03
7551	1.900363339398026e-03	1.905460717963246e-03
7571	1.786577016232194e-03	1.819700858609983e-03
7572	1.715413599838511e-03	1.737800828749376e-03
9410	1.668430443893976e-03	1.698243652461744e-03
9850	1.659185556144971e-03	1.659586907437561e-03
10086	1.480750856582835e-03	1.513561248436209e-03
10446	1.478839890175943e-03	1.479108388168207e-03
11308	1.439354453449559e-03	1.445439770745928e-03
14766	1.384567597623176e-03	1.412537544622754e-03
14782	1.353193269024500e-03	1.380384264602885e-03
15233	1.314373979850458e-03	1.318256738556408e-03
16194	1.180659897221936e-03	1.202264434617413e-03
16266	1.166712334426334e-03	1.174897554939529e-03
16303	1.130777064821120e-03	1.148153621496883e-03
16374	1.105454444166321e-03	1.122018454301963e-03
16778	1.039725069611364e-03	1.047128548050900e-03
17503	8.900729635814564e-04	8.912509381337459e-04
19334	8.705242813756842e-04	8.709635899560805e-04
19632	8.498067541482524e-04	8.511380382023768e-04
20621	7.153687015409860e-04	7.244359600749898e-04
21137	5.700177534875284e-04	5.754399373371566e-04
21989	5.596631306972188e-04	5.623413251903491e-04
22679	5.473801173784265e-04	5.495408738576248e-04
23468	5.142095712519223e-04	5.248074602497728e-04
24672	5.125747419010285e-04	5.128613839913648e-04
24762	4.984913975453198e-04	5.011872336272725e-04
28824	4.877103276493822e-04	4.897788193684461e-04
36999	4.784121031554678e-04	4.786300923226385e-04
38426	4.641690648389263e-04	4.677351412871981e-04
39003	4.494790688288619e-04	4.570881896148752e-04
39899	4.070209046587170e-04	4.073802778041126e-04
40480	3.976054113505878e-04	3.981071705534974e-04
41330	3.890365109766591e-04	3.890451449942805e-04
43809	3.795309466250174e-04	3.801893963205612e-04
44583	3.714376456204205e-04	3.715352290971724e-04
45370	3.624254650006487e-04	3.630780547701014e-04
48815	3.509161187797982e-04	3.548133892335753e-04
52058	3.465613120464672e-04	3.467368504525317e-04
60934	3.380522774967254e-04	3.388441561392024e-04
62670	3.251336821356032e-04	3.311311214825911e-04
63429	3.235408900938985e-04	3.235936569296281e-04
65354	3.142257996550102e-04	3.162277660168379e-04
66305	3.078384480513785e-04	3.090295432513592e-04
69135	2.995120464892587e-04	3.019951720402016e-04
70218	2.871021624936132e-04	2.884031503126605e-04
72305	2.788514902644090e-04	2.818382931264455e-04
75378	2.748843683327840e-04	2.754228703338166e-04
78873	2.691434124764136e-04	2.691534803926917e-04
85177	2.602681217124259e-04	2.630267991895381e-04
87658	2.568369176323415e-04	2.570395782768865e-04
89341	2.511690249097365e-04	2.511886431509580e-04
94713	2.453804370003976e-04	2.454708915685031e-04
98181	2.387141854973684e-04	2.398832919019490e-04
100123	2.341658006383973e-04	2.344228815319923e-04
100962	2.236320936076508e-04	2.238721138568340e-04
109359	2.173809566552443e-04	2.187761623949552e-04
110994	2.097833367779023e-04	2.137962089502232e-04
111421	2.088867094055535e-04	2.089296130854039e-04
114246	1.890378893198985e-04	1.905460717963246e-04
118194	1.861959218414366e-04	1.862087136662868e-04
120001	1.854341811872162e-04	1.862087136662868e-04
%
% index = 243, name = bbob_f002_i09_d02__bbob_f017_i10_d02
% instance = 4, reference value = 7.667677683548890e-01
% function evaluation | indicator value | target hit
1	2.611272790465389e+00	2.630267991895382e+00
12	2.085287911407389e+00	2.089296130854040e+00
72	1.982488013800167e+00	1.995262314968880e+00
93	1.934860988384200e+00	1.949844599758045e+00
111	1.612722566983161e+00	1.621810097358930e+00
168	1.234881402410389e+00	1.258925411794167e+00
172	2.767671988458151e-01	2.818382931264454e-01
180	2.277830736978820e-01	2.290867652767773e-01
248	2.064075136433190e-01	2.089296130854039e-01
296	2.011156933565886e-01	2.041737944669530e-01
326	1.941531552372259e-01	1.949844599758045e-01
331	1.884833083558780e-01	1.905460717963247e-01
408	1.756947020741532e-01	1.778279410038923e-01
742	1.401640184358915e-01	1.412537544622754e-01
753	1.300196070360439e-01	1.318256738556407e-01
754	1.282068072349274e-01	1.288249551693134e-01
769	8.458627213673742e-02	8.511380382023763e-02
776	7.971737520141897e-02	8.128305161640990e-02
836	6.487200087209799e-02	6.606934480075961e-02
848	5.811620011902996e-02	5.888436553555890e-02
863	5.643265257911434e-02	5.754399373371569e-02
879	5.609459627197222e-02	5.623413251903491e-02
995	5.189646746082799e-02	5.248074602497726e-02
1014	4.972801564395701e-02	5.011872336272722e-02
1047	4.890258377448864e-02	4.897788193684462e-02
1192	4.740684779411675e-02	4.786300923226382e-02
1422	3.010715308804979e-02	3.019951720402016e-02
1582	2.908849262480906e-02	2.951209226666385e-02
1589	2.735203970724576e-02	2.754228703338166e-02
1719	2.668081212969409e-02	2.691534803926915e-02
1791	2.627319315338739e-02	2.630267991895381e-02
1817	2.480247789604351e-02	2.511886431509579e-02
1901	2.400730265951212e-02	2.454708915685030e-02
1930	2.391202357092648e-02	2.398832919019490e-02
1990	2.288653238534821e-02	2.290867652767773e-02
2240	2.238610167952348e-02	2.238721138568340e-02
2723	1.998296211633588e-02	2.041737944669529e-02
2793	1.994349444685606e-02	1.995262314968880e-02
3493	1.943072227811260e-02	1.949844599758046e-02
4122	1.849980102038784e-02	1.862087136662868e-02
4154	1.774847140019542e-02	1.778279410038923e-02
4168	1.698451960736802e-02	1.737800828749375e-02
4176	1.697148343619159e-02	1.698243652461744e-02
4182	1.644395536007137e-02	1.659586907437561e-02
4307	1.612010385601303e-02	1.621810097358930e-02
5207	1.559996163680344e-02	1.584893192461113e-02
6598	1.383580224943604e-02	1.412537544622754e-02
6613	1.375349976564166e-02	1.380384264602885e-02
6777	1.217900579417919e-02	1.230268770812382e-02
8867	1.200490321190795e-02	1.202264434617413e-02
11493	1.169694107847064e-02	1.174897554939530e-02
13009	1.147976449015720e-02	1.148153621496883e-02
14326	1.012941432240322e-02	1.023292992280754e-02
17358	9.963931492291800e-03	1.000000000000000e-02
17709	5.812408741856623e-03	5.888436553555890e-03
18386	5.579935208390840e-03	5.623413251903491e-03
18643	4.726520181713600e-03	4.786300923226385e-03
18795	4.594504093682672e-03	4.677351412871981e-03
19488	4.545325559732971e-03	4.570881896148752e-03
19748	4.382053355372340e-03	4.466835921509630e-03
20100	4.363034978239755e-03	4.365158322401661e-03
20156	4.236409842600097e-03	4.265795188015926e-03
21327	4.101893534457335e-03	4.168693834703355e-03
21338	4.054861509402041e-03	4.073802778041126e-03
23187	3.849850482943951e-03	3.890451449942805e-03
23324	3.757368671823080e-03	3.801893963205613e-03
23504	3.390994348187903e-03	3.467368504525317e-03
24840	3.386283337981966e-03	3.388441561392024e-03
25913	3.101133923013255e-03	3.162277660168379e-03
26591	3.013945644418481e-03	3.019951720402016e-03
30345	2.902865776904351e-03	2.951209226666387e-03
32173	2.846077964398397e-03	2.884031503126605e-03
35763	2.817330617573610e-03	2.818382931264455e-03
42009	2.448709040968278e-03	2.454708915685031e-03
42182	2.266316548939717e-03	2.290867652767772e-03
42626	2.180876979242852e-03	2.187761623949552e-03
43037	2.123112818202877e-03	2.137962089502233e-03
44231	2.071676293959435e-03	2.089296130854039e-03
45280	2.005051747059117e-03	2.041737944669530e-03
45298	1.981188146979673e-03	1.995262314968879e-03
46295	1.949273662011697e-03	1.949844599758046e-03
47796	1.878339873799928e-03	1.905460717963246e-03
47949	1.843973275754363e-03	1.862087136662868e-03
49155	1.816036096893070e-03	1.819700858609983e-03
55739	1.750247216763867e-03	1.778279410038923e-03
64027	1.696348456987296e-03	1.698243652461744e-03
64293	1.659218890548986e-03	1.659586907437561e-03
65485	1.614873594187771e-03	1.621810097358930e-03
67764	1.581190168407409e-03	1.584893192461114e-03
71657	1.548782773875379e-03	1.548816618912481e-03
79822	1.513559919906871e-03	1.513561248436209e-03
89317	1.479106919636264e-03	1.479108388168207e-03
92033	1.444740315182824e-03	1.445439770745928e-03
97564	1.411614326277011e-03	1.412537544622754e-03
112822	1.378866423802916e-03	1.380384264602885e-03
114832	1.347924871522910e-03	1.348962882591653e-03
120000	1.338723730013203e-03	1.348962882591653e-03
%
% index = 244, name = bbob_f002_i11_d02__bbob_f017_i12_d02
% instance = 5, reference value = 9.406868792063779e-01
% function evaluation | indicator value | target hit
1	5.907884195364991e+01	6.025595860743578e+01
18	5.854948151180116e+01	5.888436553555890e+01
33	2.260285037704370e+00	2.290867652767773e+00
107	2.213041038198878e+00	2.238721138568339e+00
124	2.010181722149380e+00	2.041737944669529e+00
145	1.326240437761378e+00	1.348962882591654e+00
213	9.442850373848780e-01	9.549925860214360e-01
227	8.962312090360839e-01	9.120108393559098e-01
235	7.264207603949424e-01	7.413102413009175e-01
251	6.630262064768534e-01	6.760829753919817e-01
275	5.751291159971622e-01	5.754399373371569e-01
285	4.818477343876045e-01	4.897788193684462e-01
295	4.775495690366339e-01	4.786300923226383e-01
321	3.403374438597664e-01	3.467368504525316e-01
330	2.180476368896502e-01	2.187761623949552e-01
336	2.021509961990986e-01	2.041737944669530e-01
369	1.990686454009648e-01	1.995262314968880e-01
381	1.898214696271981e-01	1.905460717963247e-01
429	1.485026219552893e-01	1.513561248436208e-01
498	1.409791969481005e-01	1.412537544622754e-01
500	1.262736481638167e-01	1.288249551693134e-01
506	1.100492167991419e-01	1.122018454301964e-01
510	1.090130485184538e-01	1.096478196143185e-01
541	1.067219175696039e-01	1.071519305237607e-01
545	6.785695952648274e-02	6.918309709189366e-02
564	6.485187818035254e-02	6.606934480075961e-02
571	6.281604221093795e-02	6.309573444801933e-02
580	6.092012363814348e-02	6.165950018614822e-02
637	5.621737129617144e-02	5.623413251903491e-02
671	5.424937184907741e-02	5.495408738576246e-02
703	5.051257596465353e-02	5.128613839913648e-02
708	3.875895242163563e-02	3.890451449942807e-02
762	3.668129087672878e-02	3.715352290971726e-02
764	3.583240079581029e-02	3.630780547701014e-02
784	3.468735063392592e-02	3.548133892335755e-02
788	3.463070513654820e-02	3.467368504525317e-02
818	2.768726728785087e-02	2.818382931264454e-02
829	2.731749035301845e-02	2.754228703338166e-02
832	2.116795147604922e-02	2.137962089502233e-02
842	1.898386812889541e-02	1.905460717963247e-02
892	1.779426590474387e-02	1.819700858609984e-02
899	1.760369307602627e-02	1.778279410038923e-02
940	1.727387043298401e-02	1.737800828749375e-02
1006	1.138993664483601e-02	1.148153621496883e-02
1052	8.950615140069562e-03	9.120108393559097e-03
1070	7.761669275995975e-03	7.762471166286920e-03
1150	7.492748471924049e-03	7.585775750291836e-03
1337	7.407677901806853e-03	7.413102413009177e-03
1439	6.002396000145738e-03	6.025595860743574e-03
1544	5.211453478100925e-03	5.248074602497728e-03
1547	4.972499814902442e-03	5.011872336272725e-03
1554	3.790276287610861e-03	3.801893963205613e-03
1564	3.674703995034778e-03	3.715352290971724e-03
1574	3.288795260325661e-03	3.311311214825911e-03
1605	3.062706883705024e-03	3.090295432513592e-03
1614	2.881404468496385e-03	2.884031503126605e-03
1675	2.265119065307131e-03	2.290867652767772e-03
1676	2.224208509713610e-03	2.238721138568340e-03
1700	2.039315673211362e-03	2.041737944669530e-03
2026	1.987317083395723e-03	1.995262314968879e-03
2088	1.849617499639744e-03	1.862087136662868e-03
2398	1.707809490330670e-03	1.737800828749376e-03
2425	1.665746882449026e-03	1.698243652461744e-03
2428	1.627313845208644e-03	1.659586907437561e-03
2474	1.621660477913900e-03	1.621810097358930e-03
2492	1.554755657314333e-03	1.584893192461114e-03
2515	1.538519783402581e-03	1.548816618912481e-03
2542	1.510854246666193e-03	1.513561248436209e-03
3097	1.478273407825581e-03	1.479108388168207e-03
3110	1.389583401317784e-03	1.412537544622754e-03
3156	1.378720551771240e-03	1.380384264602885e-03
3342	1.326602988057313e-03	1.348962882591653e-03
3356	1.316869325262204e-03	1.318256738556408e-03
3978	1.286893908089337e-03	1.288249551693134e-03
4019	1.250795146265693e-03	1.258925411794167e-03
4128	1.128201300075626e-03	1.148153621496883e-03
4191	1.113405770238884e-03	1.122018454301963e-03
4335	1.092092150150048e-03	1.096478196143185e-03
4449	1.068751326690154e-03	1.071519305237606e-03
4734	1.045266476826234e-03	1.047128548050900e-03
6001	1.023205305869856e-03	1.023292992280754e-03
6018	8.590674429425071e-04	8.709635899560805e-04
6037	8.470348011825335e-04	8.511380382023768e-04
6162	6.491016916112535e-04	6.606934480075957e-04
6281	6.455287253624986e-04	6.456542290346556e-04
6647	6.297078237629261e-04	6.309573444801930e-04
7637	5.921118712813866e-04	6.025595860743575e-04
7946	5.881845540967046e-04	5.888436553555889e-04
8176	5.668652286675568e-04	5.754399373371566e-04
8746	5.617187618309760e-04	5.623413251903491e-04
9121	5.469568239000466e-04	5.495408738576248e-04
10634	4.826685560338495e-04	4.897788193684461e-04
12288	4.744763517428030e-04	4.786300923226385e-04
12780	4.381457738786843e-04	4.466835921509630e-04
13005	4.354544826457030e-04	4.365158322401661e-04
13111	3.546608323319322e-04	3.548133892335753e-04
13142	3.423025229881693e-04	3.467368504525317e-04
13236	3.239641009615823e-04	3.311311214825911e-04
13329	3.235795773639527e-04	3.235936569296281e-04
14019	3.138830808230297e-04	3.162277660168379e-04
14805	3.087568217081671e-04	3.090295432513592e-04
14843	2.960441822613680e-04	3.019951720402016e-04
15401	2.638481675055759e-04	2.691534803926917e-04
15773	2.517065651330697e-04	2.570395782768865e-04
15786	2.493124722443563e-04	2.511886431509580e-04
15932	2.376903981157197e-04	2.398832919019490e-04
16714	2.341712793151318e-04	2.344228815319923e-04
17258	2.275966144201780e-04	2.290867652767772e-04
18142	2.221514890891063e-04	2.238721138568340e-04
18286	2.181888025916123e-04	2.187761623949552e-04
19462	2.136770767108276e-04	2.137962089502232e-04
22137	2.088299542941652e-04	2.089296130854039e-04
22910	2.034777410937494e-04	2.041737944669530e-04
24414	1.970585159417615e-04	1.995262314968879e-04
24978	1.948583367652468e-04	1.949844599758046e-04
26665	1.881665673973965e-04	1.905460717963246e-04
27247	1.861787356467470e-04	1.862087136662868e-04
27487	1.787773836573470e-04	1.819700858609983e-04
27509	1.776276290890166e-04	1.778279410038923e-04
28294	1.737608516810818e-04	1.737800828749376e-04
28354	1.689843142391734e-04	1.698243652461744e-04
28574	1.567173954939438e-04	1.584893192461114e-04
28898	1.534788398088738e-04	1.548816618912481e-04
29168	1.500096291997544e-04	1.513561248436209e-04
29445	1.469053213334348e-04	1.479108388168207e-04
30196	1.406321248246245e-04	1.412537544622754e-04
32791	1.379903585014830e-04	1.380384264602885e-04
33453	1.335138241546074e-04	1.348962882591653e-04
33893	1.316396359964944e-04	1.318256738556407e-04
34498	1.285639502500713e-04	1.288249551693134e-04
36530	1.258523731626493e-04	1.258925411794167e-04
39070	1.217351615618867e-04	1.230268770812381e-04
39837	1.201524297115286e-04	1.202264434617413e-04
43190	1.173442451605222e-04	1.174897554939529e-04
45635	1.138592996242638e-04	1.148153621496883e-04
46035	1.118332347874729e-04	1.122018454301963e-04
46410	1.095163988220627e-04	1.096478196143185e-04
47129	1.066883597385937e-04	1.071519305237606e-04
47973	1.046451639156176e-04	1.047128548050900e-04
48339	1.023278692336982e-04	1.023292992280754e-04
49730	9.956054433746253e-05	1.000000000000000e-04
50032	9.767461216791951e-05	9.772372209558111e-05
51387	9.546318413855559e-05	9.549925860214369e-05
52854	9.330694046261190e-05	9.332543007969905e-05
58204	9.110249679822324e-05	9.120108393559096e-05
58815	8.890380571580092e-05	8.912509381337459e-05
61496	8.558262589919430e-05	8.709635899560814e-05
61532	8.507551848391248e-05	8.511380382023759e-05
61959	7.980466574086797e-05	8.128305161640995e-05
62147	7.924527003522197e-05	7.943282347242822e-05
62512	7.761360507585469e-05	7.762471166286911e-05
63353	7.581512045540251e-05	7.585775750291836e-05
64904	7.407894955602234e-05	7.413102413009176e-05
66642	7.181574960002379e-05	7.244359600749906e-05
67811	7.047420724271003e-05	7.079457843841373e-05
68867	6.902613923409628e-05	6.918309709189363e-05
69415	6.757085797748363e-05	6.760829753919819e-05
73899	6.598757881071116e-05	6.606934480075965e-05
79717	6.149459980142602e-05	6.165950018614822e-05
80849	6.001756739582031e-05	6.025595860743581e-05
81975	5.868468402181470e-05	5.888436553555884e-05
83968	5.589638309244638e-05	5.623413251903491e-05
85439	5.486362347828511e-05	5.495408738576248e-05
86218	5.334726656225364e-05	5.370317963702532e-05
88861	5.244577198826317e-05	5.248074602497723e-05
94575	5.087444683127273e-05	5.128613839913648e-05
95580	5.008294497799159e-05	5.011872336272725e-05
96719	4.887424751720548e-05	4.897788193684466e-05
97196	4.744902023667841e-05	4.786300923226380e-05
98298	4.643043153240711e-05	4.677351412871981e-05
99298	4.566608132605676e-05	4.570881896148752e-05
103764	4.369774091783629e-05	4.466835921509635e-05
103777	4.334136420991452e-05	4.365158322401657e-05
103896	3.933673836908902e-05	3.981071705534969e-05
104992	3.886828540478060e-05	3.890451449942805e-05
105866	3.787032929236656e-05	3.801893963205612e-05
106189	3.694315043212271e-05	3.715352290971728e-05
106720	3.568045471291637e-05	3.630780547701010e-05
106852	3.538669755831503e-05	3.548133892335753e-05
109150	3.436014362623308e-05	3.467368504525317e-05
112276	3.339332583285337e-05	3.388441561392028e-05
112941	3.310776496956436e-05	3.311311214825908e-05
114659	3.234324066414551e-05	3.235936569296281e-05
115926	3.135267407294862e-05	3.162277660168380e-05
119178	2.997323913089822e-05	3.019951720402019e-05
119371	2.951187657407317e-05	2.951209226666384e-05
120000	2.917087502130045e-05	2.951209226666384e-05
%
% index = 245, name = bbob_f002_i13_d02__bbob_f017_i14_d02
% instance = 6, reference value = 9.877213461839890e-01
% function evaluation | indicator value | target hit
1	5.292156549275805e-01	5.370317963702527e-01
5	4.657206386863049e-01	4.677351412871982e-01
15	4.552879319988380e-01	4.570881896148750e-01
17	2.300739453281543e-01	2.344228815319922e-01
24	2.218399557294997e-01	2.238721138568339e-01
29	1.856236637366012e-01	1.862087136662867e-01
34	1.421192642654892e-01	1.445439770745928e-01
72	1.389625666961982e-01	1.412537544622754e-01
95	1.353628443886518e-01	1.380384264602885e-01
98	1.255214673085864e-01	1.258925411794167e-01
116	1.497694094679369e-02	1.513561248436208e-02
147	1.263730973690291e-02	1.288249551693134e-02
155	9.365824202185125e-03	9.549925860214359e-03
194	7.941564788625066e-03	7.943282347242814e-03
200	7.082348871403576e-03	7.244359600749898e-03
223	6.219672608911320e-03	6.309573444801930e-03
263	5.888090833176429e-03	5.888436553555890e-03
331	5.731613284422843e-03	5.754399373371567e-03
502	5.440063242297399e-03	5.495408738576248e-03
518	4.535010881557278e-03	4.570881896148752e-03
522	4.464940900109626e-03	4.466835921509630e-03
662	3.897899250030923e-03	3.981071705534973e-03
702	3.830585087094662e-03	3.890451449942805e-03
768	3.769182439509189e-03	3.801893963205613e-03
799	3.671509028060571e-03	3.715352290971724e-03
848	3.617632982339192e-03	3.630780547701014e-03
858	3.210187593945646e-03	3.235936569296281e-03
883	2.624030328875482e-03	2.630267991895381e-03
893	2.385261766934876e-03	2.398832919019490e-03
1189	2.343630258013540e-03	2.344228815319923e-03
1287	2.283657292675878e-03	2.290867652767772e-03
1313	1.981417250554673e-03	1.995262314968879e-03
1343	1.800501305492919e-03	1.819700858609983e-03
1438	1.752210436574031e-03	1.778279410038923e-03
1461	1.681051002252576e-03	1.698243652461744e-03
1532	1.565405502063966e-03	1.584893192461114e-03
1783	1.501068915321202e-03	1.513561248436209e-03
2263	1.478835642136023e-03	1.479108388168207e-03
5671	1.444668948545114e-03	1.445439770745928e-03
7291	1.343545223544407e-03	1.348962882591653e-03
13781	1.049162643634083e-03	1.071519305237606e-03
18683	1.046553128905892e-03	1.047128548050900e-03
19219	8.986599811026119e-04	9.120108393559096e-04
29094	8.898421778109622e-04	8.912509381337459e-04
50520	8.255925862165059e-04	8.317637711026709e-04
55418	7.463944111288923e-04	7.585775750291835e-04
67506	7.411193677709926e-04	7.413102413009177e-04
107528	7.240129406380635e-04	7.244359600749898e-04
120001	7.214351601950719e-04	7.244359600749898e-04
%
% index = 246, name = bbob_f002_i15_d02__bbob_f017_i16_d02
% instance = 7, reference value = 9.964889993707680e-01
% function evaluation | indicator value | target hit
1	4.111957548895048e+01	4.168693834703355e+01
2	3.974913407424160e+01	3.981071705534973e+01
23	3.430781303962677e+01	3.467368504525317e+01
30	1.685855129194768e+00	1.698243652461744e+00
57	6.914780852100737e-01	6.918309709189365e-01
83	2.721954692529743e-01	2.754228703338166e-01
113	2.031939921413615e-01	2.041737944669530e-01
126	1.602222006097392e-01	1.621810097358930e-01
154	1.547091299123127e-01	1.548816618912481e-01
160	1.210949984162251e-01	1.230268770812381e-01
176	9.475311305024170e-02	9.549925860214359e-02
263	7.483140281068823e-02	7.585775750291836e-02
299	7.357651155495515e-02	7.413102413009177e-02
325	4.926332543182754e-02	5.011872336272722e-02
331	4.637243273280378e-02	4.677351412871981e-02
376	4.255470618014390e-02	4.265795188015926e-02
383	4.167518892072386e-02	4.168693834703355e-02
405	3.908369401793699e-02	3.981071705534973e-02
425	3.114181003747629e-02	3.162277660168379e-02
437	2.759771959339652e-02	2.818382931264454e-02
459	2.553255807676813e-02	2.570395782768863e-02
460	2.211793205942869e-02	2.238721138568340e-02
483	2.089297653832489e-02	2.137962089502233e-02
486	2.023797322504362e-02	2.041737944669529e-02
506	1.768192862028817e-02	1.778279410038923e-02
533	1.732009911522969e-02	1.737800828749375e-02
536	1.524500604128576e-02	1.548816618912481e-02
553	1.414182780385098e-02	1.445439770745927e-02
554	1.408231933800141e-02	1.412537544622754e-02
564	1.307788449945946e-02	1.318256738556407e-02
589	9.940575514813754e-03	1.000000000000000e-02
606	8.593581465255573e-03	8.709635899560805e-03
611	6.392922394663936e-03	6.456542290346556e-03
625	6.207902492418205e-03	6.309573444801930e-03
631	5.919665345418434e-03	6.025595860743574e-03
636	3.986443164738729e-03	4.073802778041126e-03
640	3.946393785596802e-03	3.981071705534973e-03
681	3.678065556428023e-03	3.715352290971724e-03
683	3.297778623894798e-03	3.311311214825911e-03
686	2.947971863864307e-03	2.951209226666387e-03
729	2.668731192501994e-03	2.691534803926917e-03
833	2.143648342654569e-03	2.187761623949552e-03
865	2.129957711219155e-03	2.137962089502233e-03
888	1.948262119785271e-03	1.949844599758046e-03
980	1.889325683611665e-03	1.905460717963246e-03
1014	1.836444969135043e-03	1.862087136662868e-03
1075	1.783115270828417e-03	1.819700858609983e-03
1584	1.777824198777478e-03	1.778279410038923e-03
38600	1.736982115703833e-03	1.737800828749376e-03
120000	1.735159985645773e-03	1.737800828749376e-03
%
% index = 247, name = bbob_f002_i17_d02__bbob_f017_i18_d02
% instance = 8, reference value = 8.898908475453460e-01
% function evaluation | indicator value | target hit
1	4.209110284374029e+00	4.265795188015927e+00
4	3.152775902267346e+00	3.162277660168380e+00
36	8.888170005560300e-01	8.912509381337456e-01
63	3.531606311999625e-01	3.548133892335755e-01
197	3.268997409815330e-01	3.311311214825911e-01
245	3.115354360860512e-01	3.162277660168379e-01
256	2.821546390031306e-01	2.884031503126606e-01
257	2.339741255197204e-01	2.344228815319922e-01
258	2.122268141456144e-01	2.137962089502232e-01
294	2.043918148671666e-01	2.089296130854039e-01
331	1.819443078628704e-01	1.819700858609984e-01
399	1.673155266891634e-01	1.698243652461744e-01
407	1.547852706283319e-01	1.548816618912481e-01
413	1.386525240376599e-01	1.412537544622754e-01
414	1.377281670304349e-01	1.380384264602885e-01
451	1.296812208904783e-01	1.318256738556407e-01
453	8.936139527550591e-02	9.120108393559097e-02
470	8.875019384321559e-02	8.912509381337455e-02
490	8.294253691411124e-02	8.317637711026708e-02
713	7.655793709730752e-02	7.762471166286916e-02
723	7.583322852875840e-02	7.585775750291836e-02
757	7.288337735081729e-02	7.413102413009177e-02
850	7.178412591509109e-02	7.244359600749903e-02
908	7.059989337557304e-02	7.079457843841380e-02
990	6.877943834153111e-02	6.918309709189366e-02
1086	6.403674422288763e-02	6.456542290346556e-02
1419	6.223042268668300e-02	6.309573444801933e-02
1443	6.141084807901898e-02	6.165950018614822e-02
2055	6.022240442538551e-02	6.025595860743578e-02
19312	4.583696989720520e-02	4.677351412871981e-02
22572	4.569124713825168e-02	4.570881896148749e-02
33904	3.364341566538809e-02	3.388441561392026e-02
37563	3.256610320320863e-02	3.311311214825911e-02
58600	3.233340915854133e-02	3.235936569296283e-02
72838	1.615909400756710e-02	1.621810097358930e-02
106148	1.568610944887505e-02	1.584893192461113e-02
122491	1.562595462464011e-02	1.584893192461113e-02
%
% index = 248, name = bbob_f002_i19_d02__bbob_f017_i21_d02
% instance = 9, reference value = 9.390385161345870e-01
% function evaluation | indicator value | target hit
1	7.980606533534194e-01	8.128305161640993e-01
5	6.104705659242380e-01	6.165950018614822e-01
7	3.700779580863408e-01	3.715352290971726e-01
11	3.362822076560540e-01	3.388441561392025e-01
31	2.958085322377059e-01	3.019951720402016e-01
34	2.741325630807613e-01	2.754228703338166e-01
38	2.570820459716504e-01	2.630267991895382e-01
64	1.993525403276750e-01	1.995262314968880e-01
69	1.916936023646000e-01	1.949844599758045e-01
80	1.878154867922801e-01	1.905460717963247e-01
82	1.255364084411428e-01	1.258925411794167e-01
87	1.140911733043014e-01	1.148153621496883e-01
110	6.255190195221660e-02	6.309573444801933e-02
148	4.640686871994137e-02	4.677351412871981e-02
169	4.477423102779277e-02	4.570881896148749e-02
170	4.296064913013098e-02	4.365158322401658e-02
179	4.051348268656629e-02	4.073802778041128e-02
216	3.757808773955729e-02	3.801893963205612e-02
298	2.967187363472013e-02	3.019951720402016e-02
302	2.916231136876835e-02	2.951209226666385e-02
331	2.434003442305721e-02	2.454708915685030e-02
378	2.247619691628855e-02	2.290867652767773e-02
388	2.201917666829623e-02	2.238721138568340e-02
405	2.171274197780959e-02	2.187761623949553e-02
518	2.101658719410671e-02	2.137962089502233e-02
524	1.933489823055090e-02	1.949844599758046e-02
528	1.900120691019791e-02	1.905460717963247e-02
581	1.862066623677239e-02	1.862087136662868e-02
616	1.807515435887230e-02	1.819700858609984e-02
620	1.714523278884394e-02	1.737800828749375e-02
623	1.588571068550815e-02	1.621810097358930e-02
624	1.583810121740836e-02	1.584893192461113e-02
629	1.548808830159532e-02	1.548816618912481e-02
639	1.434589349636373e-02	1.445439770745927e-02
665	1.202155491902734e-02	1.202264434617413e-02
709	1.165908119075509e-02	1.174897554939530e-02
710	1.015944347177455e-02	1.023292992280754e-02
739	8.827692795463804e-03	8.912509381337459e-03
747	8.536757994012101e-03	8.709635899560805e-03
754	8.409630622249198e-03	8.511380382023767e-03
812	8.309894495116654e-03	8.317637711026709e-03
815	8.108076207898218e-03	8.128305161640995e-03
951	7.934528429059950e-03	7.943282347242814e-03
995	7.754974564529449e-03	7.762471166286920e-03
1196	7.568846305696986e-03	7.585775750291836e-03
1223	2.725536356126823e-03	2.754228703338166e-03
1304	2.629129205764413e-03	2.630267991895381e-03
1325	2.525601441518033e-03	2.570395782768865e-03
1335	2.499982462354833e-03	2.511886431509579e-03
1358	2.031232901007374e-03	2.041737944669530e-03
1460	1.919255138786324e-03	1.949844599758046e-03
1495	1.884811851517676e-03	1.905460717963246e-03
1599	1.844050362284744e-03	1.862087136662868e-03
1784	1.804060083787085e-03	1.819700858609983e-03
1889	1.772045732222227e-03	1.778279410038923e-03
1992	1.695633184400136e-03	1.698243652461744e-03
2125	1.656439360184891e-03	1.659586907437561e-03
2632	1.613683068830474e-03	1.621810097358930e-03
2764	1.581034413650650e-03	1.584893192461114e-03
3314	1.543538089466834e-03	1.548816618912481e-03
3334	1.436401641151441e-03	1.445439770745928e-03
3390	1.388656080905659e-03	1.412537544622754e-03
3409	1.376925904566284e-03	1.380384264602885e-03
3424	1.220191680159965e-03	1.230268770812381e-03
3536	1.188789068050089e-03	1.202264434617413e-03
3651	1.174872494952850e-03	1.174897554939529e-03
3683	1.126009113614490e-03	1.148153621496883e-03
3684	1.081049137075407e-03	1.096478196143185e-03
4450	1.035259119832488e-03	1.047128548050900e-03
4677	1.019884686676242e-03	1.023292992280754e-03
4734	9.999595576211107e-04	1.000000000000000e-03
6298	9.427251644400503e-04	9.549925860214359e-04
7755	9.320671610656417e-04	9.332543007969915e-04
7951	9.094610895945543e-04	9.120108393559096e-04
8159	8.700304097727374e-04	8.709635899560805e-04
10571	8.269956120475763e-04	8.317637711026709e-04
10572	8.035300461612938e-04	8.128305161640995e-04
10980	7.715103593108896e-04	7.762471166286919e-04
11638	6.090933153262146e-04	6.165950018614823e-04
12016	5.903872307254643e-04	6.025595860743575e-04
12075	5.868916656663892e-04	5.888436553555889e-04
12487	5.750743449508544e-04	5.754399373371566e-04
14912	5.577598247993309e-04	5.623413251903491e-04
15265	5.491885895915205e-04	5.495408738576248e-04
16825	5.331861577378971e-04	5.370317963702527e-04
17752	5.035166325333407e-04	5.128613839913648e-04
18814	5.006935438101046e-04	5.011872336272725e-04
18979	4.884214714623303e-04	4.897788193684461e-04
22632	4.591748295812437e-04	4.677351412871981e-04
22815	4.546070545372594e-04	4.570881896148752e-04
23396	4.280934194669239e-04	4.365158322401661e-04
23466	3.677319747247276e-04	3.715352290971724e-04
23781	3.626690874110050e-04	3.630780547701014e-04
23928	3.269690144693804e-04	3.311311214825911e-04
24351	3.189856020248127e-04	3.235936569296281e-04
24423	3.130936498609849e-04	3.162277660168379e-04
24631	3.080983814061078e-04	3.090295432513592e-04
24891	3.006332220230057e-04	3.019951720402016e-04
24893	2.937916992239442e-04	2.951209226666387e-04
26125	2.859406160431455e-04	2.884031503126605e-04
26385	2.724324786164134e-04	2.754228703338166e-04
26547	2.684636010651387e-04	2.691534803926917e-04
28672	2.609991870852202e-04	2.630267991895381e-04
29404	2.536943327975383e-04	2.570395782768865e-04
35001	2.505888006939516e-04	2.511886431509580e-04
35064	2.425378597878947e-04	2.454708915685031e-04
35473	2.396310559378279e-04	2.398832919019490e-04
36828	2.333906720286549e-04	2.344228815319923e-04
36967	2.277669459436193e-04	2.290867652767772e-04
38262	1.903366158590991e-04	1.905460717963246e-04
39658	1.842183852753809e-04	1.862087136662868e-04
39696	1.807002018017201e-04	1.819700858609983e-04
39793	1.737809452501127e-04	1.778279410038923e-04
39817	1.734144280867156e-04	1.737800828749376e-04
39876	1.688712474370302e-04	1.698243652461744e-04
42757	1.606714432464962e-04	1.621810097358930e-04
43706	1.470638174231320e-04	1.479108388168207e-04
46922	1.445171721894400e-04	1.445439770745928e-04
52636	1.411406748317301e-04	1.412537544622754e-04
60045	1.348009375120585e-04	1.348962882591653e-04
62074	1.281672229108688e-04	1.288249551693134e-04
63597	1.234379268956198e-04	1.258925411794167e-04
63653	1.187969652882703e-04	1.202264434617413e-04
63785	1.142066773016648e-04	1.148153621496883e-04
64798	1.103091501102327e-04	1.122018454301963e-04
64980	1.089790566545235e-04	1.096478196143185e-04
66467	1.061963241099084e-04	1.071519305237606e-04
67912	1.041439935588473e-04	1.047128548050900e-04
69776	9.930288795545472e-05	1.000000000000000e-04
71308	9.696128549385730e-05	9.772372209558111e-05
73371	9.487892207660220e-05	9.549925860214369e-05
75423	9.082863200937652e-05	9.120108393559096e-05
75731	8.868805411799130e-05	8.912509381337459e-05
76952	8.654817076880761e-05	8.709635899560814e-05
78546	8.430166932316130e-05	8.511380382023759e-05
85450	8.294675545061914e-05	8.317637711026709e-05
86458	8.122821516221013e-05	8.128305161640995e-05
87060	7.760877859830373e-05	7.762471166286911e-05
87295	7.543835281220712e-05	7.585775750291836e-05
87916	7.224152418272567e-05	7.244359600749906e-05
90174	7.077562172941310e-05	7.079457843841373e-05
90546	6.820602921475682e-05	6.918309709189363e-05
91444	6.745373301264568e-05	6.760829753919819e-05
93588	6.532379671864152e-05	6.606934480075965e-05
95269	6.398371911608969e-05	6.456542290346549e-05
97267	6.173726866220974e-05	6.309573444801929e-05
97549	6.159906281966165e-05	6.165950018614822e-05
100099	6.004187780905834e-05	6.025595860743581e-05
102224	5.858410193593233e-05	5.888436553555884e-05
104589	5.692692911707375e-05	5.754399373371566e-05
111893	5.565939628693339e-05	5.623413251903491e-05
112990	5.492634195847224e-05	5.495408738576248e-05
116513	5.357599548150294e-05	5.370317963702532e-05
117317	5.244484238298153e-05	5.248074602497723e-05
120000	5.170500842566206e-05	5.248074602497723e-05
%
% index = 249, name = bbob_f002_i21_d02__bbob_f017_i22_d02
% instance = 10, reference value = 9.984565965948620e-01
% function evaluation | indicator value | target hit
1	1.360860269586943e+02	1.380384264602885e+02
6	6.173180531209786e+01	6.309573444801933e+01
12	1.822344461174236e+01	1.862087136662868e+01
41	1.793415382830536e+01	1.819700858609983e+01
61	1.934818748345862e+00	1.949844599758045e+00
101	7.996773198441547e-01	8.128305161640993e-01
120	7.108779230598097e-01	7.244359600749900e-01
187	6.392679148050313e-01	6.456542290346555e-01
199	4.198476480982556e-01	4.265795188015927e-01
204	3.553962268277464e-01	3.630780547701014e-01
206	6.317365240288009e-02	6.456542290346556e-02
208	4.853279747388761e-02	4.897788193684462e-02
246	4.751905166236581e-02	4.786300923226382e-02
250	4.005077827059877e-02	4.073802778041128e-02
286	3.832396440552921e-02	3.890451449942807e-02
323	3.565940135164036e-02	3.630780547701014e-02
334	2.507206365997383e-02	2.511886431509579e-02
372	2.428151580523308e-02	2.454708915685030e-02
402	2.293623974803660e-02	2.344228815319923e-02
416	2.270842192136202e-02	2.290867652767773e-02
417	1.947664788296377e-02	1.949844599758046e-02
426	1.518069643559339e-02	1.548816618912481e-02
434	1.380804661201607e-02	1.412537544622754e-02
484	1.365080506800642e-02	1.380384264602885e-02
515	3.967683295356683e-03	3.981071705534973e-03
544	3.694172192545420e-03	3.715352290971724e-03
555	3.561907224571059e-03	3.630780547701014e-03
580	3.530064926927201e-03	3.548133892335753e-03
634	3.128177561197987e-03	3.162277660168379e-03
666	3.044521930285815e-03	3.090295432513592e-03
684	2.978575825108742e-03	3.019951720402016e-03
690	2.842404944383703e-03	2.884031503126605e-03
703	2.644857465230244e-03	2.691534803926917e-03
733	2.587057275753368e-03	2.630267991895381e-03
757	2.569474047459108e-03	2.570395782768865e-03
816	2.503918379851866e-03	2.511886431509579e-03
833	2.032262327439582e-03	2.041737944669530e-03
841	1.959784460590530e-03	1.995262314968879e-03
872	1.945834567912863e-03	1.949844599758046e-03
903	1.818572573830890e-03	1.819700858609983e-03
986	1.736654851769437e-03	1.737800828749376e-03
1225	1.653624783269469e-03	1.659586907437561e-03
1412	1.610182733199239e-03	1.621810097358930e-03
2025	1.561209928874097e-03	1.584893192461114e-03
2510	1.547963748347980e-03	1.548816618912481e-03
2544	1.511237264190779e-03	1.513561248436209e-03
2775	1.431426933111934e-03	1.445439770745928e-03
3540	1.412009128074265e-03	1.412537544622754e-03
3819	8.981304637758480e-04	9.120108393559096e-04
4101	8.905759023897231e-04	8.912509381337459e-04
6000	8.665309321657100e-04	8.709635899560805e-04
6171	7.658037075100044e-04	7.762471166286919e-04
8443	5.829167078514885e-04	5.888436553555889e-04
8536	5.538089468960505e-04	5.623413251903491e-04
9085	5.486485370661542e-04	5.495408738576248e-04
9278	5.262579620682883e-04	5.370317963702527e-04
10185	5.049360055239260e-04	5.128613839913648e-04
11266	5.009446306015741e-04	5.011872336272725e-04
11940	4.875407844953106e-04	4.897788193684461e-04
14648	4.153451263512187e-04	4.168693834703355e-04
19051	3.777137992405644e-04	3.801893963205612e-04
21065	3.632119859864336e-04	3.715352290971724e-04
23425	3.630774269771653e-04	3.630780547701014e-04
29204	3.432640442436741e-04	3.467368504525317e-04
33363	3.339632548871041e-04	3.388441561392024e-04
34353	3.259493541932779e-04	3.311311214825911e-04
42893	3.230280750033954e-04	3.235936569296281e-04
59949	3.121516931851032e-04	3.162277660168379e-04
78484	2.897891016065968e-04	2.951209226666387e-04
109777	2.880012042114632e-04	2.884031503126605e-04
114116	2.783228506118007e-04	2.818382931264455e-04
121590	2.783223080241592e-04	2.818382931264455e-04
%
% index = 250, name = bbob_f002_i23_d02__bbob_f017_i24_d02
% instance = 11, reference value = 1.000000000000000e+00
% function evaluation | indicator value | target hit
1	9.518965673436027e-01	9.549925860214360e-01
9	5.875442913987428e-01	5.888436553555889e-01
13	4.698781941955102e-01	4.786300923226383e-01
17	3.501844902207265e-01	3.548133892335755e-01
48	3.409695342885842e-01	3.467368504525316e-01
53	3.314618097625767e-01	3.388441561392025e-01
94	1.906464555964154e-01	1.949844599758045e-01
95	1.897984875661043e-01	1.905460717963247e-01
128	1.726797131438959e-01	1.737800828749375e-01
145	1.608915211792025e-01	1.621810097358930e-01
156	1.555626155651387e-01	1.584893192461113e-01
162	1.539434787372891e-01	1.548816618912481e-01
172	1.509671500428792e-01	1.513561248436208e-01
224	1.431287572872033e-01	1.445439770745928e-01
228	1.407877515842111e-01	1.412537544622754e-01
237	1.375816441886781e-01	1.380384264602885e-01
266	1.234346075919182e-01	1.258925411794167e-01
291	1.120899603381864e-01	1.122018454301964e-01
399	1.096341220425188e-01	1.096478196143185e-01
425	9.774334259222006e-02	1.000000000000000e-01
433	9.764070723158003e-02	9.772372209558107e-02
579	9.537422676735674e-02	9.549925860214359e-02
580	9.099267064440797e-02	9.120108393559097e-02
666	8.887640195207647e-02	8.912509381337455e-02
701	8.653910496145134e-02	8.709635899560805e-02
944	8.503558582367521e-02	8.511380382023763e-02
1444	8.299909928358884e-02	8.317637711026708e-02
1445	8.071545305219840e-02	8.128305161640990e-02
1542	7.908796684714214e-02	7.943282347242814e-02
2824	7.742984352671178e-02	7.762471166286916e-02
126175	7.588210402496498e-02	7.762471166286916e-02
%
% index = 251, name = bbob_f002_i25_d02__bbob_f017_i26_d02
% instance = 12, reference value = 1.000000000000000e+00
% function evaluation | indicator value | target hit
1	2.956912177092500e+00	3.019951720402016e+00
26	8.939064524991328e-01	9.120108393559098e-01
51	3.717719750284464e-01	3.801893963205612e-01
58	3.386579251287900e-01	3.388441561392025e-01
93	3.161878116931236e-01	3.162277660168379e-01
103	3.011137947200770e-01	3.019951720402016e-01
187	2.910680001012320e-01	2.951209226666385e-01
191	2.649021510691900e-01	2.691534803926916e-01
205	2.510049014088991e-01	2.511886431509580e-01
215	2.419243321052589e-01	2.454708915685030e-01
244	2.307922069015040e-01	2.344228815319922e-01
259	2.146514478246944e-01	2.187761623949552e-01
277	2.132444352174310e-01	2.137962089502232e-01
279	2.084749723576373e-01	2.089296130854039e-01
349	1.929061300976402e-01	1.949844599758045e-01
495	1.896872612933491e-01	1.905460717963247e-01
656	1.859698038125774e-01	1.862087136662867e-01
657	1.728338953363007e-01	1.737800828749375e-01
673	1.556020851263538e-01	1.584893192461113e-01
712	1.532214095332612e-01	1.548816618912481e-01
758	1.475088720510480e-01	1.479108388168208e-01
940	1.442583795562260e-01	1.445439770745928e-01
1059	1.408765520378132e-01	1.412537544622754e-01
1171	1.373245194214183e-01	1.380384264602885e-01
1458	1.345842157482284e-01	1.348962882591654e-01
1516	1.317774993811840e-01	1.318256738556407e-01
5842	1.288021635924863e-01	1.288249551693134e-01
120001	1.271064203965208e-01	1.288249551693134e-01
%
% index = 252, name = bbob_f002_i27_d02__bbob_f017_i28_d02
% instance = 13, reference value = 1.000000000000000e+00
% function evaluation | indicator value | target hit
1	2.767907658742500e+00	2.818382931264454e+00
6	2.048762205525500e+00	2.089296130854040e+00
25	1.473788614918000e+00	1.479108388168207e+00
69	1.444708905673000e+00	1.445439770745927e+00
70	1.236495967525000e+00	1.258925411794167e+00
77	1.123409300696500e+00	1.148153621496883e+00
137	7.283533778636151e-01	7.413102413009175e-01
211	5.850928209281134e-01	5.888436553555889e-01
216	3.373756321799938e-01	3.388441561392025e-01
229	2.866524115021675e-01	2.884031503126606e-01
265	2.748697140990468e-01	2.754228703338166e-01
271	2.387508148544392e-01	2.398832919019490e-01
303	2.242059424766875e-01	2.290867652767773e-01
309	2.236816223601908e-01	2.238721138568339e-01
311	2.047873048956144e-01	2.089296130854039e-01
341	2.035822567181560e-01	2.041737944669530e-01
350	1.948171271381354e-01	1.949844599758045e-01
445	1.887645255724225e-01	1.905460717963247e-01
486	1.696572268296401e-01	1.698243652461744e-01
551	1.657574476355714e-01	1.659586907437560e-01
573	1.578736493008336e-01	1.584893192461113e-01
575	1.535703368675115e-01	1.548816618912481e-01
618	1.510759501187865e-01	1.513561248436208e-01
691	1.349527015858401e-01	1.380384264602885e-01
714	1.343001094634193e-01	1.348962882591654e-01
717	1.283698391936041e-01	1.288249551693134e-01
814	1.246916897148652e-01	1.258925411794167e-01
919	1.202047574045887e-01	1.202264434617413e-01
1015	1.174272815482906e-01	1.174897554939529e-01
1150	1.144457888622230e-01	1.148153621496883e-01
1433	1.121662442251794e-01	1.122018454301964e-01
1621	1.094957407873034e-01	1.096478196143185e-01
2412	1.070809446564883e-01	1.071519305237607e-01
59474	1.046989923002433e-01	1.047128548050900e-01
123540	1.045915215791622e-01	1.047128548050900e-01
%
% index = 253, name = bbob_f002_i29_d02__bbob_f017_i30_d02
% instance = 14, reference value = 1.000000000000000e+00
% function evaluation | indicator value | target hit
1	6.293939007116000e+00	6.309573444801933e+00
26	3.680595095567690e+00	3.715352290971725e+00
44	2.356189454143500e+00	2.398832919019490e+00
49	1.576534133405500e+00	1.584893192461114e+00
70	3.236765665781542e-01	3.311311214825911e-01
114	1.232508766896107e-01	1.258925411794167e-01
147	1.111818029655232e-01	1.122018454301964e-01
166	1.058965533844043e-01	1.071519305237607e-01
246	9.713534390266232e-02	9.772372209558107e-02
247	6.705440744338198e-02	6.760829753919818e-02
252	5.770451063139193e-02	5.888436553555890e-02
297	5.705033063747400e-02	5.754399373371569e-02
301	5.338715856151022e-02	5.370317963702527e-02
304	4.498924175979058e-02	4.570881896148749e-02
325	4.416755311193366e-02	4.466835921509630e-02
333	4.248156456279450e-02	4.265795188015926e-02
336	3.882931816792812e-02	3.890451449942807e-02
343	3.798129794563321e-02	3.801893963205612e-02
390	3.708447488528577e-02	3.715352290971726e-02
395	3.612053010108984e-02	3.630780547701014e-02
412	3.537986382077762e-02	3.548133892335755e-02
454	3.405376195247145e-02	3.467368504525317e-02
459	3.213238439164989e-02	3.235936569296283e-02
476	3.083059166177970e-02	3.090295432513590e-02
498	2.852561245997043e-02	2.884031503126606e-02
522	2.802289105840894e-02	2.818382931264454e-02
553	2.744113646246771e-02	2.754228703338166e-02
563	2.531704821533620e-02	2.570395782768863e-02
606	2.150226506359099e-02	2.187761623949553e-02
636	2.134425878916213e-02	2.137962089502233e-02
669	2.083136000759378e-02	2.089296130854040e-02
684	2.010393734852312e-02	2.041737944669529e-02
698	1.973973727363032e-02	1.995262314968880e-02
713	1.935645996334545e-02	1.949844599758046e-02
792	1.798724091360759e-02	1.819700858609984e-02
837	1.774653343976640e-02	1.778279410038923e-02
969	1.723560452435158e-02	1.737800828749375e-02
1034	1.694119471553768e-02	1.698243652461744e-02
1061	1.453086060609698e-02	1.479108388168207e-02
1095	1.442795913040174e-02	1.445439770745927e-02
1112	1.392236601059771e-02	1.412537544622754e-02
1261	1.377375755234256e-02	1.380384264602885e-02
1436	1.319798231002001e-02	1.348962882591653e-02
1441	1.315310568081995e-02	1.318256738556407e-02
1561	1.285595975408294e-02	1.288249551693134e-02
1837	1.223917000074803e-02	1.230268770812382e-02
1871	1.192147906306840e-02	1.202264434617413e-02
3618	1.174456100473709e-02	1.174897554939530e-02
11796	1.148153037448685e-02	1.148153621496883e-02
120001	1.143311898620580e-02	1.148153621496883e-02
%
% index = 254, name = bbob_f002_i31_d02__bbob_f017_i34_d02
% instance = 15, reference value = 1.000000000000000e+00
% function evaluation | indicator value | target hit
1	7.887644829911782e-01	7.943282347242815e-01
3	5.446312224604433e-01	5.495408738576245e-01
13	3.716536677517484e-01	3.801893963205612e-01
23	3.160732179621348e-01	3.162277660168379e-01
25	3.063121742672613e-01	3.090295432513591e-01
37	1.941528331309950e-01	1.949844599758045e-01
44	1.250144684686687e-01	1.258925411794167e-01
61	9.856711811761520e-02	1.000000000000000e-01
64	9.751745789271260e-02	9.772372209558107e-02
83	7.579557680862614e-02	7.585775750291836e-02
87	6.739863617072972e-02	6.760829753919818e-02
164	6.335983901613895e-02	6.456542290346556e-02
166	6.309357364144230e-02	6.309573444801933e-02
188	5.448950465204772e-02	5.495408738576246e-02
424	5.328315144564544e-02	5.370317963702527e-02
519	5.221902038375537e-02	5.248074602497726e-02
721	5.020843731784796e-02	5.128613839913648e-02
761	4.917311760363074e-02	5.011872336272722e-02
768	4.581635782041116e-02	4.677351412871981e-02
1006	4.558990408887775e-02	4.570881896148749e-02
1082	4.316843242903123e-02	4.365158322401658e-02
1131	4.228629377517312e-02	4.265795188015926e-02
1563	4.168043652524100e-02	4.168693834703355e-02
1896	4.013170604944127e-02	4.073802778041128e-02
2416	3.921717477676490e-02	3.981071705534973e-02
2866	3.879472502938364e-02	3.890451449942807e-02
8019	3.800192206825137e-02	3.801893963205612e-02
10720	3.631933325819348e-02	3.715352290971726e-02
10854	3.608897887718210e-02	3.630780547701014e-02
31252	3.540729550067367e-02	3.548133892335755e-02
39391	3.450612390064123e-02	3.467368504525317e-02
120000	3.410777258834852e-02	3.467368504525317e-02
