%
% index = 525, name = bbob_f013_i02_d02__bbob_f014_i04_d02
% instance = 1, reference value = 9.459149096508790e-01
% function evaluation | indicator value | target hit
1	1.612736417979231e-01	1.621810097358930e-01
2	1.576334662885143e-01	1.584893192461113e-01
3	1.402373700764127e-01	1.412537544622754e-01
5	1.325503538007755e-01	1.348962882591654e-01
6	1.225160613364819e-01	1.230268770812381e-01
7	9.861643457531277e-02	1.000000000000000e-01
8	8.568874792721926e-02	8.709635899560805e-02
9	8.339339972291460e-02	8.511380382023763e-02
10	7.843724601773383e-02	7.943282347242814e-02
15	6.392281080468476e-02	6.456542290346556e-02
19	6.197724970989271e-02	6.309573444801933e-02
23	6.143305620057882e-02	6.165950018614822e-02
29	5.991947194188496e-02	6.025595860743578e-02
34	5.829826368593016e-02	5.888436553555890e-02
40	5.763415351065360e-02	5.888436553555890e-02
%
% index = 526, name = bbob_f013_i03_d02__bbob_f014_i05_d02
% instance = 2, reference value = 9.823395402434010e-01
% function evaluation | indicator value | target hit
1	5.531077505255440e-01	5.623413251903491e-01
2	5.447226163084324e-01	5.495408738576245e-01
5	5.320584427297190e-01	5.370317963702527e-01
7	5.226197840899047e-01	5.248074602497725e-01
14	5.120172269654905e-01	5.128613839913648e-01
17	4.993591919269247e-01	5.011872336272722e-01
18	4.798633643479774e-01	4.897788193684462e-01
19	4.026779123996169e-01	4.073802778041127e-01
20	1.067954451362552e-01	1.071519305237607e-01
23	8.723933132565387e-02	8.912509381337455e-02
26	8.695781250249413e-02	8.709635899560805e-02
31	8.347425332368952e-02	8.511380382023763e-02
32	7.079828536331378e-02	7.244359600749903e-02
35	7.019526277378485e-02	7.079457843841380e-02
36	6.901550707761794e-02	6.918309709189366e-02
40	6.877919165367274e-02	6.918309709189366e-02
%
% index = 527, name = bbob_f013_i07_d02__bbob_f014_i08_d02
% instance = 3, reference value = 8.087758480474230e-01
% function evaluation | indicator value | target hit
1	1.083400920129070e+01	1.096478196143185e+01
2	9.491212275334753e+00	9.549925860214358e+00
6	8.262244508649990e+00	8.317637711026711e+00
7	4.754957645944127e+00	4.786300923226384e+00
8	3.620996250269423e+00	3.630780547701014e+00
9	3.272758159097279e+00	3.311311214825911e+00
10	3.081709436396192e+00	3.090295432513591e+00
11	2.876480479612794e+00	2.884031503126606e+00
12	2.473699852909260e+00	2.511886431509580e+00
31	2.169192576983923e+00	2.187761623949553e+00
32	7.353811864239553e-01	7.413102413009175e-01
36	6.703137093726381e-01	6.760829753919817e-01
40	6.703137093726381e-01	6.760829753919817e-01
%
% index = 528, name = bbob_f013_i09_d02__bbob_f014_i10_d02
% instance = 4, reference value = 9.132040420959689e-01
% function evaluation | indicator value | target hit
1	3.635750366373834e-01	3.715352290971726e-01
2	3.623877652249611e-01	3.630780547701014e-01
3	3.482053826035822e-01	3.548133892335755e-01
5	3.454193382793515e-01	3.467368504525316e-01
7	3.309307234095816e-01	3.311311214825911e-01
8	3.229901192436300e-01	3.235936569296283e-01
15	3.082523910724914e-01	3.090295432513591e-01
18	2.944979054828069e-01	2.951209226666385e-01
19	2.428216306587034e-01	2.454708915685030e-01
20	1.092607209257667e-01	1.096478196143185e-01
24	1.031164020309099e-01	1.047128548050900e-01
32	1.011204250702850e-01	1.023292992280754e-01
34	9.981567703346372e-02	1.000000000000000e-01
36	9.312666121541502e-02	9.332543007969910e-02
38	6.956861986351148e-02	7.079457843841380e-02
39	6.336211782145107e-02	6.456542290346556e-02
40	6.297325631722372e-02	6.309573444801933e-02
%
% index = 529, name = bbob_f013_i11_d02__bbob_f014_i12_d02
% instance = 5, reference value = 7.714623685932070e-01
% function evaluation | indicator value | target hit
1	9.457918101862069e-01	9.549925860214360e-01
4	9.151425486257071e-01	9.332543007969910e-01
7	8.669508047772071e-01	8.709635899560807e-01
10	7.443018561784527e-01	7.585775750291838e-01
16	6.737052761149165e-01	6.760829753919817e-01
17	6.588656946726976e-01	6.606934480075960e-01
18	5.936632161953166e-01	6.025595860743578e-01
24	3.385113439150602e-01	3.388441561392025e-01
26	2.790862438369019e-01	2.818382931264454e-01
28	2.458893632225706e-01	2.511886431509580e-01
29	2.416736684104333e-01	2.454708915685030e-01
30	2.373385585184885e-01	2.398832919019490e-01
31	2.299670216097792e-01	2.344228815319922e-01
32	2.229410502676119e-01	2.238721138568339e-01
35	2.078296187736403e-01	2.089296130854039e-01
37	1.985003345097550e-01	1.995262314968880e-01
38	1.773027219142388e-01	1.778279410038923e-01
39	1.273023764701843e-01	1.288249551693134e-01
40	1.194845041450429e-01	1.202264434617413e-01
%
% index = 530, name = bbob_f013_i13_d02__bbob_f014_i14_d02
% instance = 6, reference value = 9.337575116248770e-01
% function evaluation | indicator value | target hit
1	4.085149466816749e-01	4.168693834703354e-01
2	3.925772446160882e-01	3.981071705534972e-01
7	3.854649014547279e-01	3.890451449942806e-01
8	3.789386784715177e-01	3.801893963205612e-01
14	3.622808245950648e-01	3.630780547701014e-01
18	3.457369572442003e-01	3.467368504525316e-01
19	2.806129950387638e-01	2.818382931264454e-01
20	3.584503572409459e-02	3.630780547701014e-02
37	3.351274369133095e-02	3.388441561392026e-02
38	3.188179603498842e-02	3.235936569296283e-02
40	2.991511633476795e-02	3.019951720402016e-02
%
% index = 531, name = bbob_f013_i15_d02__bbob_f014_i16_d02
% instance = 7, reference value = 9.377782398624530e-01
% function evaluation | indicator value | target hit
1	3.612054611258545e+00	3.630780547701014e+00
5	3.406385027879137e+00	3.467368504525317e+00
6	3.254462830798806e+00	3.311311214825911e+00
7	2.822106581136723e+00	2.884031503126606e+00
8	1.623169451231453e+00	1.659586907437561e+00
9	7.170047456117294e-01	7.244359600749900e-01
11	1.948972509737112e-01	1.949844599758045e-01
17	1.808024812912784e-01	1.819700858609984e-01
18	1.399897395338716e-01	1.412537544622754e-01
22	1.350903020745292e-01	1.380384264602885e-01
30	6.909431450333814e-02	6.918309709189366e-02
31	6.058154890245093e-02	6.165950018614822e-02
32	4.913108109543618e-02	5.011872336272722e-02
33	4.470181510713056e-02	4.570881896148749e-02
34	4.443052787597646e-02	4.466835921509630e-02
37	4.058016804081366e-02	4.073802778041128e-02
38	3.756258763860687e-02	3.801893963205612e-02
39	3.691170431558299e-02	3.715352290971726e-02
40	3.687409810541231e-02	3.715352290971726e-02
%
% index = 532, name = bbob_f013_i17_d02__bbob_f014_i18_d02
% instance = 8, reference value = 7.738305670334270e-01
% function evaluation | indicator value | target hit
1	2.827796647522616e-01	2.884031503126606e-01
2	2.817627282937219e-01	2.818382931264454e-01
3	2.647631117709955e-01	2.691534803926916e-01
5	2.507134780990269e-01	2.511886431509580e-01
6	2.343920754085712e-01	2.344228815319922e-01
7	1.867758687267623e-01	1.905460717963247e-01
8	1.460949725594175e-01	1.479108388168208e-01
10	1.441975994846000e-01	1.445439770745928e-01
17	1.301005230048150e-01	1.318256738556407e-01
18	1.174827408534114e-01	1.174897554939529e-01
19	7.972787112448432e-02	8.128305161640990e-02
24	7.622288421188905e-02	7.762471166286916e-02
37	7.509432950765227e-02	7.585775750291836e-02
38	5.722827334233160e-02	5.754399373371569e-02
39	5.043768875078836e-02	5.128613839913648e-02
40	4.854754161078889e-02	4.897788193684462e-02
%
% index = 533, name = bbob_f013_i19_d02__bbob_f014_i21_d02
% instance = 9, reference value = 8.915991504760820e-01
% function evaluation | indicator value | target hit
1	1.895022545557582e+00	1.905460717963247e+00
2	1.635742132858082e+00	1.659586907437561e+00
6	1.399585222996582e+00	1.412537544622754e+00
7	7.754313127200556e-01	7.762471166286917e-01
8	6.284046379045805e-01	6.309573444801932e-01
9	5.249058444695408e-01	5.370317963702527e-01
10	4.964819020554567e-01	5.011872336272722e-01
11	4.585788646595367e-01	4.677351412871982e-01
12	3.434620098977473e-01	3.467368504525316e-01
14	2.986417509428467e-01	3.019951720402016e-01
15	2.882884344540919e-01	2.884031503126606e-01
19	2.792179659175323e-01	2.818382931264454e-01
26	2.665826269837560e-01	2.691534803926916e-01
32	2.625573723524496e-01	2.630267991895382e-01
40	2.601754575884555e-01	2.630267991895382e-01
%
% index = 534, name = bbob_f013_i21_d02__bbob_f014_i22_d02
% instance = 10, reference value = 9.345056779660860e-01
% function evaluation | indicator value | target hit
1	3.010106424539951e-01	3.019951720402016e-01
2	2.880729838481536e-01	2.884031503126606e-01
3	2.750107379500620e-01	2.754228703338166e-01
4	2.608386211751947e-01	2.630267991895382e-01
6	2.446280963401982e-01	2.454708915685030e-01
7	2.130872078061531e-01	2.137962089502232e-01
8	2.047996455608544e-01	2.089296130854039e-01
9	2.001534255881040e-01	2.041737944669530e-01
10	1.977164850601908e-01	1.995262314968880e-01
15	1.830276054694449e-01	1.862087136662867e-01
16	1.691950622948252e-01	1.698243652461744e-01
18	1.406558288359825e-01	1.412537544622754e-01
19	6.691025894055747e-02	6.760829753919818e-02
21	6.549358456316268e-02	6.606934480075961e-02
24	5.845651009735253e-02	5.888436553555890e-02
26	5.684590480805285e-02	5.754399373371569e-02
30	5.608178755805093e-02	5.623413251903491e-02
31	5.455305638559749e-02	5.495408738576246e-02
33	5.342063042430978e-02	5.370317963702527e-02
34	5.096099870280568e-02	5.128613839913648e-02
35	4.412459738509467e-02	4.466835921509630e-02
37	4.331086783934102e-02	4.365158322401658e-02
38	3.224460402099860e-02	3.235936569296283e-02
39	3.147573024798300e-02	3.162277660168379e-02
40	2.810912360054985e-02	2.818382931264454e-02
%
% index = 535, name = bbob_f013_i23_d02__bbob_f014_i24_d02
% instance = 11, reference value = 1.000000000000000e+00
% function evaluation | indicator value | target hit
1	1.097194049930093e+01	1.122018454301964e+01
2	1.022546975498281e+01	1.023292992280754e+01
3	9.680145575076091e+00	9.772372209558107e+00
6	8.328643517341785e+00	8.511380382023766e+00
7	4.246967696776580e+00	4.265795188015927e+00
8	1.261276384918500e+00	1.288249551693134e+00
11	8.878250816346471e-01	8.912509381337456e-01
12	8.033972772725611e-01	8.128305161640993e-01
14	7.670997888454847e-01	7.762471166286917e-01
15	3.737246934224678e-01	3.801893963205612e-01
18	3.188827322759120e-01	3.235936569296283e-01
19	1.796184688560107e-01	1.819700858609984e-01
20	1.304815520349005e-01	1.318256738556407e-01
27	7.231236756499215e-02	7.244359600749903e-02
28	6.931164351147578e-02	7.079457843841380e-02
30	6.543614510901663e-02	6.606934480075961e-02
31	6.196682168950129e-02	6.309573444801933e-02
32	6.046694370492367e-02	6.165950018614822e-02
34	6.018177803647706e-02	6.025595860743578e-02
39	5.396037217318095e-02	5.495408738576246e-02
40	5.128733897765336e-02	5.248074602497726e-02
%
% index = 536, name = bbob_f013_i25_d02__bbob_f014_i26_d02
% instance = 12, reference value = 1.000000000000000e+00
% function evaluation | indicator value | target hit
1	5.614476476414680e-01	5.623413251903491e-01
2	5.356985605777382e-01	5.370317963702527e-01
7	5.219838260687349e-01	5.248074602497725e-01
14	4.939523327423746e-01	5.011872336272722e-01
18	4.594425882568286e-01	4.677351412871982e-01
19	3.290245966185427e-01	3.311311214825911e-01
21	3.076960795016672e-01	3.090295432513591e-01
22	2.014160673998721e-01	2.041737944669530e-01
29	1.992587517814020e-01	1.995262314968880e-01
31	1.887568254118516e-01	1.905460717963247e-01
33	1.742354278550058e-01	1.778279410038923e-01
34	1.697353492237790e-01	1.698243652461744e-01
35	1.580895925651021e-01	1.584893192461113e-01
38	1.544652500478898e-01	1.548816618912481e-01
40	1.504148745971594e-01	1.513561248436208e-01
%
% index = 537, name = bbob_f013_i27_d02__bbob_f014_i28_d02
% instance = 13, reference value = 1.000000000000000e+00
% function evaluation | indicator value | target hit
1	1.529276706433569e+00	1.548816618912481e+00
3	1.479157547283948e+00	1.513561248436208e+00
6	1.445072999242500e+00	1.445439770745927e+00
7	1.317040371654500e+00	1.318256738556407e+00
8	1.117234807386000e+00	1.122018454301963e+00
12	1.089330092874000e+00	1.096478196143185e+00
15	1.017504883836500e+00	1.023292992280754e+00
18	9.501660053673892e-01	9.549925860214360e-01
19	6.929889928712796e-01	7.079457843841379e-01
21	5.722318234256583e-01	5.754399373371569e-01
22	4.223780394176209e-01	4.265795188015927e-01
23	4.078397244945779e-01	4.168693834703354e-01
24	3.485179915213277e-01	3.548133892335755e-01
27	3.334949361479186e-01	3.388441561392025e-01
28	3.299545067684138e-01	3.311311214825911e-01
30	3.178922181078736e-01	3.235936569296283e-01
31	2.976559648519683e-01	3.019951720402016e-01
32	2.853955718116568e-01	2.884031503126606e-01
33	2.790488817534500e-01	2.818382931264454e-01
38	2.717462379141288e-01	2.754228703338166e-01
39	1.498656569812846e-01	1.513561248436208e-01
40	1.466028177153803e-01	1.479108388168208e-01
%
% index = 538, name = bbob_f013_i29_d02__bbob_f014_i30_d02
% instance = 14, reference value = 1.000000000000000e+00
% function evaluation | indicator value | target hit
1	8.487432445409857e-01	8.511380382023764e-01
3	8.283376240196226e-01	8.317637711026710e-01
15	8.067471970311642e-01	8.128305161640993e-01
18	7.858369330204946e-01	7.943282347242815e-01
19	7.053811438661088e-01	7.079457843841379e-01
20	5.819358813243094e-01	5.888436553555889e-01
27	5.740296652440897e-01	5.754399373371569e-01
28	5.620281849431734e-01	5.623413251903491e-01
29	5.256467244469541e-01	5.370317963702527e-01
30	5.222167145592884e-01	5.248074602497725e-01
35	4.609981027976203e-01	4.677351412871982e-01
36	4.538487935848817e-01	4.570881896148750e-01
37	3.895290978969534e-01	3.981071705534972e-01
40	3.208849576419004e-01	3.235936569296283e-01
%
% index = 539, name = bbob_f013_i31_d02__bbob_f014_i34_d02
% instance = 15, reference value = 1.000000000000000e+00
% function evaluation | indicator value | target hit
1	1.869140698844000e+00	1.905460717963247e+00
4	1.832307374415000e+00	1.862087136662868e+00
6	1.789449962664000e+00	1.819700858609983e+00
7	1.618064230894500e+00	1.621810097358930e+00
8	9.552233379396966e-01	9.772372209558107e-01
27	9.534181742433844e-01	9.549925860214360e-01
28	9.043536182128058e-01	9.120108393559098e-01
30	8.526138848414426e-01	8.709635899560807e-01
31	6.929416991383361e-01	7.079457843841379e-01
34	6.537677735419571e-01	6.606934480075960e-01
38	6.260303175168256e-01	6.309573444801932e-01
39	6.067913621735336e-01	6.165950018614822e-01
40	5.999428610175310e-01	6.025595860743578e-01
