%
% index = 4020, name = bbob_f015_i02_d20__bbob_f021_i04_d20
% instance = 1, reference value = 8.830012717779020e-01
% function evaluation | indicator value | target hit
1	8.484552858157283e-01	8.511380382023764e-01
37	8.310954737416042e-01	8.317637711026710e-01
50	8.067045783759632e-01	8.128305161640993e-01
145	7.877216293310171e-01	7.943282347242815e-01
174	7.737758646296908e-01	7.762471166286917e-01
240	7.584267951304587e-01	7.585775750291838e-01
293	7.412574389059406e-01	7.413102413009175e-01
531	7.212606657060924e-01	7.244359600749900e-01
644	7.015969570170965e-01	7.079457843841379e-01
762	6.912356828489322e-01	6.918309709189365e-01
1000	6.758944923154337e-01	6.760829753919817e-01
1128	6.474326609794099e-01	6.606934480075960e-01
1292	6.444057534429288e-01	6.456542290346555e-01
1792	6.273504984103778e-01	6.309573444801932e-01
1797	6.130244334578131e-01	6.165950018614822e-01
2350	5.977149429882367e-01	6.025595860743578e-01
2535	5.842752221328333e-01	5.888436553555889e-01
3133	5.696997946739494e-01	5.754399373371569e-01
4007	5.623177164309315e-01	5.623413251903491e-01
5805	5.484565741368328e-01	5.495408738576245e-01
7024	5.367038911087488e-01	5.370317963702527e-01
9120	5.239517011111156e-01	5.248074602497725e-01
9317	5.103910815652818e-01	5.128613839913648e-01
9386	4.992532891280743e-01	5.011872336272722e-01
10110	4.866949090971350e-01	4.897788193684462e-01
10871	4.786064347137311e-01	4.786300923226383e-01
14094	4.676801253702115e-01	4.677351412871982e-01
15394	4.552692255422381e-01	4.570881896148750e-01
15917	4.464798220293388e-01	4.466835921509631e-01
17672	4.362718362003409e-01	4.365158322401660e-01
19692	4.252992133385396e-01	4.265795188015927e-01
22324	4.163314779736660e-01	4.168693834703354e-01
26219	4.071793445349132e-01	4.073802778041127e-01
27865	3.980866543414214e-01	3.981071705534972e-01
34951	3.881760228885220e-01	3.890451449942806e-01
41988	3.801539398839845e-01	3.801893963205612e-01
49542	3.712658147895650e-01	3.715352290971726e-01
66049	3.625670043683410e-01	3.630780547701014e-01
84685	3.546755252887558e-01	3.548133892335755e-01
102515	3.465779530615404e-01	3.467368504525316e-01
145411	3.387652002354014e-01	3.388441561392025e-01
345051	3.311175600332972e-01	3.311311214825911e-01
1200750	3.282324607639564e-01	3.311311214825911e-01
%
% index = 4021, name = bbob_f015_i03_d20__bbob_f021_i05_d20
% instance = 2, reference value = 8.400808142329690e-01
% function evaluation | indicator value | target hit
1	1.200895698737469e+00	1.202264434617413e+00
3	1.158483574595969e+00	1.174897554939530e+00
22	1.104290375035181e+00	1.122018454301963e+00
31	1.033425217741469e+00	1.047128548050900e+00
81	1.015171678881969e+00	1.023292992280754e+00
121	9.627612070064691e-01	9.772372209558107e-01
216	9.529880481329689e-01	9.549925860214360e-01
220	8.324491055405461e-01	8.511380382023764e-01
236	8.284016676923126e-01	8.317637711026710e-01
407	8.126408014630241e-01	8.128305161640993e-01
456	7.732207259022892e-01	7.762471166286917e-01
594	7.583256703736797e-01	7.585775750291838e-01
749	7.396304188771944e-01	7.413102413009175e-01
800	7.162703336982086e-01	7.244359600749900e-01
819	7.043553480579929e-01	7.079457843841379e-01
865	6.887632560783786e-01	6.918309709189365e-01
937	6.751377394837393e-01	6.760829753919817e-01
998	6.601608323914625e-01	6.606934480075960e-01
1109	6.450901537080768e-01	6.456542290346555e-01
1187	6.264470741732922e-01	6.309573444801932e-01
1380	6.138172339280897e-01	6.165950018614822e-01
1557	6.010775662264453e-01	6.025595860743578e-01
1684	5.886131093124120e-01	5.888436553555889e-01
1869	5.754222111191785e-01	5.754399373371569e-01
3076	5.623098676030713e-01	5.623413251903491e-01
4867	5.494205481282122e-01	5.495408738576245e-01
6078	5.367635856290891e-01	5.370317963702527e-01
8862	5.244391579432883e-01	5.248074602497725e-01
11926	5.122161512761947e-01	5.128613839913648e-01
16534	5.010078603361159e-01	5.011872336272722e-01
20556	4.896175972372851e-01	4.897788193684462e-01
25263	4.785702584372440e-01	4.786300923226383e-01
32396	4.676797255705031e-01	4.677351412871982e-01
48167	4.570467526864890e-01	4.570881896148750e-01
59690	4.466687213391440e-01	4.466835921509631e-01
92835	4.365010925596673e-01	4.365158322401660e-01
152277	4.265770504691982e-01	4.265795188015927e-01
263729	4.168538132190473e-01	4.168693834703354e-01
471602	4.073798378602037e-01	4.073802778041127e-01
1202107	3.986386180083103e-01	4.073802778041127e-01
%
% index = 4022, name = bbob_f015_i07_d20__bbob_f021_i08_d20
% instance = 3, reference value = 8.707659368631440e-01
% function evaluation | indicator value | target hit
1	8.185243584337050e-01	8.317637711026710e-01
3	7.900443399030872e-01	7.943282347242815e-01
34	7.761620049261704e-01	7.762471166286917e-01
211	7.584823805577958e-01	7.585775750291838e-01
228	7.192973927072580e-01	7.244359600749900e-01
413	7.031072179375311e-01	7.079457843841379e-01
456	6.914716052907582e-01	6.918309709189365e-01
481	6.749858782609409e-01	6.760829753919817e-01
605	6.457928297199123e-01	6.606934480075960e-01
623	6.456236122551333e-01	6.456542290346555e-01
749	6.295780100332625e-01	6.309573444801932e-01
1018	5.881722955408268e-01	5.888436553555889e-01
1149	5.495018631819292e-01	5.495408738576245e-01
1396	5.342343793067671e-01	5.370317963702527e-01
1728	4.827754578780454e-01	4.897788193684462e-01
1792	4.768558618967876e-01	4.786300923226383e-01
1865	4.635326700111115e-01	4.677351412871982e-01
2046	4.548895132609256e-01	4.570881896148750e-01
2288	4.216953504747483e-01	4.265795188015927e-01
2321	4.116589565778679e-01	4.168693834703354e-01
2763	4.011288355376408e-01	4.073802778041127e-01
2917	3.975506556468009e-01	3.981071705534972e-01
3713	3.884990554567095e-01	3.890451449942806e-01
5200	3.801540075163404e-01	3.801893963205612e-01
6280	3.715350919267449e-01	3.715352290971726e-01
8214	3.630361538423351e-01	3.630780547701014e-01
9434	3.546438329829332e-01	3.548133892335755e-01
12645	3.467068852414757e-01	3.467368504525316e-01
14270	3.388376579098048e-01	3.388441561392025e-01
16385	3.310905648296890e-01	3.311311214825911e-01
19391	3.229615326994075e-01	3.235936569296283e-01
23912	3.162196226357010e-01	3.162277660168379e-01
28390	3.075866357598322e-01	3.090295432513591e-01
33708	3.014290776551293e-01	3.019951720402016e-01
39748	2.950984710614165e-01	2.951209226666385e-01
42389	2.872687716917968e-01	2.884031503126606e-01
44703	2.818307502059091e-01	2.818382931264454e-01
47284	2.753166651973115e-01	2.754228703338166e-01
48100	2.687477099084795e-01	2.691534803926916e-01
51239	2.630250185352109e-01	2.630267991895382e-01
54894	2.566465383252525e-01	2.570395782768864e-01
59976	2.511778529032279e-01	2.511886431509580e-01
66988	2.454627971779131e-01	2.454708915685030e-01
71417	2.397691909858761e-01	2.398832919019490e-01
77748	2.344198037682927e-01	2.344228815319922e-01
84593	2.290598852796235e-01	2.290867652767773e-01
90055	2.238639493018232e-01	2.238721138568339e-01
95591	2.187708932891756e-01	2.187761623949552e-01
102800	2.137923550010269e-01	2.137962089502232e-01
108902	2.085166747782353e-01	2.089296130854039e-01
118376	2.041692566797433e-01	2.041737944669530e-01
126816	1.993545105687422e-01	1.995262314968880e-01
139485	1.949678794754718e-01	1.949844599758045e-01
157203	1.902561942230252e-01	1.905460717963247e-01
180418	1.862080154766712e-01	1.862087136662867e-01
207077	1.819449345641112e-01	1.819700858609984e-01
301009	1.778274254765305e-01	1.778279410038923e-01
446681	1.737800069109960e-01	1.737800828749375e-01
710696	1.698243592809603e-01	1.698243652461744e-01
1201877	1.677713709678212e-01	1.698243652461744e-01
%
% index = 4023, name = bbob_f015_i09_d20__bbob_f021_i10_d20
% instance = 4, reference value = 8.747967973766539e-01
% function evaluation | indicator value | target hit
1	8.381616644020609e-01	8.511380382023764e-01
21	8.213925652079537e-01	8.317637711026710e-01
48	8.106624095920095e-01	8.128305161640993e-01
268	7.912586226856061e-01	7.943282347242815e-01
484	7.756171014768786e-01	7.762471166286917e-01
629	7.379876906578174e-01	7.413102413009175e-01
745	7.243502775143922e-01	7.244359600749900e-01
922	7.075978234229944e-01	7.079457843841379e-01
1111	6.911213201526001e-01	6.918309709189365e-01
1216	6.760057422084351e-01	6.760829753919817e-01
1630	6.602786403014387e-01	6.606934480075960e-01
2102	6.446754542776127e-01	6.456542290346555e-01
2439	6.305825659708704e-01	6.309573444801932e-01
2865	6.152721020907959e-01	6.165950018614822e-01
3216	6.014642879674323e-01	6.025595860743578e-01
3746	5.888161596786945e-01	5.888436553555889e-01
4058	5.754313798510722e-01	5.754399373371569e-01
4511	5.623210108339045e-01	5.623413251903491e-01
5091	5.486280092221842e-01	5.495408738576245e-01
5810	5.369899932515410e-01	5.370317963702527e-01
6966	5.247982330165901e-01	5.248074602497725e-01
8852	5.126367386609844e-01	5.128613839913648e-01
10022	5.011568465850144e-01	5.011872336272722e-01
11151	4.896872173009188e-01	4.897788193684462e-01
12705	4.786126984690499e-01	4.786300923226383e-01
15008	4.677058493328567e-01	4.677351412871982e-01
18154	4.567317737693438e-01	4.570881896148750e-01
21250	4.460707647670460e-01	4.466835921509631e-01
25068	4.365107127226266e-01	4.365158322401660e-01
31884	4.265774504644562e-01	4.265795188015927e-01
44727	4.168484101137235e-01	4.168693834703354e-01
62859	4.073590712420682e-01	4.073802778041127e-01
76088	3.980975232500289e-01	3.981071705534972e-01
92564	3.890244039524692e-01	3.890451449942806e-01
105747	3.801276865642969e-01	3.801893963205612e-01
116714	3.714651172404955e-01	3.715352290971726e-01
124472	3.625887087901288e-01	3.630780547701014e-01
134550	3.548092190004346e-01	3.548133892335755e-01
147363	3.467147455623177e-01	3.467368504525316e-01
172267	3.388439956715287e-01	3.388441561392025e-01
215578	3.310224301329401e-01	3.311311214825911e-01
338606	3.235862628814642e-01	3.235936569296283e-01
1094054	3.160383176639283e-01	3.162277660168379e-01
1203187	3.157475626153773e-01	3.162277660168379e-01
%
% index = 4024, name = bbob_f015_i11_d20__bbob_f021_i12_d20
% instance = 5, reference value = 8.416270079983410e-01
% function evaluation | indicator value | target hit
1	8.228614042235185e-01	8.317637711026710e-01
35	8.043836323403226e-01	8.128305161640993e-01
184	7.898301957100389e-01	7.943282347242815e-01
310	7.758002638980767e-01	7.762471166286917e-01
399	7.564249521528127e-01	7.585775750291838e-01
480	7.405886650734813e-01	7.413102413009175e-01
605	7.171283799080154e-01	7.244359600749900e-01
765	7.073032221064715e-01	7.079457843841379e-01
1212	6.836270043106102e-01	6.918309709189365e-01
1224	6.400860860340616e-01	6.456542290346555e-01
1280	4.904787039990922e-01	5.011872336272722e-01
1351	4.889887305959968e-01	4.897788193684462e-01
1434	4.720397551918914e-01	4.786300923226383e-01
1469	4.677277276993523e-01	4.677351412871982e-01
1491	4.372754183567459e-01	4.466835921509631e-01
1508	4.360760315893809e-01	4.365158322401660e-01
1647	4.210843982717328e-01	4.265795188015927e-01
1734	4.155351084817276e-01	4.168693834703354e-01
1852	4.063306048837377e-01	4.073802778041127e-01
2060	3.975082316382940e-01	3.981071705534972e-01
2209	3.878841997259992e-01	3.890451449942806e-01
2273	3.720358459227279e-01	3.801893963205612e-01
2277	3.715274657488580e-01	3.715352290971726e-01
2447	3.610423740997126e-01	3.630780547701014e-01
2468	3.038440444071904e-01	3.090295432513591e-01
2498	3.015788297842982e-01	3.019951720402016e-01
2598	2.950706778055276e-01	2.951209226666385e-01
2759	2.880408890841039e-01	2.884031503126606e-01
2841	2.753906916069195e-01	2.754228703338166e-01
2910	2.680122963266661e-01	2.691534803926916e-01
3016	2.627667747256001e-01	2.630267991895382e-01
3076	2.549626546046310e-01	2.570395782768864e-01
3125	2.505924041003105e-01	2.511886431509580e-01
3319	2.392014250792226e-01	2.398832919019490e-01
3524	2.290027961872256e-01	2.290867652767773e-01
3660	2.220005456970280e-01	2.238721138568339e-01
3745	2.187605554090498e-01	2.187761623949552e-01
3884	2.069862127068367e-01	2.089296130854039e-01
4088	1.981663408141870e-01	1.995262314968880e-01
4104	1.916190595314262e-01	1.949844599758045e-01
4189	1.905153846890925e-01	1.905460717963247e-01
4356	1.862055485315691e-01	1.862087136662867e-01
4759	1.819549746701911e-01	1.819700858609984e-01
5312	1.776194684634790e-01	1.778279410038923e-01
5767	1.737365120251180e-01	1.737800828749375e-01
6251	1.695985996107814e-01	1.698243652461744e-01
6711	1.659412045553287e-01	1.659586907437560e-01
7058	1.618013745651659e-01	1.621810097358930e-01
7935	1.576444730000219e-01	1.584893192461113e-01
8836	1.547894020775824e-01	1.548816618912481e-01
10552	1.500318109146778e-01	1.513561248436208e-01
11397	1.454615022342108e-01	1.479108388168208e-01
11731	1.445381846182564e-01	1.445439770745928e-01
14091	1.410165971508599e-01	1.412537544622754e-01
15396	1.376085991592465e-01	1.380384264602885e-01
17098	1.347775355600176e-01	1.348962882591654e-01
18363	1.315668881894639e-01	1.318256738556407e-01
20602	1.286276764550245e-01	1.288249551693134e-01
22820	1.258813266575237e-01	1.258925411794167e-01
25994	1.227438295307557e-01	1.230268770812381e-01
27094	1.201701974911270e-01	1.202264434617413e-01
28303	1.174032885841756e-01	1.174897554939529e-01
30373	1.146353854104764e-01	1.148153621496883e-01
31717	1.118473887273734e-01	1.122018454301964e-01
32466	1.096262037692726e-01	1.096478196143185e-01
34682	1.070307101909740e-01	1.071519305237607e-01
37062	1.040212101470801e-01	1.047128548050900e-01
39850	1.023075176237476e-01	1.023292992280754e-01
44483	9.996750628912421e-02	1.000000000000000e-01
47259	9.772092327233595e-02	9.772372209558107e-02
55332	9.546033811407040e-02	9.549925860214359e-02
65078	9.331056095505963e-02	9.332543007969910e-02
72101	9.099897560666637e-02	9.120108393559097e-02
83205	8.904708870626599e-02	8.912509381337455e-02
95842	8.708884557756025e-02	8.709635899560805e-02
106449	8.511119809095791e-02	8.511380382023763e-02
142294	8.317587002749571e-02	8.317637711026708e-02
188077	8.128254649466793e-02	8.128305161640990e-02
249232	7.943281647107836e-02	7.943282347242814e-02
362789	7.750571684856433e-02	7.762471166286916e-02
583089	7.585765611529749e-02	7.585775750291836e-02
1200001	7.425154022275104e-02	7.585775750291836e-02
%
% index = 4025, name = bbob_f015_i13_d20__bbob_f021_i14_d20
% instance = 6, reference value = 9.215340084540929e-01
% function evaluation | indicator value | target hit
1	9.055943612762808e-01	9.120108393559098e-01
12	8.886790982312828e-01	8.912509381337456e-01
17	8.585672020943671e-01	8.709635899560807e-01
184	8.466272120666917e-01	8.511380382023764e-01
200	8.241470839898725e-01	8.317637711026710e-01
254	8.064269367223539e-01	8.128305161640993e-01
378	7.931744865116337e-01	7.943282347242815e-01
402	7.758697126324137e-01	7.762471166286917e-01
479	7.530466267248817e-01	7.585775750291838e-01
553	7.292969210352938e-01	7.413102413009175e-01
602	7.149647935371870e-01	7.244359600749900e-01
636	6.930014486205500e-01	7.079457843841379e-01
652	6.907991754342711e-01	6.918309709189365e-01
860	6.505616793323823e-01	6.606934480075960e-01
916	6.456476355085267e-01	6.456542290346555e-01
942	5.701760460974110e-01	5.754399373371569e-01
1049	5.571826480996673e-01	5.623413251903491e-01
1199	5.262239275056491e-01	5.370317963702527e-01
1236	5.245238013088671e-01	5.248074602497725e-01
1378	5.122358854677915e-01	5.128613839913648e-01
1612	4.992387748160521e-01	5.011872336272722e-01
1701	4.836070097549908e-01	4.897788193684462e-01
1857	4.671440733925061e-01	4.677351412871982e-01
2285	4.554113661265719e-01	4.570881896148750e-01
2445	4.465834719951747e-01	4.466835921509631e-01
2905	4.284888886713304e-01	4.365158322401660e-01
2938	4.238883953236360e-01	4.265795188015927e-01
2971	4.109707666861024e-01	4.168693834703354e-01
3365	4.072973236310378e-01	4.073802778041127e-01
3946	3.980102290581058e-01	3.981071705534972e-01
4379	3.877837435521372e-01	3.890451449942806e-01
4702	3.801071931746695e-01	3.801893963205612e-01
4925	3.647148133434736e-01	3.715352290971726e-01
5042	3.624693165807400e-01	3.630780547701014e-01
5565	3.538344159794143e-01	3.548133892335755e-01
6014	3.467344910019280e-01	3.467368504525316e-01
7290	3.364456702499584e-01	3.388441561392025e-01
8238	3.310976383923683e-01	3.311311214825911e-01
8614	3.204704191630814e-01	3.235936569296283e-01
9499	3.159313621929573e-01	3.162277660168379e-01
10436	3.089993899589241e-01	3.090295432513591e-01
11617	2.968898220651855e-01	3.019951720402016e-01
12274	2.951167741551070e-01	2.951209226666385e-01
13414	2.877693863236955e-01	2.884031503126606e-01
14873	2.812214408809025e-01	2.818382931264454e-01
16826	2.726643971022186e-01	2.754228703338166e-01
18210	2.690605142434563e-01	2.691534803926916e-01
20007	2.601375866845678e-01	2.630267991895382e-01
20834	2.554670923081347e-01	2.570395782768864e-01
21281	2.510755493405940e-01	2.511886431509580e-01
25109	2.449290129930712e-01	2.454708915685030e-01
28314	2.398406100498337e-01	2.398832919019490e-01
33818	2.344223760011580e-01	2.344228815319922e-01
38628	2.285612457340791e-01	2.290867652767773e-01
42609	2.238008420666665e-01	2.238721138568339e-01
47127	2.187704665739135e-01	2.187761623949552e-01
49679	2.126577184550910e-01	2.137962089502232e-01
55317	2.089054588346735e-01	2.089296130854039e-01
60506	2.041713466282012e-01	2.041737944669530e-01
76607	1.995144062207227e-01	1.995262314968880e-01
102917	1.949425086145048e-01	1.949844599758045e-01
123943	1.901839207217083e-01	1.905460717963247e-01
136949	1.861640606484150e-01	1.862087136662867e-01
166303	1.819599389463497e-01	1.819700858609984e-01
210568	1.777891403499688e-01	1.778279410038923e-01
297741	1.737771161252851e-01	1.737800828749375e-01
421753	1.698222776699717e-01	1.698243652461744e-01
675209	1.659538836392939e-01	1.659586907437560e-01
980153	1.621795899735707e-01	1.621810097358930e-01
1202092	1.608020578585132e-01	1.621810097358930e-01
%
% index = 4026, name = bbob_f015_i15_d20__bbob_f021_i16_d20
% instance = 7, reference value = 8.598735845253470e-01
% function evaluation | indicator value | target hit
1	8.371262754296698e-01	8.511380382023764e-01
4	8.206751406663041e-01	8.317637711026710e-01
6	8.099836571622551e-01	8.128305161640993e-01
65	7.882978966156153e-01	7.943282347242815e-01
208	7.758077121830433e-01	7.762471166286917e-01
244	7.574474651403167e-01	7.585775750291838e-01
249	7.228420396753779e-01	7.244359600749900e-01
294	7.073920677831906e-01	7.079457843841379e-01
534	6.860222514881650e-01	6.918309709189365e-01
538	6.638062157299328e-01	6.760829753919817e-01
595	6.596788892086347e-01	6.606934480075960e-01
762	6.383800598032172e-01	6.456542290346555e-01
852	6.306023083552628e-01	6.309573444801932e-01
1140	5.848859905058588e-01	5.888436553555889e-01
1327	5.744527664995240e-01	5.754399373371569e-01
1361	5.598156605884335e-01	5.623413251903491e-01
1427	5.490845622827835e-01	5.495408738576245e-01
1493	5.175395127878152e-01	5.248074602497725e-01
1498	5.109768603072967e-01	5.128613839913648e-01
1573	5.005814098984362e-01	5.011872336272722e-01
1577	4.832181648346742e-01	4.897788193684462e-01
1608	4.657420704631192e-01	4.677351412871982e-01
1721	4.560996270673340e-01	4.570881896148750e-01
1814	4.445992377148384e-01	4.466835921509631e-01
1964	4.351849922733303e-01	4.365158322401660e-01
2178	4.263593556540241e-01	4.265795188015927e-01
2257	4.093521193472902e-01	4.168693834703354e-01
2324	4.072632919755159e-01	4.073802778041127e-01
2433	3.950000819164198e-01	3.981071705534972e-01
2623	3.883429881425117e-01	3.890451449942806e-01
2641	3.729931011471600e-01	3.801893963205612e-01
2890	3.711731972590429e-01	3.715352290971726e-01
3042	3.611646159898377e-01	3.630780547701014e-01
3355	3.545580097135203e-01	3.548133892335755e-01
3605	3.465969556310038e-01	3.467368504525316e-01
3879	3.371390750663096e-01	3.388441561392025e-01
3909	3.311032531313295e-01	3.311311214825911e-01
4476	3.233404539749887e-01	3.235936569296283e-01
4879	3.162255619038427e-01	3.162277660168379e-01
6264	3.090087590502656e-01	3.090295432513591e-01
7635	3.019817141807867e-01	3.019951720402016e-01
8719	2.949909064410753e-01	2.951209226666385e-01
10320	2.883909823897598e-01	2.884031503126606e-01
11902	2.817807622498887e-01	2.818382931264454e-01
14265	2.753840659625936e-01	2.754228703338166e-01
16343	2.691446278234276e-01	2.691534803926916e-01
19280	2.629831110126704e-01	2.630267991895382e-01
24508	2.570040835628856e-01	2.570395782768864e-01
31899	2.511870321470718e-01	2.511886431509580e-01
38662	2.454634295923735e-01	2.454708915685030e-01
47537	2.398754966145571e-01	2.398832919019490e-01
60002	2.344189359922986e-01	2.344228815319922e-01
75355	2.290720164392939e-01	2.290867652767773e-01
97893	2.238675053531871e-01	2.238721138568339e-01
134370	2.187663033279881e-01	2.187761623949552e-01
200847	2.137949474323749e-01	2.137962089502232e-01
344890	2.089232856719051e-01	2.089296130854039e-01
780125	2.041036546564762e-01	2.041737944669530e-01
1202445	2.022084936185495e-01	2.041737944669530e-01
%
% index = 4027, name = bbob_f015_i17_d20__bbob_f021_i18_d20
% instance = 8, reference value = 9.245663682543060e-01
% function evaluation | indicator value | target hit
1	8.631969257220276e-01	8.709635899560807e-01
26	8.502676741296411e-01	8.511380382023764e-01
191	8.290506660287986e-01	8.317637711026710e-01
467	8.059597489611029e-01	8.128305161640993e-01
576	7.917522532547567e-01	7.943282347242815e-01
764	7.749916493537035e-01	7.762471166286917e-01
974	7.478922852279333e-01	7.585775750291838e-01
1063	7.272270817652914e-01	7.413102413009175e-01
1106	7.175835156557870e-01	7.244359600749900e-01
1109	6.590566717875761e-01	6.606934480075960e-01
1263	5.454621250675076e-01	5.495408738576245e-01
1424	5.180685300602178e-01	5.248074602497725e-01
1530	4.581802808732389e-01	4.677351412871982e-01
1590	4.568239511687577e-01	4.570881896148750e-01
1903	4.366944373447983e-01	4.466835921509631e-01
2005	4.365022831019022e-01	4.365158322401660e-01
2147	4.019676000317149e-01	4.073802778041127e-01
2345	3.977682707017681e-01	3.981071705534972e-01
2380	3.848517510290883e-01	3.890451449942806e-01
2748	3.787371098486676e-01	3.801893963205612e-01
2785	3.526498527025537e-01	3.548133892335755e-01
2971	3.418631043659776e-01	3.467368504525316e-01
3036	3.353094785786269e-01	3.388441561392025e-01
3191	3.302312450081822e-01	3.311311214825911e-01
3315	3.038870528840087e-01	3.090295432513591e-01
3411	3.019360445273805e-01	3.019951720402016e-01
3504	2.804382225399471e-01	2.818382931264454e-01
3861	2.717446185843485e-01	2.754228703338166e-01
4089	2.615871271093478e-01	2.630267991895382e-01
4116	2.415612789627908e-01	2.454708915685030e-01
4502	2.398645697220469e-01	2.398832919019490e-01
5078	2.340441109941579e-01	2.344228815319922e-01
5593	2.228258435957036e-01	2.238721138568339e-01
6271	2.158492784121623e-01	2.187761623949552e-01
6989	2.136350885461833e-01	2.137962089502232e-01
7077	2.070671243595220e-01	2.089296130854039e-01
7734	2.040997399484005e-01	2.041737944669530e-01
8106	1.956800364757969e-01	1.995262314968880e-01
8164	1.949258420888780e-01	1.949844599758045e-01
8557	1.862265732449069e-01	1.905460717963247e-01
8563	1.861770914042038e-01	1.862087136662867e-01
9743	1.812324134840698e-01	1.819700858609984e-01
10839	1.771949856719034e-01	1.778279410038923e-01
12009	1.731833798247673e-01	1.737800828749375e-01
12940	1.697078739057325e-01	1.698243652461744e-01
14519	1.655317044151333e-01	1.659586907437560e-01
15137	1.621621388837695e-01	1.621810097358930e-01
16139	1.563824657086184e-01	1.584893192461113e-01
17561	1.538870914377288e-01	1.548816618912481e-01
17787	1.507914067975678e-01	1.513561248436208e-01
20715	1.476896530616257e-01	1.479108388168208e-01
23108	1.445328739978731e-01	1.445439770745928e-01
27942	1.401021250263843e-01	1.412537544622754e-01
28334	1.375969989174185e-01	1.380384264602885e-01
29516	1.343448121298564e-01	1.348962882591654e-01
31427	1.312339647378962e-01	1.318256738556407e-01
33066	1.277138231843501e-01	1.288249551693134e-01
35983	1.258024211461369e-01	1.258925411794167e-01
37412	1.230041105744684e-01	1.230268770812381e-01
42068	1.195259262902109e-01	1.202264434617413e-01
44409	1.174866920119499e-01	1.174897554939529e-01
51969	1.136898887754560e-01	1.148153621496883e-01
56403	1.121910236540220e-01	1.122018454301964e-01
63827	1.091919773158204e-01	1.096478196143185e-01
78616	1.071469100681774e-01	1.071519305237607e-01
94479	1.045666453328333e-01	1.047128548050900e-01
111821	1.022027907742658e-01	1.023292992280754e-01
129251	9.971875609478453e-02	1.000000000000000e-01
153898	9.739856233469613e-02	9.772372209558107e-02
183467	9.549913529396292e-02	9.549925860214359e-02
200028	9.324930729003933e-02	9.332543007969910e-02
227063	9.108495411983031e-02	9.120108393559097e-02
248015	8.862502526241112e-02	8.912509381337455e-02
272896	8.709307010301948e-02	8.709635899560805e-02
286542	8.506100182078746e-02	8.511380382023763e-02
294738	8.307483594940690e-02	8.317637711026708e-02
306172	8.106516287460586e-02	8.128305161640990e-02
325294	7.873627517295556e-02	7.943282347242814e-02
337653	7.689278973547931e-02	7.762471166286916e-02
352798	7.554453813906847e-02	7.585775750291836e-02
357898	7.360601598040450e-02	7.413102413009177e-02
358593	7.216948519070632e-02	7.244359600749903e-02
376719	7.055397209554670e-02	7.079457843841380e-02
388641	6.900269878191179e-02	6.918309709189366e-02
419970	6.705680599119379e-02	6.760829753919818e-02
420733	6.492168779157792e-02	6.606934480075961e-02
430472	6.380518232890908e-02	6.456542290346556e-02
451497	6.309370382363222e-02	6.309573444801933e-02
461738	6.134562761991180e-02	6.165950018614822e-02
468426	6.021732439961114e-02	6.025595860743578e-02
487477	5.804563625174886e-02	5.888436553555890e-02
495149	5.731760122667195e-02	5.754399373371569e-02
513727	5.607693130063407e-02	5.623413251903491e-02
545716	5.457672233256272e-02	5.495408738576246e-02
563477	5.369976270581311e-02	5.370317963702527e-02
586052	5.247526762620647e-02	5.248074602497726e-02
639231	5.127078924136608e-02	5.128613839913648e-02
696022	5.011756571659232e-02	5.011872336272722e-02
725914	4.894001481108579e-02	4.897788193684462e-02
761859	4.785653629398379e-02	4.786300923226382e-02
811467	4.676209928215325e-02	4.677351412871981e-02
878651	4.566808351157625e-02	4.570881896148749e-02
956352	4.466793838280847e-02	4.466835921509630e-02
1202603	4.376525002842568e-02	4.466835921509630e-02
%
% index = 4028, name = bbob_f015_i19_d20__bbob_f021_i21_d20
% instance = 9, reference value = 8.174394828314610e-01
% function evaluation | indicator value | target hit
1	7.136367220110305e-01	7.244359600749900e-01
8	7.048773011592369e-01	7.079457843841379e-01
45	6.890951354439754e-01	6.918309709189365e-01
69	6.531911227195932e-01	6.606934480075960e-01
257	6.224376268871603e-01	6.309573444801932e-01
485	6.147708407592778e-01	6.165950018614822e-01
538	5.957059846741548e-01	6.025595860743578e-01
616	5.886477533038246e-01	5.888436553555889e-01
728	5.746744430187820e-01	5.754399373371569e-01
870	5.105665804959363e-01	5.128613839913648e-01
951	4.989191315708243e-01	5.011872336272722e-01
952	4.888838111793370e-01	4.897788193684462e-01
1031	4.776117808084059e-01	4.786300923226383e-01
1054	4.653117398552801e-01	4.677351412871982e-01
1090	4.451001012959190e-01	4.466835921509631e-01
1271	4.359836456365487e-01	4.365158322401660e-01
1399	4.264331717814732e-01	4.265795188015927e-01
1501	4.163345090870702e-01	4.168693834703354e-01
1868	3.961491502014762e-01	3.981071705534972e-01
2014	3.885434448228312e-01	3.890451449942806e-01
2410	3.792621877733975e-01	3.801893963205612e-01
2824	3.714392578260499e-01	3.715352290971726e-01
3317	3.627060930162220e-01	3.630780547701014e-01
3848	3.539423492357081e-01	3.548133892335755e-01
4426	3.467226370720502e-01	3.467368504525316e-01
5470	3.388388742407112e-01	3.388441561392025e-01
5840	3.309790392781530e-01	3.311311214825911e-01
6439	3.233552070972222e-01	3.235936569296283e-01
7041	3.160093351278138e-01	3.162277660168379e-01
8745	3.090108113407943e-01	3.090295432513591e-01
10166	3.012700607666458e-01	3.019951720402016e-01
13048	2.949669709377095e-01	2.951209226666385e-01
15303	2.875733348098146e-01	2.884031503126606e-01
18058	2.812101817166988e-01	2.818382931264454e-01
20340	2.754172846837732e-01	2.754228703338166e-01
22500	2.679076941970806e-01	2.691534803926916e-01
26145	2.630257174111136e-01	2.630267991895382e-01
30997	2.570302426246110e-01	2.570395782768864e-01
37080	2.511287431927652e-01	2.511886431509580e-01
42354	2.454555914129519e-01	2.454708915685030e-01
53557	2.398569699639274e-01	2.398832919019490e-01
64411	2.338292475490759e-01	2.344228815319922e-01
72648	2.283818967775951e-01	2.290867652767773e-01
80024	2.237662108293684e-01	2.238721138568339e-01
90360	2.186328240535010e-01	2.187761623949552e-01
101533	2.137853302178591e-01	2.137962089502232e-01
123113	2.089277661649623e-01	2.089296130854039e-01
145352	2.041713143149970e-01	2.041737944669530e-01
181671	1.994873669784611e-01	1.995262314968880e-01
235021	1.949664214416172e-01	1.949844599758045e-01
303727	1.905436742188157e-01	1.905460717963247e-01
411876	1.861926242689617e-01	1.862087136662867e-01
1120646	1.819700406194332e-01	1.819700858609984e-01
1202963	1.818234616288820e-01	1.819700858609984e-01
%
% index = 4029, name = bbob_f015_i21_d20__bbob_f021_i22_d20
% instance = 10, reference value = 9.080098245735130e-01
% function evaluation | indicator value | target hit
1	8.339342743960494e-01	8.511380382023764e-01
77	8.252359824680180e-01	8.317637711026710e-01
201	7.402625647557866e-01	7.413102413009175e-01
426	7.232766280895148e-01	7.244359600749900e-01
566	5.575294415463042e-01	5.623413251903491e-01
607	5.370661164305459e-01	5.495408738576245e-01
630	5.369614974397574e-01	5.370317963702527e-01
646	4.846037406661728e-01	4.897788193684462e-01
733	4.780440986717751e-01	4.786300923226383e-01
858	3.905262613760626e-01	3.981071705534972e-01
1018	3.885665202375164e-01	3.890451449942806e-01
1132	3.800777178476964e-01	3.801893963205612e-01
1190	3.713070765383850e-01	3.715352290971726e-01
1301	3.622966548975263e-01	3.630780547701014e-01
1302	3.507991148441107e-01	3.548133892335755e-01
1401	3.441395029734099e-01	3.467368504525316e-01
1449	3.313739354445256e-01	3.388441561392025e-01
1508	3.310662472855621e-01	3.311311214825911e-01
1692	3.142086105533564e-01	3.162277660168379e-01
1877	3.088022370388279e-01	3.090295432513591e-01
2076	3.018778384971391e-01	3.019951720402016e-01
2392	2.936133558638223e-01	2.951209226666385e-01
2617	2.868533113224768e-01	2.884031503126606e-01
3024	2.708165713206733e-01	2.754228703338166e-01
3244	2.679499917780594e-01	2.691534803926916e-01
3910	2.624527047255807e-01	2.630267991895382e-01
5205	2.566163081802793e-01	2.570395782768864e-01
6625	2.510966959550081e-01	2.511886431509580e-01
9121	2.451349227532669e-01	2.454708915685030e-01
11902	2.397011809112453e-01	2.398832919019490e-01
15649	2.342609955276680e-01	2.344228815319922e-01
19319	2.288276277779320e-01	2.290867652767773e-01
25128	2.235567542244824e-01	2.238721138568339e-01
31771	2.182258987311818e-01	2.187761623949552e-01
33806	2.132269023470588e-01	2.137962089502232e-01
39533	2.086314607856864e-01	2.089296130854039e-01
43736	2.034707864485020e-01	2.041737944669530e-01
49300	1.992255946788661e-01	1.995262314968880e-01
52747	1.940128872136703e-01	1.949844599758045e-01
55846	1.905440730014354e-01	1.905460717963247e-01
59537	1.849384680006683e-01	1.862087136662867e-01
64742	1.818257982105348e-01	1.819700858609984e-01
66285	1.768301306514364e-01	1.778279410038923e-01
69639	1.725979092792068e-01	1.737800828749375e-01
73821	1.698222906308707e-01	1.698243652461744e-01
77258	1.658877522014236e-01	1.659586907437560e-01
83511	1.620416744528010e-01	1.621810097358930e-01
89658	1.574349491636484e-01	1.584893192461113e-01
94607	1.543623517817088e-01	1.548816618912481e-01
100728	1.513308619432111e-01	1.513561248436208e-01
107868	1.478927981551658e-01	1.479108388168208e-01
113157	1.438246286043723e-01	1.445439770745928e-01
116936	1.378104293903676e-01	1.380384264602885e-01
122713	1.348647159134285e-01	1.348962882591654e-01
129050	1.317412758746772e-01	1.318256738556407e-01
137578	1.287328228148678e-01	1.288249551693134e-01
141601	1.258921007561663e-01	1.258925411794167e-01
152530	1.229946712746570e-01	1.230268770812381e-01
166610	1.201367838908163e-01	1.202264434617413e-01
175025	1.165821638008696e-01	1.174897554939529e-01
180701	1.147770408342158e-01	1.148153621496883e-01
191662	1.120508145920299e-01	1.122018454301964e-01
195646	1.093849649578241e-01	1.096478196143185e-01
207545	1.070079251614257e-01	1.071519305237607e-01
219850	1.046598682882675e-01	1.047128548050900e-01
233187	1.019833611468844e-01	1.023292992280754e-01
245615	9.998074692161896e-02	1.000000000000000e-01
260292	9.731890137282462e-02	9.772372209558107e-02
265726	9.546793651884344e-02	9.549925860214359e-02
282475	9.332039710707962e-02	9.332543007969910e-02
296229	9.119968563162184e-02	9.120108393559097e-02
321045	8.911855960123549e-02	8.912509381337455e-02
334101	8.686635455303271e-02	8.709635899560805e-02
351292	8.508345913476700e-02	8.511380382023763e-02
373540	8.309575983637452e-02	8.317637711026708e-02
395743	8.128270498801859e-02	8.128305161640990e-02
425045	7.943074909986447e-02	7.943282347242814e-02
456455	7.762442862015861e-02	7.762471166286916e-02
484134	7.578159424951758e-02	7.585775750291836e-02
510942	7.412054087039965e-02	7.413102413009177e-02
531597	7.210024996105047e-02	7.244359600749903e-02
555312	7.075258278266117e-02	7.079457843841380e-02
584210	6.908313722236914e-02	6.918309709189366e-02
613309	6.760802573520541e-02	6.760829753919818e-02
644426	6.606925841977795e-02	6.606934480075961e-02
666625	6.456368893222775e-02	6.456542290346556e-02
685676	6.304057599971180e-02	6.309573444801933e-02
702672	6.164785917894000e-02	6.165950018614822e-02
724270	6.025260013218059e-02	6.025595860743578e-02
748764	5.888349682332117e-02	5.888436553555890e-02
778160	5.752864870806529e-02	5.754399373371569e-02
832093	5.623405073840226e-02	5.623413251903491e-02
957722	5.495286355258244e-02	5.495408738576246e-02
1121456	5.369946028576211e-02	5.370317963702527e-02
1200000	5.326726483905964e-02	5.370317963702527e-02
%
% index = 4030, name = bbob_f015_i23_d20__bbob_f021_i24_d20
% instance = 11, reference value = 1.000000000000000e+00
% function evaluation | indicator value | target hit
1	9.557252798857040e-01	9.772372209558107e-01
33	9.456576795681843e-01	9.549925860214360e-01
120	9.316599680614572e-01	9.332543007969910e-01
222	9.104437493621779e-01	9.120108393559098e-01
377	8.904016920940953e-01	8.912509381337456e-01
628	8.693177672422083e-01	8.709635899560807e-01
786	8.501477235869952e-01	8.511380382023764e-01
791	8.212267799531733e-01	8.317637711026710e-01
910	8.102275389622935e-01	8.128305161640993e-01
1219	7.943043705812858e-01	7.943282347242815e-01
1340	7.646272274600507e-01	7.762471166286917e-01
1516	7.571065631176236e-01	7.585775750291838e-01
1907	7.412724679609536e-01	7.413102413009175e-01
2081	7.198949209684583e-01	7.244359600749900e-01
2402	7.078561929692010e-01	7.079457843841379e-01
2560	6.909119940886985e-01	6.918309709189365e-01
2710	6.701542186426062e-01	6.760829753919817e-01
2810	6.546190930889213e-01	6.606934480075960e-01
3004	6.455227639778698e-01	6.456542290346555e-01
3132	6.308830069360639e-01	6.309573444801932e-01
3156	6.058992157408558e-01	6.165950018614822e-01
3161	6.023717085585358e-01	6.025595860743578e-01
3354	5.846073619153643e-01	5.888436553555889e-01
3448	5.722019096551110e-01	5.754399373371569e-01
3631	5.514669983748126e-01	5.623413251903491e-01
3724	5.482284335212957e-01	5.495408738576245e-01
3925	5.325582817016096e-01	5.370317963702527e-01
4246	5.246527494116360e-01	5.248074602497725e-01
4428	5.118912332670216e-01	5.128613839913648e-01
4563	4.981515620978245e-01	5.011872336272722e-01
4800	4.829323777181487e-01	4.897788193684462e-01
4864	4.743494855825232e-01	4.786300923226383e-01
5225	4.594424504333640e-01	4.677351412871982e-01
5409	4.544448490753747e-01	4.570881896148750e-01
5734	4.466002009544761e-01	4.466835921509631e-01
6065	4.339639730055727e-01	4.365158322401660e-01
6393	4.259105514586453e-01	4.265795188015927e-01
7264	4.158639946678013e-01	4.168693834703354e-01
8301	4.073142013031683e-01	4.073802778041127e-01
9169	3.980324796232937e-01	3.981071705534972e-01
11577	3.888306465516922e-01	3.890451449942806e-01
13076	3.798042357748010e-01	3.801893963205612e-01
16498	3.715050681445917e-01	3.715352290971726e-01
20871	3.619477869728824e-01	3.630780547701014e-01
24079	3.546112906206192e-01	3.548133892335755e-01
27553	3.467020797939919e-01	3.467368504525316e-01
30815	3.387727719353979e-01	3.388441561392025e-01
36052	3.304222252849150e-01	3.311311214825911e-01
40640	3.222809903884261e-01	3.235936569296283e-01
43728	3.157484821462645e-01	3.162277660168379e-01
49520	3.088198452617836e-01	3.090295432513591e-01
51672	3.017435769866759e-01	3.019951720402016e-01
55620	2.943060874862959e-01	2.951209226666385e-01
60244	2.867854767550442e-01	2.884031503126606e-01
67464	2.818337595284823e-01	2.818382931264454e-01
77398	2.753277985261446e-01	2.754228703338166e-01
90009	2.691474252303228e-01	2.691534803926916e-01
111435	2.625215980081476e-01	2.630267991895382e-01
132277	2.569865492798036e-01	2.570395782768864e-01
160097	2.507320012410541e-01	2.511886431509580e-01
203673	2.454632925332668e-01	2.454708915685030e-01
285467	2.398817542230910e-01	2.398832919019490e-01
398842	2.344223062954168e-01	2.344228815319922e-01
921783	2.290866800050579e-01	2.290867652767773e-01
1200000	2.278508755755161e-01	2.290867652767773e-01
%
% index = 4031, name = bbob_f015_i25_d20__bbob_f021_i26_d20
% instance = 12, reference value = 1.000000000000000e+00
% function evaluation | indicator value | target hit
1	9.419824238405968e-01	9.549925860214360e-01
11	9.193395901754541e-01	9.332543007969910e-01
23	9.067546635194570e-01	9.120108393559098e-01
48	8.887389159249273e-01	8.912509381337456e-01
111	8.534258383674733e-01	8.709635899560807e-01
190	8.506183190751536e-01	8.511380382023764e-01
393	8.248672042953304e-01	8.317637711026710e-01
427	7.911953046499465e-01	7.943282347242815e-01
820	7.761403273878056e-01	7.762471166286917e-01
863	7.545932903859163e-01	7.585775750291838e-01
1059	7.280762923834301e-01	7.413102413009175e-01
1145	7.214666852275327e-01	7.244359600749900e-01
1204	7.010025561624770e-01	7.079457843841379e-01
1290	6.869343497646683e-01	6.918309709189365e-01
1349	6.645264455311592e-01	6.760829753919817e-01
1369	6.557496746777666e-01	6.606934480075960e-01
1380	6.450091730285487e-01	6.456542290346555e-01
1668	6.048667087564311e-01	6.165950018614822e-01
1702	5.944877384391853e-01	6.025595860743578e-01
1707	5.700147759674724e-01	5.754399373371569e-01
1927	5.213029369705648e-01	5.248074602497725e-01
2402	5.079425148260589e-01	5.128613839913648e-01
2569	4.999177171313897e-01	5.011872336272722e-01
2825	4.831335606330579e-01	4.897788193684462e-01
3321	4.762084212240033e-01	4.786300923226383e-01
3672	4.611463451556078e-01	4.677351412871982e-01
4110	4.519112363581166e-01	4.570881896148750e-01
4173	4.339834882632478e-01	4.365158322401660e-01
5140	4.225343320185556e-01	4.265795188015927e-01
5746	4.122537194187538e-01	4.168693834703354e-01
5955	3.974858863557862e-01	3.981071705534972e-01
7364	3.881678484855130e-01	3.890451449942806e-01
7953	3.629438365175089e-01	3.630780547701014e-01
8787	3.490412587776164e-01	3.548133892335755e-01
9018	3.448912751609338e-01	3.467368504525316e-01
10135	3.386839080606937e-01	3.388441561392025e-01
11091	3.310977381499807e-01	3.311311214825911e-01
12529	3.205544231143449e-01	3.235936569296283e-01
12790	3.161952549276511e-01	3.162277660168379e-01
14435	3.087357717606718e-01	3.090295432513591e-01
17112	3.018760993598526e-01	3.019951720402016e-01
20296	2.935896284124175e-01	2.951209226666385e-01
22003	2.873518496607921e-01	2.884031503126606e-01
24663	2.810190048580562e-01	2.818382931264454e-01
26058	2.754219912661890e-01	2.754228703338166e-01
28355	2.691475658765361e-01	2.691534803926916e-01
30323	2.628582350963042e-01	2.630267991895382e-01
31187	2.561914064966846e-01	2.570395782768864e-01
32945	2.507883720997244e-01	2.511886431509580e-01
35679	2.448808611560076e-01	2.454708915685030e-01
36668	2.359400401636128e-01	2.398832919019490e-01
38086	2.334334930336105e-01	2.344228815319922e-01
39274	2.287661514078921e-01	2.290867652767773e-01
40283	2.232424336491191e-01	2.238721138568339e-01
43274	2.187624580902024e-01	2.187761623949552e-01
47089	2.122184650660645e-01	2.137962089502232e-01
51662	2.089238373961368e-01	2.089296130854039e-01
55956	2.041453177665842e-01	2.041737944669530e-01
61397	1.986117825474372e-01	1.995262314968880e-01
72407	1.949445701314463e-01	1.949844599758045e-01
80998	1.903498239764522e-01	1.905460717963247e-01
101571	1.861826192727100e-01	1.862087136662867e-01
133528	1.819697308700501e-01	1.819700858609984e-01
179960	1.778130879964577e-01	1.778279410038923e-01
263077	1.737414693657496e-01	1.737800828749375e-01
375188	1.697965782777859e-01	1.698243652461744e-01
1200000	1.678348110907467e-01	1.698243652461744e-01
%
% index = 4032, name = bbob_f015_i27_d20__bbob_f021_i28_d20
% instance = 13, reference value = 1.000000000000000e+00
% function evaluation | indicator value | target hit
1	9.599304281051517e-01	9.772372209558107e-01
41	9.549918582147534e-01	9.549925860214360e-01
158	9.108914044527120e-01	9.120108393559098e-01
392	8.898260971459918e-01	8.912509381337456e-01
399	8.659834276725984e-01	8.709635899560807e-01
504	8.498671109535614e-01	8.511380382023764e-01
646	8.294697462859018e-01	8.317637711026710e-01
776	7.946842122002311e-01	8.128305161640993e-01
816	7.909814985520187e-01	7.943282347242815e-01
898	7.362136728254451e-01	7.413102413009175e-01
948	7.182971656643082e-01	7.244359600749900e-01
1060	7.001426767930629e-01	7.079457843841379e-01
1191	6.741596484519568e-01	6.760829753919817e-01
1238	6.558773150228712e-01	6.606934480075960e-01
1406	6.456305214892839e-01	6.456542290346555e-01
1421	6.271010203687546e-01	6.309573444801932e-01
1532	6.097618797895364e-01	6.165950018614822e-01
1787	6.022350877151165e-01	6.025595860743578e-01
1794	5.723160690769677e-01	5.754399373371569e-01
2035	5.588823820959179e-01	5.623413251903491e-01
2328	5.487908456086682e-01	5.495408738576245e-01
2825	5.370287239372474e-01	5.370317963702527e-01
3111	5.239326037040741e-01	5.248074602497725e-01
3957	5.126334172932574e-01	5.128613839913648e-01
4796	5.006104393112861e-01	5.011872336272722e-01
6050	4.897271442154640e-01	4.897788193684462e-01
7836	4.732252794900805e-01	4.786300923226383e-01
8962	4.677328253238435e-01	4.677351412871982e-01
11943	4.570636912384747e-01	4.570881896148750e-01
14573	4.466435662193117e-01	4.466835921509631e-01
18370	4.358911307637371e-01	4.365158322401660e-01
22052	4.264415936393522e-01	4.265795188015927e-01
26802	4.161103826591226e-01	4.168693834703354e-01
30298	4.070683135359139e-01	4.073802778041127e-01
31782	3.981020740023091e-01	3.981071705534972e-01
33182	3.890204343199992e-01	3.890451449942806e-01
34488	3.796016925992722e-01	3.801893963205612e-01
35752	3.707563864124085e-01	3.715352290971726e-01
38909	3.630771684310444e-01	3.630780547701014e-01
41723	3.528769132947962e-01	3.548133892335755e-01
42910	3.467092857282726e-01	3.467368504525316e-01
44240	3.386942129181981e-01	3.388441561392025e-01
45758	3.311237821810936e-01	3.311311214825911e-01
50081	3.214444253261488e-01	3.235936569296283e-01
53243	3.161575562788718e-01	3.162277660168379e-01
57113	3.088736790586637e-01	3.090295432513591e-01
61008	3.009773257893659e-01	3.019951720402016e-01
67495	2.950549615527576e-01	2.951209226666385e-01
77420	2.874988070352021e-01	2.884031503126606e-01
87199	2.818205788788584e-01	2.818382931264454e-01
103088	2.751770401256195e-01	2.754228703338166e-01
137335	2.690709320121889e-01	2.691534803926916e-01
202596	2.629148498638869e-01	2.630267991895382e-01
275555	2.563612956966046e-01	2.570395782768864e-01
344493	2.511885040120053e-01	2.511886431509580e-01
606385	2.454702913526978e-01	2.454708915685030e-01
1202213	2.432085403129542e-01	2.454708915685030e-01
%
% index = 4033, name = bbob_f015_i29_d20__bbob_f021_i30_d20
% instance = 14, reference value = 1.000000000000000e+00
% function evaluation | indicator value | target hit
1	9.676952588430110e-01	9.772372209558107e-01
30	9.349488676244486e-01	9.549925860214360e-01
125	9.330563951795692e-01	9.332543007969910e-01
212	9.070540937195632e-01	9.120108393559098e-01
339	8.712652377419220e-01	8.912509381337456e-01
343	8.707308667451854e-01	8.709635899560807e-01
552	8.233013564943368e-01	8.317637711026710e-01
739	8.101063038896907e-01	8.128305161640993e-01
1064	7.940347057189919e-01	7.943282347242815e-01
2598	7.751003730264996e-01	7.762471166286917e-01
4170	7.583823499912998e-01	7.585775750291838e-01
4585	7.342956848219575e-01	7.413102413009175e-01
5404	7.195304031732861e-01	7.244359600749900e-01
5431	7.075104336726135e-01	7.079457843841379e-01
6440	6.917305365920183e-01	6.918309709189365e-01
7376	6.760778511769697e-01	6.760829753919817e-01
8156	6.606904246450898e-01	6.606934480075960e-01
9089	6.455863767458445e-01	6.456542290346555e-01
10513	6.275479303843894e-01	6.309573444801932e-01
11393	6.162213618202205e-01	6.165950018614822e-01
12609	6.022532390147184e-01	6.025595860743578e-01
14574	5.887889936865514e-01	5.888436553555889e-01
15106	5.672025473667717e-01	5.754399373371569e-01
15889	5.568393606444532e-01	5.623413251903491e-01
16855	5.495288693007785e-01	5.495408738576245e-01
18505	5.370300342302581e-01	5.370317963702527e-01
21096	5.213105084796915e-01	5.248074602497725e-01
22774	5.109654812806471e-01	5.128613839913648e-01
26550	4.998388721982787e-01	5.011872336272722e-01
30488	4.897446733359266e-01	4.897788193684462e-01
33154	4.759456936614257e-01	4.786300923226383e-01
39147	4.676997306829324e-01	4.677351412871982e-01
42203	4.570703491475929e-01	4.570881896148750e-01
49219	4.466831714130147e-01	4.466835921509631e-01
57733	4.365036955031539e-01	4.365158322401660e-01
65740	4.265533430127212e-01	4.265795188015927e-01
76481	4.168465626349613e-01	4.168693834703354e-01
90897	4.073725268594039e-01	4.073802778041127e-01
117655	3.980665826890444e-01	3.981071705534972e-01
152782	3.890339673849129e-01	3.890451449942806e-01
215802	3.801656714480527e-01	3.801893963205612e-01
366553	3.715239172811350e-01	3.715352290971726e-01
1202590	3.648667242906241e-01	3.715352290971726e-01
%
% index = 4034, name = bbob_f015_i31_d20__bbob_f021_i34_d20
% instance = 15, reference value = 1.000000000000000e+00
% function evaluation | indicator value | target hit
1	9.552273451591179e-01	9.772372209558107e-01
21	9.420384067204862e-01	9.549925860214360e-01
45	9.332454543555652e-01	9.332543007969910e-01
367	8.889190666476396e-01	8.912509381337456e-01
376	8.574200963044802e-01	8.709635899560807e-01
498	8.477056741541025e-01	8.511380382023764e-01
731	8.288142310489874e-01	8.317637711026710e-01
813	8.044125068723152e-01	8.128305161640993e-01
970	7.775225473673293e-01	7.943282347242815e-01
976	7.687840738096622e-01	7.762471166286917e-01
1484	7.465987682126642e-01	7.585775750291838e-01
1685	7.286579000113822e-01	7.413102413009175e-01
1789	6.986211767345690e-01	7.079457843841379e-01
2185	6.881641928387986e-01	6.918309709189365e-01
2384	6.712826185071191e-01	6.760829753919817e-01
2531	6.452185334452292e-01	6.456542290346555e-01
2691	6.236217872903811e-01	6.309573444801932e-01
2824	6.157263870054258e-01	6.165950018614822e-01
3035	5.958392475184071e-01	6.025595860743578e-01
3435	5.754381794124883e-01	5.754399373371569e-01
4248	5.622900891081868e-01	5.623413251903491e-01
4751	5.458183977238404e-01	5.495408738576245e-01
5533	5.269547139100902e-01	5.370317963702527e-01
5592	5.229718116284769e-01	5.248074602497725e-01
6355	5.082946852605457e-01	5.128613839913648e-01
7030	4.933672551936209e-01	5.011872336272722e-01
7515	4.844961938201142e-01	4.897788193684462e-01
7792	4.773028042923760e-01	4.786300923226383e-01
8008	4.540164767352710e-01	4.570881896148750e-01
8700	4.412173027231076e-01	4.466835921509631e-01
9000	4.323269933245135e-01	4.365158322401660e-01
9889	4.261687972885475e-01	4.265795188015927e-01
11512	4.164801434850609e-01	4.168693834703354e-01
13926	4.059342034493890e-01	4.073802778041127e-01
15666	3.981015866121196e-01	3.981071705534972e-01
15992	3.886038167628508e-01	3.890451449942806e-01
16421	3.799019400991974e-01	3.801893963205612e-01
18401	3.713884431611099e-01	3.715352290971726e-01
20518	3.612200638284802e-01	3.630780547701014e-01
22488	3.522856453625424e-01	3.548133892335755e-01
23895	3.424217763125648e-01	3.467368504525316e-01
24269	3.381642050413551e-01	3.388441561392025e-01
25762	3.275121548894757e-01	3.311311214825911e-01
26269	3.202641815320549e-01	3.235936569296283e-01
26983	3.155514464966438e-01	3.162277660168379e-01
28044	3.074940254033188e-01	3.090295432513591e-01
30244	3.019940484980496e-01	3.019951720402016e-01
31337	2.949143813573172e-01	2.951209226666385e-01
36333	2.883945775501555e-01	2.884031503126606e-01
38535	2.807776205727663e-01	2.818382931264454e-01
40944	2.753157182000083e-01	2.754228703338166e-01
45610	2.688330795204206e-01	2.691534803926916e-01
52471	2.615375924589468e-01	2.630267991895382e-01
56213	2.557474698015442e-01	2.570395782768864e-01
58507	2.489170144729178e-01	2.511886431509580e-01
66378	2.451324831204637e-01	2.454708915685030e-01
68720	2.375288254251519e-01	2.398832919019490e-01
71993	2.334029020787416e-01	2.344228815319922e-01
80061	2.267659222509214e-01	2.290867652767773e-01
83136	2.211705796887942e-01	2.238721138568339e-01
90459	2.184071147728347e-01	2.187761623949552e-01
98898	2.137504756038799e-01	2.137962089502232e-01
107741	2.083866570253289e-01	2.089296130854039e-01
130548	2.038305753153926e-01	2.041737944669530e-01
156410	1.994152618183079e-01	1.995262314968880e-01
176154	1.946284645247442e-01	1.949844599758045e-01
222287	1.904907455727692e-01	1.905460717963247e-01
276763	1.859942314309176e-01	1.862087136662867e-01
309774	1.818286392221899e-01	1.819700858609984e-01
330010	1.773662889942862e-01	1.778279410038923e-01
363645	1.735828482959870e-01	1.737800828749375e-01
408764	1.696306560694211e-01	1.698243652461744e-01
460543	1.653204209902076e-01	1.659586907437560e-01
519676	1.617895838391507e-01	1.621810097358930e-01
610438	1.583183926062541e-01	1.584893192461113e-01
842227	1.548461167264569e-01	1.548816618912481e-01
1200000	1.532331301045435e-01	1.548816618912481e-01
