%
% index = 1425, name = bbob_f014_i02_d03__bbob_f014_i04_d03
% instance = 1, reference value = 8.857380756894060e-01
% function evaluation | indicator value | target hit
1	2.880947453290881e-01	2.884031503126606e-01
7	2.793090514683835e-01	2.818382931264454e-01
15	2.719909892395461e-01	2.754228703338166e-01
61	2.219828663977310e-01	2.238721138568339e-01
87	1.780707991621375e-01	1.819700858609984e-01
113	1.755587913166647e-01	1.778279410038923e-01
123	1.644345312747335e-01	1.659586907437560e-01
145	1.319342067006307e-01	1.348962882591654e-01
147	1.309390631609880e-01	1.318256738556407e-01
159	1.180174604517750e-01	1.202264434617413e-01
208	1.174777857579445e-01	1.174897554939529e-01
229	1.138230469103543e-01	1.148153621496883e-01
263	1.118226644460123e-01	1.122018454301964e-01
270	7.881763515287876e-02	7.943282347242814e-02
273	7.343246943380988e-02	7.413102413009177e-02
289	7.229503252907454e-02	7.244359600749903e-02
317	7.009211901290469e-02	7.079457843841380e-02
343	6.907949719785933e-02	6.918309709189366e-02
358	5.422169033228985e-02	5.495408738576246e-02
393	5.304315773947410e-02	5.370317963702527e-02
562	4.806952073663839e-02	4.897788193684462e-02
585	4.782643123992059e-02	4.786300923226382e-02
588	4.676589999915060e-02	4.677351412871981e-02
608	4.526426662290017e-02	4.570881896148749e-02
633	4.377066203611424e-02	4.466835921509630e-02
655	4.356637210726233e-02	4.365158322401658e-02
908	4.241616034603779e-02	4.265795188015926e-02
935	4.086446828643253e-02	4.168693834703355e-02
943	4.052580801960826e-02	4.073802778041128e-02
957	3.944884295327478e-02	3.981071705534973e-02
984	3.685415680649706e-02	3.715352290971726e-02
1028	3.422038937107474e-02	3.467368504525317e-02
1034	3.375661794059159e-02	3.388441561392026e-02
1069	3.303497478838924e-02	3.311311214825911e-02
1331	3.091994260371511e-02	3.162277660168379e-02
1332	2.963338436341845e-02	3.019951720402016e-02
1337	2.934812923319541e-02	2.951209226666385e-02
1405	2.877368231735167e-02	2.884031503126606e-02
1467	2.814718961285201e-02	2.818382931264454e-02
1504	2.739348760599281e-02	2.754228703338166e-02
1881	2.518606884620966e-02	2.570395782768863e-02
1894	2.504606238229656e-02	2.511886431509579e-02
1913	2.454178984103894e-02	2.454708915685030e-02
1934	2.387147501225706e-02	2.398832919019490e-02
2042	2.254649046370261e-02	2.290867652767773e-02
2612	2.237247950874899e-02	2.238721138568340e-02
2623	2.185140258873586e-02	2.187761623949553e-02
2675	2.134938322349711e-02	2.137962089502233e-02
2702	2.085708268466169e-02	2.089296130854040e-02
2915	2.032043982922127e-02	2.041737944669529e-02
3547	1.994610458577606e-02	1.995262314968880e-02
3681	1.928291765109047e-02	1.949844599758046e-02
3736	1.897701297308207e-02	1.905460717963247e-02
3788	1.861751050398563e-02	1.862087136662868e-02
3871	1.805348261423911e-02	1.819700858609984e-02
4351	1.688309816017597e-02	1.698243652461744e-02
5067	1.657850631518021e-02	1.659586907437561e-02
5169	1.440207561511642e-02	1.445439770745927e-02
5290	1.412280229028584e-02	1.412537544622754e-02
5342	1.379103705254792e-02	1.380384264602885e-02
5453	1.347789203520622e-02	1.348962882591653e-02
5578	1.317966250563141e-02	1.318256738556407e-02
7121	1.272073906656201e-02	1.288249551693134e-02
7208	1.258899494992893e-02	1.258925411794167e-02
7358	1.229208251318625e-02	1.230268770812382e-02
7561	1.201673316439089e-02	1.202264434617413e-02
7582	1.164608591972638e-02	1.174897554939530e-02
7636	1.129048315464831e-02	1.148153621496883e-02
7680	1.121868377981150e-02	1.122018454301964e-02
10009	1.092600461793525e-02	1.096478196143185e-02
10315	1.065692254371253e-02	1.071519305237606e-02
10583	1.047042920710894e-02	1.047128548050900e-02
10597	9.343821123280027e-03	9.549925860214359e-03
10653	9.332515699681077e-03	9.332543007969915e-03
13553	9.119480885742770e-03	9.120108393559097e-03
13617	8.756022063067692e-03	8.912509381337459e-03
13656	8.690401199851983e-03	8.709635899560805e-03
13714	8.448193034758078e-03	8.511380382023767e-03
13882	8.196488759612208e-03	8.317637711026709e-03
14004	8.105381249121191e-03	8.128305161640995e-03
14109	7.940926195558862e-03	7.943282347242814e-03
14410	7.734738022114107e-03	7.762471166286920e-03
14577	7.580778545884015e-03	7.585775750291836e-03
14674	7.413102122737047e-03	7.413102413009177e-03
14895	7.181255211115456e-03	7.244359600749898e-03
15092	7.055045855158038e-03	7.079457843841380e-03
19149	6.702536523470970e-03	6.760829753919818e-03
19246	6.529634880010793e-03	6.606934480075957e-03
19251	6.433576392768869e-03	6.456542290346556e-03
19299	6.284040748472330e-03	6.309573444801930e-03
19388	6.152715192182412e-03	6.165950018614822e-03
19734	6.017642519853483e-03	6.025595860743574e-03
20080	5.856032030330249e-03	5.888436553555890e-03
20155	5.723977839033334e-03	5.754399373371567e-03
20325	5.470403093245757e-03	5.495408738576248e-03
20444	5.328643676714484e-03	5.370317963702527e-03
20763	5.237776586627940e-03	5.248074602497728e-03
20956	4.966034605242364e-03	5.011872336272725e-03
21178	4.864270033136275e-03	4.897788193684461e-03
21265	4.785778748869318e-03	4.786300923226385e-03
21669	4.673208002064055e-03	4.677351412871981e-03
27170	4.570311034687413e-03	4.570881896148752e-03
27486	4.448607120405734e-03	4.466835921509630e-03
27815	4.365089130627609e-03	4.365158322401661e-03
28477	4.251317319632797e-03	4.265795188015926e-03
28904	4.167151140614611e-03	4.168693834703355e-03
29203	4.020933122652504e-03	4.073802778041126e-03
36357	3.980069917383755e-03	3.981071705534973e-03
36903	3.887864178335088e-03	3.890451449942805e-03
37372	3.794379327821118e-03	3.801893963205613e-03
38063	3.698069098528323e-03	3.715352290971724e-03
38867	3.629658148456727e-03	3.630780547701014e-03
39159	2.927774939473604e-03	2.951209226666387e-03
39512	2.881001176803677e-03	2.884031503126605e-03
40298	2.817005228769931e-03	2.818382931264455e-03
40514	2.616684477052322e-03	2.630267991895381e-03
41495	2.567631454786334e-03	2.570395782768865e-03
43041	2.511511177603620e-03	2.511886431509579e-03
44695	2.449747910683531e-03	2.454708915685031e-03
45897	2.397866715504460e-03	2.398832919019490e-03
47618	2.342571235601110e-03	2.344228815319923e-03
50189	2.287281981563805e-03	2.290867652767772e-03
51568	2.210896127285866e-03	2.238721138568340e-03
52578	2.187004104676205e-03	2.187761623949552e-03
54897	2.101081881855427e-03	2.137962089502233e-03
55247	2.087351222455958e-03	2.089296130854039e-03
61789	1.866615186317699e-03	1.905460717963246e-03
61881	1.861994112569709e-03	1.862087136662868e-03
63901	1.818237707164716e-03	1.819700858609983e-03
65247	1.777633627469188e-03	1.778279410038923e-03
66409	1.734887439834965e-03	1.737800828749376e-03
68556	1.698161274518717e-03	1.698243652461744e-03
69769	1.607789646880020e-03	1.621810097358930e-03
71266	1.584772340216589e-03	1.584893192461114e-03
72791	1.543868301677298e-03	1.548816618912481e-03
74090	1.513443803001113e-03	1.513561248436209e-03
74990	1.479011399615371e-03	1.479108388168207e-03
75815	1.423925773269552e-03	1.445439770745928e-03
76176	1.407308943320085e-03	1.412537544622754e-03
79057	1.380341043553113e-03	1.380384264602885e-03
80971	1.345566748106375e-03	1.348962882591653e-03
86070	1.315383941034698e-03	1.318256738556408e-03
86770	1.272203118323323e-03	1.288249551693134e-03
86971	1.253221550761241e-03	1.258925411794167e-03
87636	1.229284719835966e-03	1.230268770812381e-03
88430	1.202257842144339e-03	1.202264434617413e-03
89501	1.172254181249222e-03	1.174897554939529e-03
90982	1.144767941508307e-03	1.148153621496883e-03
91429	1.121140136306487e-03	1.122018454301963e-03
92787	1.095295821173403e-03	1.096478196143185e-03
93578	1.071363120864310e-03	1.071519305237606e-03
94935	1.046570279340076e-03	1.047128548050900e-03
96204	1.023099672894601e-03	1.023292992280754e-03
97758	9.999623090161114e-04	1.000000000000000e-03
98945	9.728392883648906e-04	9.772372209558111e-04
100337	9.543487666029415e-04	9.549925860214359e-04
101378	9.332339331344919e-04	9.332543007969915e-04
102658	9.119205182894774e-04	9.120108393559096e-04
103697	8.908011563324436e-04	8.912509381337459e-04
105235	8.706512633872565e-04	8.709635899560805e-04
109896	8.501702492130780e-04	8.511380382023768e-04
111008	8.310645176629050e-04	8.317637711026709e-04
112028	8.105877339386058e-04	8.128305161640995e-04
112942	7.940830207315841e-04	7.943282347242813e-04
114342	7.762231484741422e-04	7.762471166286919e-04
115619	7.584952178391058e-04	7.585775750291835e-04
115824	7.398384366269495e-04	7.413102413009177e-04
117344	7.244042426768349e-04	7.244359600749898e-04
119431	7.079000255173495e-04	7.079457843841380e-04
121770	6.918274881361208e-04	6.918309709189362e-04
123366	6.751140366467734e-04	6.760829753919819e-04
126096	6.606417965746569e-04	6.606934480075957e-04
129447	6.455158058779054e-04	6.456542290346556e-04
134383	6.309093249294850e-04	6.309573444801930e-04
137110	6.164596676762057e-04	6.165950018614823e-04
140126	6.024602372616261e-04	6.025595860743575e-04
143709	5.888391484037969e-04	5.888436553555889e-04
148109	5.752249084886030e-04	5.754399373371566e-04
152252	5.622665147010375e-04	5.623413251903491e-04
157351	5.495238137736003e-04	5.495408738576248e-04
161041	5.367364863112511e-04	5.370317963702527e-04
164928	5.247467135781614e-04	5.248074602497728e-04
169120	5.128588325920003e-04	5.128613839913648e-04
173493	5.011158803081006e-04	5.011872336272725e-04
179058	4.897624796436073e-04	4.897788193684461e-04
180001	4.873721298943590e-04	4.897788193684461e-04
%
% index = 1426, name = bbob_f014_i03_d03__bbob_f014_i05_d03
% instance = 2, reference value = 9.230526051003940e-01
% function evaluation | indicator value | target hit
1	4.651636047309057e-01	4.677351412871982e-01
9	4.422677486532177e-01	4.466835921509631e-01
14	4.033501192678564e-01	4.073802778041127e-01
29	3.948745092212305e-01	3.981071705534972e-01
33	3.479952526145463e-01	3.548133892335755e-01
48	3.448663964416000e-01	3.467368504525316e-01
51	2.655332943978786e-01	2.691534803926916e-01
91	1.277195072083339e-01	1.288249551693134e-01
119	1.255137879544692e-01	1.258925411794167e-01
125	1.150689583613659e-01	1.174897554939529e-01
138	1.147924052584195e-01	1.148153621496883e-01
146	9.316243441329686e-02	9.332543007969910e-02
167	9.057158998845716e-02	9.120108393559097e-02
186	8.452087746013937e-02	8.511380382023763e-02
190	7.954431014150487e-02	8.128305161640990e-02
199	7.910953499317863e-02	7.943282347242814e-02
207	7.101729222505626e-02	7.244359600749903e-02
213	7.041254502559624e-02	7.079457843841380e-02
220	6.766053163559060e-02	6.918309709189366e-02
221	6.695669950924854e-02	6.760829753919818e-02
226	6.498929066831449e-02	6.606934480075961e-02
231	5.684783293977547e-02	5.754399373371569e-02
244	5.433344295266185e-02	5.495408738576246e-02
247	5.282303680277856e-02	5.370317963702527e-02
250	5.157992405809952e-02	5.248074602497726e-02
256	5.109604640371590e-02	5.128613839913648e-02
334	4.989837529081054e-02	5.011872336272722e-02
347	4.872747873295191e-02	4.897788193684462e-02
371	4.767447760540522e-02	4.786300923226382e-02
398	4.559966394102244e-02	4.570881896148749e-02
399	4.393619227077450e-02	4.466835921509630e-02
529	4.356343343076341e-02	4.365158322401658e-02
532	4.108291814398002e-02	4.168693834703355e-02
555	4.022140258096618e-02	4.073802778041128e-02
580	3.960052977537598e-02	3.981071705534973e-02
608	3.848167663746482e-02	3.890451449942807e-02
642	2.867556568144769e-02	2.884031503126606e-02
652	2.740667529336949e-02	2.754228703338166e-02
659	2.679917902153295e-02	2.691534803926915e-02
674	2.629474910189178e-02	2.630267991895381e-02
706	2.556591477485115e-02	2.570395782768863e-02
936	2.505636607124950e-02	2.511886431509579e-02
951	2.450148323096779e-02	2.454708915685030e-02
957	2.350480663194521e-02	2.398832919019490e-02
962	2.288859930009335e-02	2.290867652767773e-02
983	2.225799217012014e-02	2.238721138568340e-02
987	2.097851465103762e-02	2.137962089502233e-02
1019	2.078254694046511e-02	2.089296130854040e-02
1058	2.041703278279750e-02	2.041737944669529e-02
1121	1.984061542733506e-02	1.995262314968880e-02
1145	1.948238634700139e-02	1.949844599758046e-02
1215	1.870375021999859e-02	1.905460717963247e-02
1242	1.845982023324411e-02	1.862087136662868e-02
1264	1.812741459060641e-02	1.819700858609984e-02
1536	1.769993731948105e-02	1.778279410038923e-02
1545	1.603177070826034e-02	1.621810097358930e-02
1581	1.584822924269569e-02	1.584893192461113e-02
1626	1.519168577593666e-02	1.548816618912481e-02
1640	1.500897608717633e-02	1.513561248436208e-02
1654	1.424672410589045e-02	1.445439770745927e-02
1671	1.412319267787288e-02	1.412537544622754e-02
1678	1.305756430340643e-02	1.318256738556407e-02
2035	1.282137886492374e-02	1.288249551693134e-02
2072	1.258364717781035e-02	1.258925411794167e-02
2159	1.229600026220534e-02	1.230268770812382e-02
2205	1.184799216643051e-02	1.202264434617413e-02
2221	1.174796606775974e-02	1.174897554939530e-02
2263	1.147227072828449e-02	1.148153621496883e-02
2272	1.110805720031605e-02	1.122018454301964e-02
2322	1.093423235822721e-02	1.096478196143185e-02
2379	1.054870412873066e-02	1.071519305237606e-02
2393	1.043528933536308e-02	1.047128548050900e-02
3005	1.023278703386510e-02	1.023292992280754e-02
3092	9.946454727759235e-03	1.000000000000000e-02
3123	9.755724579771252e-03	9.772372209558112e-03
3941	9.545488330649388e-03	9.549925860214359e-03
4016	9.331922424275829e-03	9.332543007969915e-03
4188	9.099616947874978e-03	9.120108393559097e-03
4301	8.891160919145324e-03	8.912509381337459e-03
5521	8.647573250363694e-03	8.709635899560805e-03
5572	8.504991072645240e-03	8.511380382023767e-03
5790	8.314558547872331e-03	8.317637711026709e-03
7629	8.072093519686296e-03	8.128305161640995e-03
7915	7.920061606330631e-03	7.943282347242814e-03
10254	6.375639411291045e-03	6.456542290346556e-03
10385	6.307857935087924e-03	6.309573444801930e-03
10802	6.165875166367574e-03	6.165950018614822e-03
11000	4.586972205485429e-03	4.677351412871981e-03
11086	4.568528612997724e-03	4.570881896148752e-03
14456	4.460560045913553e-03	4.466835921509630e-03
15121	4.094015796807238e-03	4.168693834703355e-03
19295	4.073528804711679e-03	4.073802778041126e-03
20457	3.980793824514883e-03	3.981071705534973e-03
27165	3.890071909531612e-03	3.890451449942805e-03
36414	3.801893829975200e-03	3.801893963205613e-03
36454	3.498295136397989e-03	3.548133892335753e-03
36828	3.179487367418909e-03	3.235936569296281e-03
37016	3.153112678847547e-03	3.162277660168379e-03
38730	3.080562847406876e-03	3.090295432513592e-03
38828	2.961287565811044e-03	3.019951720402016e-03
39287	2.931883080861675e-03	2.951209226666387e-03
42800	2.883367221417910e-03	2.884031503126605e-03
45865	2.818367642928865e-03	2.818382931264455e-03
46706	2.596424930053187e-03	2.630267991895381e-03
47149	2.557149017782701e-03	2.570395782768865e-03
50479	2.488802016608282e-03	2.511886431509579e-03
54564	2.454697129740335e-03	2.454708915685031e-03
60629	2.390966365782177e-03	2.398832919019490e-03
64008	2.343765735110193e-03	2.344228815319923e-03
65647	2.189456366649689e-03	2.238721138568340e-03
65854	2.182093713181787e-03	2.187761623949552e-03
68199	2.137381889222967e-03	2.137962089502233e-03
68617	2.076365937515812e-03	2.089296130854039e-03
72300	2.041451524667837e-03	2.041737944669530e-03
78957	1.993260222361237e-03	1.995262314968879e-03
84403	1.936394476459324e-03	1.949844599758046e-03
91982	1.627224251505188e-03	1.659586907437561e-03
93592	1.597633059623016e-03	1.621810097358930e-03
105545	1.584731429595365e-03	1.584893192461114e-03
108923	1.545205284217865e-03	1.548816618912481e-03
119783	1.513559324331171e-03	1.513561248436209e-03
135907	1.421453146990381e-03	1.445439770745928e-03
138202	1.356326629534110e-03	1.380384264602885e-03
144884	1.312085222938797e-03	1.318256738556408e-03
154396	1.123411238288297e-03	1.148153621496883e-03
156016	1.121685898036628e-03	1.122018454301963e-03
158643	1.044676491517182e-03	1.047128548050900e-03
162519	9.864754915885898e-04	1.000000000000000e-03
174682	9.498919611492518e-04	9.549925860214359e-04
178554	9.010461850589291e-04	9.120108393559096e-04
179631	8.906700954051106e-04	8.912509381337459e-04
180000	8.905713209895749e-04	8.912509381337459e-04
%
% index = 1427, name = bbob_f014_i07_d03__bbob_f014_i08_d03
% instance = 3, reference value = 9.144280271902480e-01
% function evaluation | indicator value | target hit
1	6.279524719321261e-01	6.309573444801932e-01
16	2.978755179325445e-01	3.019951720402016e-01
25	2.622220540110752e-01	2.630267991895382e-01
44	2.414326978406206e-01	2.454708915685030e-01
51	2.187942494183412e-01	2.238721138568339e-01
61	2.178985300405767e-01	2.187761623949552e-01
87	1.907672818383908e-01	1.949844599758045e-01
90	1.785387522868900e-01	1.819700858609984e-01
108	1.747641454922476e-01	1.778279410038923e-01
173	1.452248295878958e-01	1.479108388168208e-01
175	1.377143521353281e-01	1.380384264602885e-01
200	1.325826231930985e-01	1.348962882591654e-01
201	1.275884078109851e-01	1.288249551693134e-01
236	1.235741397463809e-01	1.258925411794167e-01
241	1.228499224164072e-01	1.230268770812381e-01
285	1.185164462423550e-01	1.202264434617413e-01
291	1.139486650959152e-01	1.148153621496883e-01
320	1.070291716039711e-01	1.071519305237607e-01
328	9.250394712392584e-02	9.332543007969910e-02
357	9.051601629462813e-02	9.120108393559097e-02
373	8.909802368548503e-02	8.912509381337455e-02
374	8.145062128433778e-02	8.317637711026708e-02
375	8.127738117644512e-02	8.128305161640990e-02
396	7.906169647770966e-02	7.943282347242814e-02
415	7.661593065580685e-02	7.762471166286916e-02
434	7.487658033451960e-02	7.585775750291836e-02
461	7.260080399240543e-02	7.413102413009177e-02
471	7.203677075976234e-02	7.244359600749903e-02
523	5.865009381354624e-02	5.888436553555890e-02
538	5.749007003449824e-02	5.754399373371569e-02
539	5.571790750234207e-02	5.623413251903491e-02
598	5.468244229747621e-02	5.495408738576246e-02
727	5.358621004305042e-02	5.370317963702527e-02
744	5.151051980635735e-02	5.248074602497726e-02
759	5.126169133522918e-02	5.128613839913648e-02
781	4.951014772731988e-02	5.011872336272722e-02
798	4.576773583277505e-02	4.677351412871981e-02
805	4.488420845908059e-02	4.570881896148749e-02
817	4.466035206727126e-02	4.466835921509630e-02
868	4.278076640697603e-02	4.365158322401658e-02
871	4.227864118771618e-02	4.265795188015926e-02
877	3.960380519512707e-02	3.981071705534973e-02
902	3.884836396633962e-02	3.890451449942807e-02
911	3.799242474221509e-02	3.801893963205612e-02
942	3.702965277093162e-02	3.715352290971726e-02
1000	3.626385342213811e-02	3.630780547701014e-02
1021	2.804597182460722e-02	2.818382931264454e-02
1055	2.723153148666613e-02	2.754228703338166e-02
1080	2.688438051448627e-02	2.691534803926915e-02
1093	2.537067675886207e-02	2.570395782768863e-02
1104	2.505234282193747e-02	2.511886431509579e-02
1357	2.442635514985636e-02	2.454708915685030e-02
1388	2.331586241988359e-02	2.344228815319923e-02
1444	2.290701361946612e-02	2.290867652767773e-02
1522	2.236079681584080e-02	2.238721138568340e-02
1910	2.187507313833748e-02	2.187761623949553e-02
2003	2.137717267181516e-02	2.137962089502233e-02
2054	2.088297450964571e-02	2.089296130854040e-02
2621	2.028072654637791e-02	2.041737944669529e-02
2654	1.993508643566266e-02	1.995262314968880e-02
2764	1.948003873405402e-02	1.949844599758046e-02
2839	1.819988267806927e-02	1.862087136662868e-02
2842	1.817885438307154e-02	1.819700858609984e-02
2969	1.777111317723168e-02	1.778279410038923e-02
3775	1.560132412842152e-02	1.584893192461113e-02
3846	1.548710862454694e-02	1.548816618912481e-02
3898	1.363539939319636e-02	1.380384264602885e-02
4042	1.348833011746342e-02	1.348962882591653e-02
4116	1.278727567140037e-02	1.288249551693134e-02
5115	1.231611529672116e-02	1.258925411794167e-02
5274	1.228570034068555e-02	1.230268770812382e-02
5410	1.001347472574665e-02	1.023292992280754e-02
5437	9.998251189109242e-03	1.000000000000000e-02
5559	9.772319448004940e-03	9.772372209558112e-03
5727	9.547471943553321e-03	9.549925860214359e-03
7584	9.307965129048856e-03	9.332543007969915e-03
7949	9.119172036792578e-03	9.120108393559097e-03
10472	8.871995562913071e-03	8.912509381337459e-03
10565	8.634583812098584e-03	8.709635899560805e-03
10828	8.500475602193247e-03	8.511380382023767e-03
10874	8.150703994748154e-03	8.317637711026709e-03
10956	8.127650576081447e-03	8.128305161640995e-03
11357	7.938646206090638e-03	7.943282347242814e-03
11555	5.815131708000743e-03	5.888436553555890e-03
11727	5.754386423941327e-03	5.754399373371567e-03
14985	5.620752166085152e-03	5.623413251903491e-03
15507	5.485215557114453e-03	5.495408738576248e-03
16024	4.823856669638693e-03	4.897788193684461e-03
16101	4.779299698715933e-03	4.786300923226385e-03
20596	4.644159269491910e-03	4.677351412871981e-03
21140	4.570628092419371e-03	4.570881896148752e-03
21780	4.466763986823885e-03	4.466835921509630e-03
22331	4.353058347882577e-03	4.365158322401661e-03
22517	4.258619942161257e-03	4.265795188015926e-03
23167	4.168391887347522e-03	4.168693834703355e-03
23703	4.067710362776533e-03	4.073802778041126e-03
29310	3.615838723053044e-03	3.630780547701014e-03
29620	3.532121498384666e-03	3.548133892335753e-03
29623	2.937904345933107e-03	2.951209226666387e-03
29903	2.875646998102277e-03	2.884031503126605e-03
30385	2.792302260683943e-03	2.818382931264455e-03
30869	2.716177523733876e-03	2.754228703338166e-03
31095	2.676863279349018e-03	2.691534803926917e-03
31456	2.575388277163859e-03	2.630267991895381e-03
31695	2.570392047857251e-03	2.570395782768865e-03
32175	2.511797723080633e-03	2.511886431509579e-03
32936	2.428305501543715e-03	2.454708915685031e-03
33548	2.338599349134163e-03	2.344228815319923e-03
41525	2.290717611680093e-03	2.290867652767772e-03
42083	2.238243485649716e-03	2.238721138568340e-03
43372	2.187702495504040e-03	2.187761623949552e-03
43593	2.043295535041345e-03	2.089296130854039e-03
43781	2.041588745697487e-03	2.041737944669530e-03
45557	1.994457739392108e-03	1.995262314968879e-03
46872	1.942929674387139e-03	1.949844599758046e-03
46976	1.577786799539460e-03	1.584893192461114e-03
47439	1.548195189061463e-03	1.548816618912481e-03
49444	1.513488591081913e-03	1.513561248436209e-03
51433	1.479067373894472e-03	1.479108388168207e-03
54117	1.437413548866395e-03	1.445439770745928e-03
55720	1.412253560035381e-03	1.412537544622754e-03
58914	1.377306128199418e-03	1.380384264602885e-03
60375	1.348910570594941e-03	1.348962882591653e-03
67826	1.318244514667444e-03	1.318256738556408e-03
70557	1.287275397696241e-03	1.288249551693134e-03
72308	1.258917073357346e-03	1.258925411794167e-03
74832	1.227907910749226e-03	1.230268770812381e-03
76231	1.200290229315559e-03	1.202264434617413e-03
78904	1.174891035013448e-03	1.174897554939529e-03
84640	1.147596495430503e-03	1.148153621496883e-03
93339	1.119562768760907e-03	1.122018454301963e-03
97350	9.955665107742595e-04	1.000000000000000e-03
100537	9.772313846195813e-04	9.772372209558111e-04
103633	9.512918970907558e-04	9.549925860214359e-04
107999	9.321303492808575e-04	9.332543007969915e-04
117016	9.119366567938991e-04	9.120108393559096e-04
122154	8.911581030476290e-04	8.912509381337459e-04
125524	8.709627758379801e-04	8.709635899560805e-04
129790	8.497729667762410e-04	8.511380382023768e-04
133826	8.316413515194743e-04	8.317637711026709e-04
143053	8.128259003993277e-04	8.128305161640995e-04
145713	7.923563441721848e-04	7.943282347242813e-04
148968	7.743629329709512e-04	7.762471166286919e-04
152458	7.585500088050923e-04	7.585775750291835e-04
156932	7.413075899391774e-04	7.413102413009177e-04
158970	7.244358522072725e-04	7.244359600749898e-04
164240	6.850888657526921e-04	6.918309709189362e-04
165009	6.757604953527840e-04	6.760829753919819e-04
168843	6.369041693948807e-04	6.456542290346556e-04
171023	6.307959197685564e-04	6.309573444801930e-04
175131	6.165101079199653e-04	6.165950018614823e-04
180000	6.072463138150352e-04	6.165950018614823e-04
%
% index = 1428, name = bbob_f014_i09_d03__bbob_f014_i10_d03
% instance = 4, reference value = 6.952387991087050e-01
% function evaluation | indicator value | target hit
1	1.656994803937948e+00	1.659586907437561e+00
100	9.913984779454068e-01	1.000000000000000e+00
127	6.480134663771688e-01	6.606934480075960e-01
160	6.306822328859902e-01	6.309573444801932e-01
164	6.002304514003899e-01	6.025595860743578e-01
174	4.179005665467783e-01	4.265795188015927e-01
203	3.938909323469055e-01	3.981071705534972e-01
221	3.806707756965592e-01	3.890451449942806e-01
231	3.758637814960619e-01	3.801893963205612e-01
235	3.384650277524938e-01	3.388441561392025e-01
250	1.952315193125550e-01	1.995262314968880e-01
261	1.909954697243986e-01	1.949844599758045e-01
263	1.769873294745329e-01	1.778279410038923e-01
277	1.721637479852184e-01	1.737800828749375e-01
305	1.676237207803495e-01	1.698243652461744e-01
312	1.487589497876288e-01	1.513561248436208e-01
326	1.441599952293564e-01	1.445439770745928e-01
345	1.402818612299932e-01	1.412537544622754e-01
358	1.370671162717698e-01	1.380384264602885e-01
360	1.110794660135496e-01	1.122018454301964e-01
373	1.018685451755348e-01	1.023292992280754e-01
380	9.783380253586005e-02	1.000000000000000e-01
382	9.483887727737339e-02	9.549925860214359e-02
391	8.566878064089256e-02	8.709635899560805e-02
426	8.484442727842767e-02	8.511380382023763e-02
446	7.229582395344558e-02	7.244359600749903e-02
460	6.780681775777242e-02	6.918309709189366e-02
462	6.657714797784886e-02	6.760829753919818e-02
464	6.407431598438262e-02	6.456542290346556e-02
470	6.110190083426092e-02	6.165950018614822e-02
473	5.944986711704336e-02	6.025595860743578e-02
480	5.860573463425456e-02	5.888436553555890e-02
494	5.741184202631044e-02	5.754399373371569e-02
531	5.620788985604663e-02	5.623413251903491e-02
557	5.484973383249714e-02	5.495408738576246e-02
579	5.019164491724304e-02	5.128613839913648e-02
588	5.005346336552818e-02	5.011872336272722e-02
598	4.866805695648424e-02	4.897788193684462e-02
599	4.641865971586789e-02	4.677351412871981e-02
735	4.534321214877757e-02	4.570881896148749e-02
747	4.453185933967241e-02	4.466835921509630e-02
762	4.332884371980483e-02	4.365158322401658e-02
765	4.063405930643571e-02	4.073802778041128e-02
773	3.842923557663003e-02	3.890451449942807e-02
774	3.751377545176460e-02	3.801893963205612e-02
785	3.672716338490911e-02	3.715352290971726e-02
793	3.612277493737559e-02	3.630780547701014e-02
795	3.508990764366260e-02	3.548133892335755e-02
807	3.325269620360449e-02	3.388441561392026e-02
810	3.242141574608948e-02	3.311311214825911e-02
830	3.234944349356850e-02	3.235936569296283e-02
855	3.147874773915782e-02	3.162277660168379e-02
866	3.038469658283782e-02	3.090295432513590e-02
871	2.981248397534830e-02	3.019951720402016e-02
874	2.941052406383049e-02	2.951209226666385e-02
899	2.879549455796371e-02	2.884031503126606e-02
911	2.806253801836900e-02	2.818382931264454e-02
920	2.752098307260331e-02	2.754228703338166e-02
926	2.492863193296324e-02	2.511886431509579e-02
1194	2.450130012943108e-02	2.454708915685030e-02
1200	2.386166205029416e-02	2.398832919019490e-02
1219	2.331960235631114e-02	2.344228815319923e-02
1232	2.290422890057475e-02	2.290867652767773e-02
1252	2.196501811059026e-02	2.238721138568340e-02
1254	2.161914675201615e-02	2.187761623949553e-02
1259	2.123762090002967e-02	2.137962089502233e-02
1284	2.041559295871698e-02	2.041737944669529e-02
1295	1.966439184611812e-02	1.995262314968880e-02
1302	1.936286361965878e-02	1.949844599758046e-02
1307	1.903031538125621e-02	1.905460717963247e-02
1319	1.848545197121410e-02	1.862087136662868e-02
1340	1.819091482968938e-02	1.819700858609984e-02
1377	1.773352508918979e-02	1.778279410038923e-02
1820	1.736658365775268e-02	1.737800828749375e-02
1869	1.697719986266788e-02	1.698243652461744e-02
1893	1.659453030775471e-02	1.659586907437561e-02
1933	1.613369822973476e-02	1.621810097358930e-02
1990	1.584050303885931e-02	1.584893192461113e-02
2006	1.546657450156241e-02	1.548816618912481e-02
2046	1.505877488535967e-02	1.513561248436208e-02
2068	1.446729601989527e-02	1.479108388168207e-02
2069	1.437433817023015e-02	1.445439770745927e-02
2168	1.412101628860707e-02	1.412537544622754e-02
2906	1.362863066063857e-02	1.380384264602885e-02
2918	1.346938870668257e-02	1.348962882591653e-02
2970	1.313724591780274e-02	1.318256738556407e-02
2990	1.278424721253701e-02	1.288249551693134e-02
3028	1.257995087202524e-02	1.258925411794167e-02
3090	1.177243316871723e-02	1.202264434617413e-02
3097	1.174709604421675e-02	1.174897554939530e-02
3196	1.141247367289533e-02	1.148153621496883e-02
3222	1.114155610459033e-02	1.122018454301964e-02
3278	1.096448490336188e-02	1.096478196143185e-02
4399	1.071251695979092e-02	1.071519305237606e-02
4530	1.045771564681919e-02	1.047128548050900e-02
4588	1.023272739649284e-02	1.023292992280754e-02
4597	9.794730980293043e-03	1.000000000000000e-02
4602	9.756484395622267e-03	9.772372209558112e-03
4632	9.338820820015581e-03	9.549925860214359e-03
4640	9.320147094912912e-03	9.332543007969915e-03
4712	9.114701535903325e-03	9.120108393559097e-03
6238	8.895253152597649e-03	8.912509381337459e-03
6252	8.627669042036046e-03	8.709635899560805e-03
6319	8.506897169971883e-03	8.511380382023767e-03
6378	8.317150889307734e-03	8.317637711026709e-03
6498	8.127952246462899e-03	8.128305161640995e-03
6658	7.937670840201805e-03	7.943282347242814e-03
8874	7.752446820679659e-03	7.762471166286920e-03
9080	7.153877754885185e-03	7.244359600749898e-03
9127	6.988886364492797e-03	7.079457843841380e-03
9217	6.901024507182885e-03	6.918309709189363e-03
9234	6.645685757516229e-03	6.760829753919818e-03
9261	6.606024654682630e-03	6.606934480075957e-03
9468	5.939062480936230e-03	6.025595860743574e-03
9577	5.888264140087252e-03	5.888436553555890e-03
12523	5.754281653185145e-03	5.754399373371567e-03
12555	5.476913240463954e-03	5.495408738576248e-03
12720	5.369097770198561e-03	5.370317963702527e-03
12967	5.247730083023483e-03	5.248074602497728e-03
13292	5.127344903572029e-03	5.128613839913648e-03
13598	4.686661811815207e-03	4.786300923226385e-03
13644	4.671511403665063e-03	4.677351412871981e-03
13779	4.533890301335664e-03	4.570881896148752e-03
17737	4.455742593322376e-03	4.466835921509630e-03
17892	4.263635729759852e-03	4.265795188015926e-03
18232	4.168181253223935e-03	4.168693834703355e-03
18671	4.073235150609200e-03	4.073802778041126e-03
18994	3.974738322426785e-03	3.981071705534973e-03
19278	3.742351317027937e-03	3.801893963205613e-03
19431	3.431889771449481e-03	3.467368504525317e-03
19505	3.386031442187076e-03	3.388441561392024e-03
19993	3.301032931447234e-03	3.311311214825911e-03
20330	3.226873991610701e-03	3.235936569296281e-03
25577	3.161810649822239e-03	3.162277660168379e-03
25959	3.087482448764223e-03	3.090295432513592e-03
26503	2.980078406354059e-03	3.019951720402016e-03
26589	2.940900316780515e-03	2.951209226666387e-03
26878	2.809277392136100e-03	2.818382931264455e-03
27252	2.585548142156169e-03	2.630267991895381e-03
27323	2.556573867982137e-03	2.570395782768865e-03
27873	2.502876767143558e-03	2.511886431509579e-03
28309	2.454521864743930e-03	2.454708915685031e-03
28935	2.392925139319546e-03	2.398832919019490e-03
29421	2.344197211053278e-03	2.344228815319923e-03
30145	2.290866020632554e-03	2.290867652767772e-03
30920	2.235631534186489e-03	2.238721138568340e-03
38174	2.187527597895866e-03	2.187761623949552e-03
38694	2.133416716633918e-03	2.137962089502233e-03
39553	2.089273277650627e-03	2.089296130854039e-03
40269	1.735706255019176e-03	1.737800828749376e-03
40608	1.680412376369733e-03	1.698243652461744e-03
40702	1.583684117514639e-03	1.584893192461114e-03
41479	1.544076123574878e-03	1.548816618912481e-03
42662	1.461179381694766e-03	1.479108388168207e-03
43023	1.444171491805535e-03	1.445439770745928e-03
44125	1.412496566515875e-03	1.412537544622754e-03
45618	1.320243199598004e-03	1.348962882591653e-03
45698	1.317618565603751e-03	1.318256738556408e-03
45949	1.259695439503772e-03	1.288249551693134e-03
46079	1.258919631455524e-03	1.258925411794167e-03
47406	1.228138640579801e-03	1.230268770812381e-03
49176	1.202223003582525e-03	1.202264434617413e-03
49497	1.174896693166505e-03	1.174897554939529e-03
50086	1.148018714697607e-03	1.148153621496883e-03
51907	1.121121754829035e-03	1.122018454301963e-03
52324	1.089291898689226e-03	1.096478196143185e-03
52864	1.069969469777665e-03	1.071519305237606e-03
53132	1.043972065702503e-03	1.047128548050900e-03
54642	1.022307102844011e-03	1.023292992280754e-03
55325	9.999117787834466e-04	1.000000000000000e-03
55677	9.455363683014140e-04	9.549925860214359e-04
57306	9.302965913429162e-04	9.332543007969915e-04
65267	9.119898079094080e-04	9.120108393559096e-04
65643	8.636902438737826e-04	8.709635899560805e-04
65708	8.288006220027455e-04	8.317637711026709e-04
65747	8.112819883911992e-04	8.128305161640995e-04
65911	7.931907714007203e-04	7.943282347242813e-04
66319	7.727933996461989e-04	7.762471166286919e-04
67161	7.472069894993716e-04	7.585775750291835e-04
67297	7.409163336556945e-04	7.413102413009177e-04
67467	7.217109492281271e-04	7.244359600749898e-04
68509	7.076315135220446e-04	7.079457843841380e-04
68981	6.902117800438035e-04	6.918309709189362e-04
69664	6.750098419908701e-04	6.760829753919819e-04
69832	6.566241613571444e-04	6.606934480075957e-04
70494	6.432547555428325e-04	6.456542290346556e-04
71466	6.303662758903039e-04	6.309573444801930e-04
72857	6.165576524180816e-04	6.165950018614823e-04
73696	6.025563817112500e-04	6.025595860743575e-04
74934	5.888420600915767e-04	5.888436553555889e-04
77276	5.754123780593590e-04	5.754399373371566e-04
78604	5.588621098179258e-04	5.623413251903491e-04
79580	5.487507076027409e-04	5.495408738576248e-04
81532	5.363083299004812e-04	5.370317963702527e-04
83214	5.235174580432433e-04	5.248074602497728e-04
84552	5.125465879636248e-04	5.128613839913648e-04
92324	5.011671103507531e-04	5.011872336272725e-04
92932	4.897444232297987e-04	4.897788193684461e-04
93783	4.722361980878942e-04	4.786300923226385e-04
94251	4.674907759620872e-04	4.677351412871981e-04
95868	4.570307489059067e-04	4.570881896148752e-04
96594	4.461895956610062e-04	4.466835921509630e-04
97739	4.364904244044121e-04	4.365158322401661e-04
99344	4.265370612364094e-04	4.265795188015926e-04
101737	4.168570958029694e-04	4.168693834703355e-04
103785	4.072879899894577e-04	4.073802778041126e-04
106225	3.979010013617224e-04	3.981071705534974e-04
108141	3.875705490767878e-04	3.890451449942805e-04
110899	3.800298211542597e-04	3.801893963205612e-04
119142	3.714451353657999e-04	3.715352290971724e-04
121118	3.616660740759503e-04	3.630780547701014e-04
122496	3.548045789235621e-04	3.548133892335753e-04
124972	3.467192144088749e-04	3.467368504525317e-04
127603	3.387912145067506e-04	3.388441561392024e-04
130645	3.302655051806713e-04	3.311311214825911e-04
133704	3.235915421496705e-04	3.235936569296281e-04
137751	3.162068305121446e-04	3.162277660168379e-04
146532	3.089480554250290e-04	3.090295432513592e-04
148978	3.019924130627238e-04	3.019951720402016e-04
151900	2.950951761861997e-04	2.951209226666387e-04
154986	2.882286600912609e-04	2.884031503126605e-04
159537	2.818376331450434e-04	2.818382931264455e-04
172423	2.754004289474699e-04	2.754228703338166e-04
176110	2.690598394472499e-04	2.691534803926917e-04
180001	2.654124744695396e-04	2.691534803926917e-04
%
% index = 1429, name = bbob_f014_i11_d03__bbob_f014_i12_d03
% instance = 5, reference value = 8.228727336975320e-01
% function evaluation | indicator value | target hit
1	5.226977932660681e-01	5.248074602497725e-01
37	4.203327045574446e-01	4.265795188015927e-01
116	4.160321238164976e-01	4.168693834703354e-01
131	3.959745474167443e-01	3.981071705534972e-01
164	3.827515368758606e-01	3.890451449942806e-01
229	3.026978512961443e-01	3.090295432513591e-01
238	3.013801501130552e-01	3.019951720402016e-01
262	1.942551858334831e-01	1.949844599758045e-01
264	1.901276924256132e-01	1.905460717963247e-01
273	1.827192500714838e-01	1.862087136662867e-01
276	1.238707258210370e-01	1.258925411794167e-01
295	1.228873657636996e-01	1.230268770812381e-01
315	1.200071117857946e-01	1.202264434617413e-01
345	1.168959601393871e-01	1.174897554939529e-01
397	1.142059279344831e-01	1.148153621496883e-01
409	1.115252220730357e-01	1.122018454301964e-01
430	1.079429632273619e-01	1.096478196143185e-01
455	1.070493695428107e-01	1.071519305237607e-01
540	1.044696835706498e-01	1.047128548050900e-01
550	1.012839785042763e-01	1.023292992280754e-01
808	9.977635792496320e-02	1.000000000000000e-01
836	9.461253641832146e-02	9.549925860214359e-02
867	9.296630690759489e-02	9.332543007969910e-02
924	9.118670976807286e-02	9.120108393559097e-02
1200	8.912013970535049e-02	8.912509381337455e-02
1245	8.007347610138271e-02	8.128305161640990e-02
1349	7.942326767125896e-02	7.943282347242814e-02
1690	6.534718101790549e-02	6.606934480075961e-02
1755	6.440629985844670e-02	6.456542290346556e-02
1775	4.638090735858313e-02	4.677351412871981e-02
2369	4.568667322254494e-02	4.570881896148749e-02
2496	4.402896396988343e-02	4.466835921509630e-02
3278	4.268862855365330e-02	4.365158322401658e-02
3285	4.265410720119189e-02	4.265795188015926e-02
3304	3.269839826873855e-02	3.311311214825911e-02
3322	3.233975105824538e-02	3.235936569296283e-02
4643	3.162198447702502e-02	3.162277660168379e-02
4785	3.083446920381594e-02	3.090295432513590e-02
4826	2.696503107126680e-02	2.754228703338166e-02
4910	2.687360078795809e-02	2.691534803926915e-02
5137	2.628956769669899e-02	2.630267991895381e-02
7142	2.515909414176687e-02	2.570395782768863e-02
7169	2.451295344327931e-02	2.454708915685030e-02
7222	1.601471911445007e-02	1.621810097358930e-02
9437	1.584165947275218e-02	1.584893192461113e-02
9553	1.377043010527623e-02	1.380384264602885e-02
9954	1.348683048495625e-02	1.348962882591653e-02
12809	1.291912712203647e-02	1.318256738556407e-02
12847	1.288240422448639e-02	1.288249551693134e-02
13182	1.248228560761533e-02	1.258925411794167e-02
13316	1.229418120313275e-02	1.230268770812382e-02
17889	1.202237031273412e-02	1.202264434617413e-02
18169	1.134511675899996e-02	1.148153621496883e-02
18179	8.192135086436347e-03	8.317637711026709e-03
18253	7.736087210942544e-03	7.762471166286920e-03
18660	7.234621627022153e-03	7.244359600749898e-03
19192	6.980598631895707e-03	7.079457843841380e-03
19213	6.915729255652980e-03	6.918309709189363e-03
19303	6.710159460772358e-03	6.760829753919818e-03
19570	6.605637726453839e-03	6.606934480075957e-03
25032	6.444539452412079e-03	6.456542290346556e-03
25086	6.255764922079687e-03	6.309573444801930e-03
25087	4.389615223490018e-03	4.466835921509630e-03
25323	4.363229657104672e-03	4.365158322401661e-03
25361	4.264075619547225e-03	4.265795188015926e-03
25467	4.168318353462541e-03	4.168693834703355e-03
25754	4.073748713877889e-03	4.073802778041126e-03
26019	3.980561437871954e-03	3.981071705534973e-03
26989	3.890122349924363e-03	3.890451449942805e-03
27633	3.799947199296438e-03	3.801893963205613e-03
27913	3.644872117134601e-03	3.715352290971724e-03
28176	3.625586054229024e-03	3.630780547701014e-03
28807	3.542534830376254e-03	3.548133892335753e-03
29790	3.402697137958599e-03	3.467368504525317e-03
29894	3.377631157843841e-03	3.388441561392024e-03
36584	3.311258476367485e-03	3.311311214825911e-03
37524	3.224348330574833e-03	3.235936569296281e-03
37997	3.161073321431451e-03	3.162277660168379e-03
38535	3.090248362174974e-03	3.090295432513592e-03
38926	3.019822989066001e-03	3.019951720402016e-03
40097	2.950832352240473e-03	2.951209226666387e-03
40839	2.869650097038212e-03	2.884031503126605e-03
41361	2.818270706515524e-03	2.818382931264455e-03
43228	2.751082431669660e-03	2.754228703338166e-03
44188	2.532740045991910e-03	2.570395782768865e-03
44790	2.504186615492343e-03	2.511886431509579e-03
46170	2.319226393555640e-03	2.344228815319923e-03
47835	2.290862082284129e-03	2.290867652767772e-03
51823	2.238375561519401e-03	2.238721138568340e-03
63523	2.187678380403679e-03	2.187761623949552e-03
66522	2.137954813869358e-03	2.137962089502233e-03
67657	1.933363752438355e-03	1.949844599758046e-03
69158	1.895143212980344e-03	1.905460717963246e-03
71966	1.862085983744266e-03	1.862087136662868e-03
75656	1.819095657353720e-03	1.819700858609983e-03
80266	1.778001206029334e-03	1.778279410038923e-03
90614	1.737757992867239e-03	1.737800828749376e-03
93077	1.695639484468714e-03	1.698243652461744e-03
94336	1.641643618908506e-03	1.659586907437561e-03
96533	1.621809136514885e-03	1.621810097358930e-03
104006	1.584756738300053e-03	1.584893192461114e-03
120817	1.548732585365920e-03	1.548816618912481e-03
142180	1.513481985682685e-03	1.513561248436209e-03
176214	1.479103144097160e-03	1.479108388168207e-03
176510	1.402211382544816e-03	1.412537544622754e-03
180000	1.398976447445355e-03	1.412537544622754e-03
%
% index = 1430, name = bbob_f014_i13_d03__bbob_f014_i14_d03
% instance = 6, reference value = 8.968263331179210e-01
% function evaluation | indicator value | target hit
1	3.186344458691464e+00	3.235936569296283e+00
7	3.033655688302145e+00	3.090295432513591e+00
18	1.114532107055421e+00	1.122018454301963e+00
88	9.503785665879211e-01	9.549925860214360e-01
92	4.663546476974850e-01	4.677351412871982e-01
113	3.763183908931376e-01	3.801893963205612e-01
174	3.526380056930877e-01	3.548133892335755e-01
179	3.420804348723679e-01	3.467368504525316e-01
191	3.053224133117720e-01	3.090295432513591e-01
211	2.887570319754544e-01	2.951209226666385e-01
212	2.682206597523523e-01	2.691534803926916e-01
233	2.595733499559914e-01	2.630267991895382e-01
245	2.561375478194798e-01	2.570395782768864e-01
246	1.763780389884702e-01	1.778279410038923e-01
247	1.481464078975284e-01	1.513561248436208e-01
257	1.405946460504770e-01	1.412537544622754e-01
274	1.335216580651100e-01	1.348962882591654e-01
281	1.312147105834570e-01	1.318256738556407e-01
296	1.260106748088899e-01	1.288249551693134e-01
309	1.253524963489924e-01	1.258925411794167e-01
330	1.194305440761204e-01	1.202264434617413e-01
334	1.010477359884921e-01	1.023292992280754e-01
339	9.911309212825292e-02	1.000000000000000e-01
344	9.009487825093565e-02	9.120108393559097e-02
377	8.592577009429203e-02	8.709635899560805e-02
389	8.356709646018368e-02	8.511380382023763e-02
390	8.233853032696292e-02	8.317637711026708e-02
392	8.011400401407043e-02	8.128305161640990e-02
393	7.739519848047260e-02	7.762471166286916e-02
396	7.578481351505184e-02	7.585775750291836e-02
403	7.161864779020100e-02	7.244359600749903e-02
431	7.001007944913951e-02	7.079457843841380e-02
433	6.487825637463251e-02	6.606934480075961e-02
439	6.454599853417209e-02	6.456542290346556e-02
444	6.223773773789232e-02	6.309573444801933e-02
452	5.961261121835892e-02	6.025595860743578e-02
458	5.756952469707211e-02	5.888436553555890e-02
465	5.663414765554031e-02	5.754399373371569e-02
478	5.502506828876830e-02	5.623413251903491e-02
484	5.418355187122337e-02	5.495408738576246e-02
502	5.312823345724493e-02	5.370317963702527e-02
503	4.923045582379693e-02	5.011872336272722e-02
509	4.249815892361997e-02	4.265795188015926e-02
528	3.858860549199639e-02	3.890451449942807e-02
546	3.801160079559773e-02	3.801893963205612e-02
560	3.689252016723454e-02	3.715352290971726e-02
580	3.611348977900686e-02	3.630780547701014e-02
582	3.478032590946667e-02	3.548133892335755e-02
587	3.422846467042073e-02	3.467368504525317e-02
755	3.340996997692169e-02	3.388441561392026e-02
764	3.275245869822374e-02	3.311311214825911e-02
772	3.216775738011124e-02	3.235936569296283e-02
777	3.136893443311928e-02	3.162277660168379e-02
780	3.037223647976484e-02	3.090295432513590e-02
788	3.016492997111420e-02	3.019951720402016e-02
797	2.712870101390708e-02	2.754228703338166e-02
801	2.681476923652693e-02	2.691534803926915e-02
829	2.628563188627031e-02	2.630267991895381e-02
839	2.544863273758968e-02	2.570395782768863e-02
856	2.498825990937725e-02	2.511886431509579e-02
866	2.453313234579169e-02	2.454708915685030e-02
868	2.383126146274694e-02	2.398832919019490e-02
880	2.331240290195202e-02	2.344228815319923e-02
895	2.279669019184449e-02	2.290867652767773e-02
899	2.221587269733372e-02	2.238721138568340e-02
907	2.183329952154522e-02	2.187761623949553e-02
920	2.134298733757634e-02	2.137962089502233e-02
1095	2.079157005990617e-02	2.089296130854040e-02
1114	2.021577034136590e-02	2.041737944669529e-02
1120	1.995086189186202e-02	1.995262314968880e-02
1141	1.932694780346222e-02	1.949844599758046e-02
1147	1.893141724562974e-02	1.905460717963247e-02
1180	1.861003489603619e-02	1.862087136662868e-02
1211	1.812931590436606e-02	1.819700858609984e-02
1223	1.769075257648556e-02	1.778279410038923e-02
1228	1.736794213082571e-02	1.737800828749375e-02
1275	1.695451723318808e-02	1.698243652461744e-02
1572	1.617169102637339e-02	1.621810097358930e-02
1584	1.573518695316101e-02	1.584893192461113e-02
1603	1.513634640765116e-02	1.548816618912481e-02
1605	1.511787393973840e-02	1.513561248436208e-02
1627	1.474442279575772e-02	1.479108388168207e-02
1636	1.440098275127366e-02	1.445439770745927e-02
1662	1.405970257172739e-02	1.412537544622754e-02
1673	1.370473553495599e-02	1.380384264602885e-02
1692	1.346633002737729e-02	1.348962882591653e-02
1698	1.299965680859072e-02	1.318256738556407e-02
1719	1.231866538599347e-02	1.258925411794167e-02
1728	1.222956575187062e-02	1.230268770812382e-02
1771	1.200856847411225e-02	1.202264434617413e-02
1774	1.117040447422546e-02	1.122018454301964e-02
1807	1.096025794822297e-02	1.096478196143185e-02
1836	1.066799579371336e-02	1.071519305237606e-02
1845	1.037317637547297e-02	1.047128548050900e-02
1860	1.019943937843282e-02	1.023292992280754e-02
1898	9.984862432098063e-03	1.000000000000000e-02
1941	9.764332491285610e-03	9.772372209558112e-03
1964	9.461343121827448e-03	9.549925860214359e-03
2455	9.275843910216297e-03	9.332543007969915e-03
2474	9.092108549356270e-03	9.120108393559097e-03
2495	8.912466003059172e-03	8.912509381337459e-03
2523	8.649264464047901e-03	8.709635899560805e-03
2548	8.497226193727725e-03	8.511380382023767e-03
2564	8.276398273403096e-03	8.317637711026709e-03
2607	8.114311721766021e-03	8.128305161640995e-03
2665	7.905369353128577e-03	7.943282347242814e-03
2674	7.716102015328685e-03	7.762471166286920e-03
2688	7.558131147904712e-03	7.585775750291836e-03
2734	7.345583580804282e-03	7.413102413009177e-03
2764	7.202222950077553e-03	7.244359600749898e-03
2791	7.078858823112655e-03	7.079457843841380e-03
3585	6.863508236900295e-03	6.918309709189363e-03
3618	6.629839803580007e-03	6.760829753919818e-03
3638	6.589344167604372e-03	6.606934480075957e-03
3656	6.323439789832075e-03	6.456542290346556e-03
3666	6.308811627768196e-03	6.309573444801930e-03
3756	6.164392881808367e-03	6.165950018614822e-03
3777	5.979226167197704e-03	6.025595860743574e-03
3821	5.701168617649688e-03	5.754399373371567e-03
3927	5.604392316082119e-03	5.623413251903491e-03
4944	5.400554278916170e-03	5.495408738576248e-03
4961	5.369579783630285e-03	5.370317963702527e-03
4964	5.209801643384027e-03	5.248074602497728e-03
4992	5.035474982152843e-03	5.128613839913648e-03
4995	5.008042942434732e-03	5.011872336272725e-03
4998	4.738025324879547e-03	4.786300923226385e-03
5074	4.671730191438739e-03	4.677351412871981e-03
5118	4.506463145754647e-03	4.570881896148752e-03
5145	4.466017851706416e-03	4.466835921509630e-03
5235	4.364458585923714e-03	4.365158322401661e-03
5249	4.258309382228487e-03	4.265795188015926e-03
6606	4.149419057751680e-03	4.168693834703355e-03
6677	4.063675291962943e-03	4.073802778041126e-03
6695	3.966889205873292e-03	3.981071705534973e-03
6747	3.877008878116261e-03	3.890451449942805e-03
6810	3.783819027522339e-03	3.801893963205613e-03
6863	3.713371826301604e-03	3.715352290971724e-03
6948	3.614355869285601e-03	3.630780547701014e-03
7075	3.547726665272477e-03	3.548133892335753e-03
8935	3.467322236685999e-03	3.467368504525317e-03
8987	3.387784963086671e-03	3.388441561392024e-03
9075	3.307378691551954e-03	3.311311214825911e-03
9122	3.209592607437806e-03	3.235936569296281e-03
9183	3.159927795529427e-03	3.162277660168379e-03
9262	3.089283158457801e-03	3.090295432513592e-03
9318	2.911423085556364e-03	2.951209226666387e-03
9411	2.882173454897496e-03	2.884031503126605e-03
9491	2.711618821996109e-03	2.754228703338166e-03
9536	2.690925178205017e-03	2.691534803926917e-03
9629	2.541683647052317e-03	2.570395782768865e-03
9770	2.510642188300993e-03	2.511886431509579e-03
12322	2.454094058548906e-03	2.454708915685031e-03
12373	2.306360821519027e-03	2.344228815319923e-03
12420	2.289918802792612e-03	2.290867652767772e-03
12484	2.192573078880100e-03	2.238721138568340e-03
12525	2.184104072390780e-03	2.187761623949552e-03
12614	2.107375480688400e-03	2.137962089502233e-03
12678	2.088642321995793e-03	2.089296130854039e-03
12934	2.041181027457206e-03	2.041737944669530e-03
13086	1.961770985294931e-03	1.995262314968879e-03
13119	1.949024395015764e-03	1.949844599758046e-03
13370	1.905292374728695e-03	1.905460717963246e-03
13535	1.851720918835675e-03	1.862087136662868e-03
13559	1.676967005871055e-03	1.698243652461744e-03
13723	1.652154313666943e-03	1.659586907437561e-03
17229	1.621800019132258e-03	1.621810097358930e-03
17391	1.584729123475515e-03	1.584893192461114e-03
17595	1.548636315884089e-03	1.548816618912481e-03
17821	1.513438342756523e-03	1.513561248436209e-03
17979	1.478825375816561e-03	1.479108388168207e-03
18212	1.445135018287247e-03	1.445439770745928e-03
18541	1.412352032276076e-03	1.412537544622754e-03
18947	1.379196607126598e-03	1.380384264602885e-03
19032	1.299003846205515e-03	1.318256738556408e-03
19184	1.287144068267021e-03	1.288249551693134e-03
19577	1.257545833204254e-03	1.258925411794167e-03
24382	1.228974622644485e-03	1.230268770812381e-03
24743	1.201977245791297e-03	1.202264434617413e-03
25280	1.174846333762858e-03	1.174897554939529e-03
25779	1.147566795963173e-03	1.148153621496883e-03
26481	1.121939699916141e-03	1.122018454301963e-03
27068	1.096365519955844e-03	1.096478196143185e-03
27633	1.071488126959452e-03	1.071519305237606e-03
28654	1.046956607360761e-03	1.047128548050900e-03
29947	1.022966736521247e-03	1.023292992280754e-03
30887	9.995563258222706e-04	1.000000000000000e-03
37866	9.770733935264841e-04	9.772372209558111e-04
38336	9.547842534819440e-04	9.549925860214359e-04
39607	9.326871583824614e-04	9.332543007969915e-04
41139	9.118855714668195e-04	9.120108393559096e-04
43113	8.912299134959945e-04	8.912509381337459e-04
45140	8.707095434054013e-04	8.709635899560805e-04
46405	8.484627691749402e-04	8.511380382023768e-04
48884	8.317323222826190e-04	8.317637711026709e-04
50636	8.128176141052323e-04	8.128305161640995e-04
53131	7.942803226357320e-04	7.943282347242813e-04
56539	7.751949859420293e-04	7.762471166286919e-04
65477	7.547299838180921e-04	7.585775750291835e-04
66939	7.400872704094175e-04	7.413102413009177e-04
67101	7.110505908104470e-04	7.244359600749898e-04
67508	7.079098072598766e-04	7.079457843841380e-04
71706	6.918203653649702e-04	6.918309709189362e-04
75580	6.760254826975176e-04	6.760829753919819e-04
80995	6.606779969458021e-04	6.606934480075957e-04
91896	5.804406048486310e-04	5.888436553555889e-04
94486	5.754323757870550e-04	5.754399373371566e-04
99777	5.623333220090565e-04	5.623413251903491e-04
108692	5.318562438502150e-04	5.370317963702527e-04
119844	5.178714416826935e-04	5.248074602497728e-04
122226	5.127542007735686e-04	5.128613839913648e-04
131993	5.003886678051073e-04	5.011872336272725e-04
149785	4.897785556391421e-04	4.897788193684461e-04
152281	4.759399744851400e-04	4.786300923226385e-04
163465	4.673610125621730e-04	4.677351412871981e-04
179719	4.559036702128649e-04	4.570881896148752e-04
180000	4.557568908275522e-04	4.570881896148752e-04
%
% index = 1431, name = bbob_f014_i15_d03__bbob_f014_i16_d03
% instance = 7, reference value = 9.151295050928370e-01
% function evaluation | indicator value | target hit
1	2.713292648091696e-01	2.754228703338166e-01
3	2.526636914653343e-01	2.570395782768864e-01
8	2.463925343811360e-01	2.511886431509580e-01
15	2.078870093903733e-01	2.089296130854039e-01
29	2.035719451763912e-01	2.041737944669530e-01
64	1.952987422849508e-01	1.995262314968880e-01
65	1.949263952970557e-01	1.949844599758045e-01
68	1.591719383556647e-01	1.621810097358930e-01
69	1.571075078550166e-01	1.584893192461113e-01
73	1.487316358883106e-01	1.513561248436208e-01
74	1.471567721699172e-01	1.479108388168208e-01
77	1.441208148852237e-01	1.445439770745928e-01
90	1.409861100924399e-01	1.412537544622754e-01
118	1.360952762970421e-01	1.380384264602885e-01
122	1.182419344627916e-01	1.202264434617413e-01
124	1.168593437182095e-01	1.174897554939529e-01
127	1.082224761872569e-01	1.096478196143185e-01
155	1.061085051380010e-01	1.071519305237607e-01
169	1.040612290214313e-01	1.047128548050900e-01
215	9.964914317899054e-02	1.000000000000000e-01
238	9.750874663901510e-02	9.772372209558107e-02
258	9.514814732696009e-02	9.549925860214359e-02
284	6.923819288481448e-02	7.079457843841380e-02
306	6.916763992960329e-02	6.918309709189366e-02
342	6.631797413995888e-02	6.760829753919818e-02
393	6.584326448312183e-02	6.606934480075961e-02
589	6.428220738452273e-02	6.456542290346556e-02
662	6.224993806323842e-02	6.309573444801933e-02
683	6.144936108031829e-02	6.165950018614822e-02
718	5.154545308757841e-02	5.248074602497726e-02
730	5.104298836776999e-02	5.128613839913648e-02
769	4.998066050107397e-02	5.011872336272722e-02
865	4.896785204051757e-02	4.897788193684462e-02
1213	4.780353464398235e-02	4.786300923226382e-02
1657	4.529479563632166e-02	4.570881896148749e-02
1736	4.452756865799556e-02	4.466835921509630e-02
1829	4.248712332134241e-02	4.265795188015926e-02
1950	3.639595204904611e-02	3.715352290971726e-02
1954	3.575190970053410e-02	3.630780547701014e-02
2435	3.547415027798995e-02	3.548133892335755e-02
2482	3.386560616574696e-02	3.388441561392026e-02
2841	3.299061764681099e-02	3.311311214825911e-02
3592	3.185618676688395e-02	3.235936569296283e-02
3676	3.161380517748191e-02	3.162277660168379e-02
4721	3.089991790642110e-02	3.090295432513590e-02
5011	3.019606499320404e-02	3.019951720402016e-02
6634	2.948390386774491e-02	2.951209226666385e-02
6776	2.854366055710744e-02	2.884031503126606e-02
9067	2.818101671586970e-02	2.818382931264454e-02
11791	2.580980001165656e-02	2.630267991895381e-02
12113	2.161171371227899e-02	2.187761623949553e-02
12301	2.136907378182951e-02	2.137962089502233e-02
15554	2.083327164479276e-02	2.089296130854040e-02
20321	1.837573333287412e-02	1.862087136662868e-02
20803	1.819680349236252e-02	1.819700858609984e-02
21521	1.766918190820521e-02	1.778279410038923e-02
27105	1.711441381586920e-02	1.737800828749375e-02
27117	1.444638256798791e-02	1.445439770745927e-02
27885	1.412392623699488e-02	1.412537544622754e-02
28031	1.106265225910807e-02	1.122018454301964e-02
29273	1.083656016765955e-02	1.096478196143185e-02
37155	1.071512318848444e-02	1.071519305237606e-02
37322	1.037073678318201e-02	1.047128548050900e-02
39182	1.019243713796092e-02	1.023292992280754e-02
39245	9.818047907770966e-03	1.000000000000000e-02
39742	9.758125187836253e-03	9.772372209558112e-03
41256	9.548013656174748e-03	9.549925860214359e-03
46092	9.182391629149467e-03	9.332543007969915e-03
46488	9.057508931089919e-03	9.120108393559097e-03
47043	8.218539463698105e-03	8.317637711026709e-03
48062	8.062329875388796e-03	8.128305161640995e-03
52247	7.939410724632223e-03	7.943282347242814e-03
60777	7.554396125511342e-03	7.585775750291836e-03
62969	7.412869011811041e-03	7.413102413009177e-03
65366	7.243955923105783e-03	7.244359600749898e-03
67329	5.393937290252948e-03	5.495408738576248e-03
68722	5.369998043882385e-03	5.370317963702527e-03
71933	5.246922594569825e-03	5.248074602497728e-03
72241	4.795959813895023e-03	4.897788193684461e-03
72286	4.778227768659771e-03	4.786300923226385e-03
72321	3.371197073026577e-03	3.388441561392024e-03
72322	3.280280253833978e-03	3.311311214825911e-03
73677	3.226528909939574e-03	3.235936569296281e-03
77216	3.161461984484304e-03	3.162277660168379e-03
77998	3.032504969022409e-03	3.090295432513592e-03
78107	2.964065918230840e-03	3.019951720402016e-03
78528	2.950921246885008e-03	2.951209226666387e-03
80196	2.634850178401593e-03	2.691534803926917e-03
80477	2.627827238163571e-03	2.630267991895381e-03
82508	2.566301404919646e-03	2.570395782768865e-03
83207	2.490248701272346e-03	2.511886431509579e-03
83844	2.434187656464859e-03	2.454708915685031e-03
86234	2.036453192932552e-03	2.041737944669530e-03
87760	1.994024192570665e-03	1.995262314968879e-03
89815	1.938747886630399e-03	1.949844599758046e-03
91796	1.890063522413388e-03	1.905460717963246e-03
95294	1.860457505065694e-03	1.862087136662868e-03
99719	1.816143477778365e-03	1.819700858609983e-03
102568	1.744781453345889e-03	1.778279410038923e-03
102655	1.730017999034272e-03	1.737800828749376e-03
104446	1.693422536040656e-03	1.698243652461744e-03
106342	1.558200564295120e-03	1.584893192461114e-03
107807	1.546391876676712e-03	1.548816618912481e-03
112321	1.513561098340110e-03	1.513561248436209e-03
116667	1.479108257968043e-03	1.479108388168207e-03
119502	1.439664948254982e-03	1.445439770745928e-03
119884	1.369739929999003e-03	1.380384264602885e-03
124180	1.348265943613591e-03	1.348962882591653e-03
125767	1.274876175942685e-03	1.288249551693134e-03
127922	1.256920827174879e-03	1.258925411794167e-03
130443	1.229302363368157e-03	1.230268770812381e-03
139281	1.201693240232116e-03	1.202264434617413e-03
142352	1.156724559439049e-03	1.174897554939529e-03
144698	1.148073617773804e-03	1.148153621496883e-03
146177	1.113374780585041e-03	1.122018454301963e-03
146352	1.095312288915573e-03	1.096478196143185e-03
146748	8.936015348977033e-04	9.120108393559096e-04
147954	8.912448342245360e-04	8.912509381337459e-04
153791	8.700825778139576e-04	8.709635899560805e-04
161834	8.501687562038063e-04	8.511380382023768e-04
169890	8.274653248140362e-04	8.317637711026709e-04
177696	8.127291081501120e-04	8.128305161640995e-04
180001	8.113025278725372e-04	8.128305161640995e-04
%
% index = 1432, name = bbob_f014_i17_d03__bbob_f014_i18_d03
% instance = 8, reference value = 8.187961880169610e-01
% function evaluation | indicator value | target hit
1	4.016922972542646e-01	4.073802778041127e-01
8	3.845987989957981e-01	3.890451449942806e-01
11	3.180155651171962e-01	3.235936569296283e-01
12	2.980272820613066e-01	3.019951720402016e-01
15	2.812921249966641e-01	2.818382931264454e-01
27	2.745697475175439e-01	2.754228703338166e-01
50	2.666045693008298e-01	2.691534803926916e-01
78	1.507384484562874e-01	1.513561248436208e-01
105	1.475434373812169e-01	1.479108388168208e-01
119	1.226382678210072e-01	1.230268770812381e-01
190	1.201176656654895e-01	1.202264434617413e-01
218	1.160906429003908e-01	1.174897554939529e-01
220	1.147035153577997e-01	1.148153621496883e-01
248	1.106561964838425e-01	1.122018454301964e-01
261	1.080624508547984e-01	1.096478196143185e-01
276	1.029528672224941e-01	1.047128548050900e-01
299	1.019465289792303e-01	1.023292992280754e-01
349	9.639650028255520e-02	9.772372209558107e-02
385	9.450071812640704e-02	9.549925860214359e-02
403	9.164841083777864e-02	9.332543007969910e-02
433	8.736269922870199e-02	8.912509381337455e-02
471	8.685685476062754e-02	8.709635899560805e-02
595	8.484034741553270e-02	8.511380382023763e-02
759	6.197726121795899e-02	6.309573444801933e-02
803	6.159087500627958e-02	6.165950018614822e-02
813	5.329121057100739e-02	5.370317963702527e-02
828	4.648275186962225e-02	4.677351412871981e-02
885	4.479728742091571e-02	4.570881896148749e-02
887	4.445736607024586e-02	4.466835921509630e-02
1183	4.333014931023815e-02	4.365158322401658e-02
1255	4.262852535593031e-02	4.265795188015926e-02
1297	4.140862698834546e-02	4.168693834703355e-02
1305	4.067471235795672e-02	4.073802778041128e-02
1347	3.963317381111231e-02	3.981071705534973e-02
1354	3.878777132014344e-02	3.890451449942807e-02
1358	3.780502606289982e-02	3.801893963205612e-02
1419	3.703448293296119e-02	3.715352290971726e-02
1453	3.480285588198351e-02	3.548133892335755e-02
1459	3.465983805873918e-02	3.467368504525317e-02
1478	3.330017182634049e-02	3.388441561392026e-02
1492	3.272277720775207e-02	3.311311214825911e-02
1519	3.228044512005701e-02	3.235936569296283e-02
1896	3.152505252513249e-02	3.162277660168379e-02
1958	3.088469858897946e-02	3.090295432513590e-02
1978	2.866092919368768e-02	2.884031503126606e-02
2064	2.786396214931075e-02	2.818382931264454e-02
2095	2.648573942969401e-02	2.691534803926915e-02
2118	2.629111328260103e-02	2.630267991895381e-02
2211	2.503345371108912e-02	2.511886431509579e-02
2821	2.444029124107627e-02	2.454708915685030e-02
2856	2.398688177715980e-02	2.398832919019490e-02
2905	2.317505124732566e-02	2.344228815319923e-02
2907	2.289483810838966e-02	2.290867652767773e-02
2955	2.228840500136864e-02	2.238721138568340e-02
2962	2.184546226131412e-02	2.187761623949553e-02
3739	2.114145312469051e-02	2.137962089502233e-02
3754	2.082857979809349e-02	2.089296130854040e-02
4052	2.041334252097227e-02	2.041737944669529e-02
5257	1.992728186203108e-02	1.995262314968880e-02
5265	1.597964164953525e-02	1.621810097358930e-02
5351	1.582646557957401e-02	1.584893192461113e-02
5611	1.547034260722824e-02	1.548816618912481e-02
7140	1.487244428490664e-02	1.513561248436208e-02
7141	1.476621372888576e-02	1.479108388168207e-02
7594	1.445417610250643e-02	1.445439770745927e-02
7788	1.412336274854054e-02	1.412537544622754e-02
10147	1.379223262516249e-02	1.380384264602885e-02
10736	1.348959652918813e-02	1.348962882591653e-02
13791	1.245740879127177e-02	1.258925411794167e-02
13975	1.230203516386830e-02	1.230268770812382e-02
14008	1.192110884173569e-02	1.202264434617413e-02
14034	1.131484359641199e-02	1.148153621496883e-02
14085	1.114764608827790e-02	1.122018454301964e-02
14135	1.048401622263528e-02	1.071519305237606e-02
14169	1.046389581827423e-02	1.047128548050900e-02
14346	1.023292192170244e-02	1.023292992280754e-02
14386	9.974489384247387e-03	1.000000000000000e-02
14676	9.705938489539823e-03	9.772372209558112e-03
14990	9.545011634855549e-03	9.549925860214359e-03
19024	9.325145882510433e-03	9.332543007969915e-03
19347	8.445204814944152e-03	8.511380382023767e-03
19714	7.879598554782485e-03	7.943282347242814e-03
20376	7.762354229368218e-03	7.762471166286920e-03
25865	7.580552696041076e-03	7.585775750291836e-03
26215	7.388952178261632e-03	7.413102413009177e-03
26229	7.222115306047217e-03	7.244359600749898e-03
26582	7.053645335027281e-03	7.079457843841380e-03
27052	6.823672131274550e-03	6.918309709189363e-03
27155	6.510851079493896e-03	6.606934480075957e-03
27456	6.449778846909893e-03	6.456542290346556e-03
28247	6.294877206329708e-03	6.309573444801930e-03
36585	6.157904641467149e-03	6.165950018614822e-03
37126	5.985086492177882e-03	6.025595860743574e-03
37232	5.882768190944576e-03	5.888436553555890e-03
37521	5.724690428761336e-03	5.754399373371567e-03
37955	5.619798328924341e-03	5.623413251903491e-03
38778	5.428797268898444e-03	5.495408738576248e-03
39056	5.343088852124200e-03	5.370317963702527e-03
40069	5.248059894971013e-03	5.248074602497728e-03
40945	5.125608421605032e-03	5.128613839913648e-03
42663	4.971337404822251e-03	5.011872336272725e-03
43713	4.897740662027861e-03	4.897788193684461e-03
45082	4.782235123347189e-03	4.786300923226385e-03
46074	4.664057975567237e-03	4.677351412871981e-03
48234	4.569546981256889e-03	4.570881896148752e-03
49577	4.455983395194485e-03	4.466835921509630e-03
50332	4.349621249594926e-03	4.365158322401661e-03
52938	4.260996993328048e-03	4.265795188015926e-03
53579	4.154769936563274e-03	4.168693834703355e-03
55285	4.073018086521829e-03	4.073802778041126e-03
62468	3.974714352575237e-03	3.981071705534973e-03
63302	3.888357581132040e-03	3.890451449942805e-03
63861	3.779094449756326e-03	3.801893963205613e-03
64828	3.699753207777712e-03	3.715352290971724e-03
65322	3.627026261088573e-03	3.630780547701014e-03
66823	3.546973072846127e-03	3.548133892335753e-03
69344	3.460250983902236e-03	3.467368504525317e-03
70574	3.383971297471033e-03	3.388441561392024e-03
72551	3.309407348635163e-03	3.311311214825911e-03
73550	3.225082940544910e-03	3.235936569296281e-03
75243	3.154807596646880e-03	3.162277660168379e-03
78303	3.085127642230567e-03	3.090295432513592e-03
87522	3.019880376058937e-03	3.019951720402016e-03
89872	2.935269400639262e-03	2.951209226666387e-03
91963	2.883660324178083e-03	2.884031503126605e-03
95275	2.818178614593658e-03	2.818382931264455e-03
100231	2.741040363229419e-03	2.754228703338166e-03
105004	2.680122995249445e-03	2.691534803926917e-03
114956	2.616109704045577e-03	2.630267991895381e-03
118983	2.569956576657040e-03	2.570395782768865e-03
124045	2.511780513810291e-03	2.511886431509579e-03
127350	2.454696438514925e-03	2.454708915685031e-03
137492	2.394096570576876e-03	2.398832919019490e-03
140322	2.343134698604810e-03	2.344228815319923e-03
144664	2.287466078613187e-03	2.290867652767772e-03
148064	2.231150922206826e-03	2.238721138568340e-03
151137	2.187751569547092e-03	2.187761623949552e-03
152999	2.125882095379117e-03	2.137962089502233e-03
156440	2.087425414176058e-03	2.089296130854039e-03
165308	2.040864302361944e-03	2.041737944669530e-03
170309	1.788800167779159e-03	1.819700858609983e-03
171763	1.777441768632593e-03	1.778279410038923e-03
175494	1.737630968276727e-03	1.737800828749376e-03
178642	1.698082138296808e-03	1.698243652461744e-03
179899	1.654380434291114e-03	1.659586907437561e-03
180000	1.654270239219935e-03	1.659586907437561e-03
%
% index = 1433, name = bbob_f014_i19_d03__bbob_f014_i21_d03
% instance = 9, reference value = 9.465049282704160e-01
% function evaluation | indicator value | target hit
1	3.687192838929916e+00	3.715352290971725e+00
21	1.096067655490916e+00	1.096478196143185e+00
22	6.828293813348316e-01	6.918309709189365e-01
24	6.053300731996614e-01	6.165950018614822e-01
38	5.975243996846951e-01	6.025595860743578e-01
46	2.456194545189961e-01	2.511886431509580e-01
69	2.451711598200149e-01	2.454708915685030e-01
93	2.115165405731104e-01	2.137962089502232e-01
118	2.011779899606817e-01	2.041737944669530e-01
123	1.751109019485709e-01	1.778279410038923e-01
125	1.616709855434565e-01	1.621810097358930e-01
128	1.461589531682544e-01	1.479108388168208e-01
134	1.445287534528114e-01	1.445439770745928e-01
141	1.310233591712742e-01	1.318256738556407e-01
152	1.259654151967633e-01	1.288249551693134e-01
165	1.257873120059158e-01	1.258925411794167e-01
175	9.265770719675748e-02	9.332543007969910e-02
199	7.823833021092486e-02	7.943282347242814e-02
202	7.672930241021769e-02	7.762471166286916e-02
212	7.373301994470693e-02	7.413102413009177e-02
220	6.990754374350738e-02	7.079457843841380e-02
234	6.867693732719204e-02	6.918309709189366e-02
278	6.692647686898490e-02	6.760829753919818e-02
295	6.110192369634160e-02	6.165950018614822e-02
327	5.577541171699785e-02	5.623413251903491e-02
330	5.324570854074862e-02	5.370317963702527e-02
352	4.716596515870197e-02	4.786300923226382e-02
369	4.546986877834003e-02	4.570881896148749e-02
375	4.316018643987096e-02	4.365158322401658e-02
392	4.204394105161968e-02	4.265795188015926e-02
395	4.161630857016252e-02	4.168693834703355e-02
407	4.066957535333937e-02	4.073802778041128e-02
422	3.919940980683612e-02	3.981071705534973e-02
430	3.876995888525414e-02	3.890451449942807e-02
443	3.435330705750550e-02	3.467368504525317e-02
448	3.297799192063278e-02	3.311311214825911e-02
459	3.228848356066671e-02	3.235936569296283e-02
470	3.138942006417378e-02	3.162277660168379e-02
480	3.077002806512785e-02	3.090295432513590e-02
485	2.936448459321150e-02	2.951209226666385e-02
486	2.879077797449181e-02	2.884031503126606e-02
502	2.811499858690791e-02	2.818382931264454e-02
509	2.572266871435636e-02	2.630267991895381e-02
516	2.561115756518206e-02	2.570395782768863e-02
521	2.508354212606023e-02	2.511886431509579e-02
530	2.281914915097161e-02	2.290867652767773e-02
540	2.222945609988336e-02	2.238721138568340e-02
554	2.186027090822196e-02	2.187761623949553e-02
557	1.947217195259310e-02	1.949844599758046e-02
563	1.883737686927400e-02	1.905460717963247e-02
565	1.850639170058310e-02	1.862087136662868e-02
597	1.819353318434891e-02	1.819700858609984e-02
626	1.777392362543584e-02	1.778279410038923e-02
664	1.735084086616956e-02	1.737800828749375e-02
688	1.680208004403527e-02	1.698243652461744e-02
715	1.632936388529627e-02	1.659586907437561e-02
731	1.620357242856896e-02	1.621810097358930e-02
766	1.553135748119017e-02	1.584893192461113e-02
776	1.540017888555645e-02	1.548816618912481e-02
795	1.513352475290486e-02	1.513561248436208e-02
1000	1.462025990426707e-02	1.479108388168207e-02
1021	1.444327669872070e-02	1.445439770745927e-02
1063	1.401332200207761e-02	1.412537544622754e-02
1078	1.358996133647650e-02	1.380384264602885e-02
1099	1.333671000244774e-02	1.348962882591653e-02
1110	1.295790333182312e-02	1.318256738556407e-02
1123	1.287036631346461e-02	1.288249551693134e-02
1173	1.231288471099645e-02	1.258925411794167e-02
1432	1.229067357789404e-02	1.230268770812382e-02
1445	1.197227863907213e-02	1.202264434617413e-02
1446	1.169422355854899e-02	1.174897554939530e-02
1493	1.138864884058854e-02	1.148153621496883e-02
1521	1.121169525988652e-02	1.122018454301964e-02
1534	1.094641118361017e-02	1.096478196143185e-02
1588	1.070699524065266e-02	1.071519305237606e-02
1591	9.106312710512543e-03	9.120108393559097e-03
1607	8.883783642343102e-03	8.912509381337459e-03
2030	8.706276805227398e-03	8.709635899560805e-03
2045	8.494424510532506e-03	8.511380382023767e-03
2070	8.316206627990486e-03	8.317637711026709e-03
2085	8.023897858058349e-03	8.128305161640995e-03
2103	7.935086239450495e-03	7.943282347242814e-03
2171	7.733043588697974e-03	7.762471166286920e-03
2737	7.585219409860011e-03	7.585775750291836e-03
2821	7.310079536174130e-03	7.413102413009177e-03
2829	6.848078794041479e-03	6.918309709189363e-03
2879	6.707149930846645e-03	6.760829753919818e-03
2929	6.575339156066229e-03	6.606934480075957e-03
2973	6.425906813371296e-03	6.456542290346556e-03
2999	6.266031500263614e-03	6.309573444801930e-03
3065	6.138786338954816e-03	6.165950018614822e-03
3070	6.008253143396702e-03	6.025595860743574e-03
3912	5.854713028207503e-03	5.888436553555890e-03
3917	5.705197519295546e-03	5.754399373371567e-03
3947	5.621705375611907e-03	5.623413251903491e-03
3958	5.443121577073606e-03	5.495408738576248e-03
3987	5.363904417720500e-03	5.370317963702527e-03
4002	5.248032200535935e-03	5.248074602497728e-03
4063	4.995325908047299e-03	5.011872336272725e-03
4067	4.769382798858968e-03	4.786300923226385e-03
4124	4.675939623696279e-03	4.677351412871981e-03
4179	4.568108279123351e-03	4.570881896148752e-03
5377	4.464992976342730e-03	4.466835921509630e-03
5418	4.268624239047836e-03	4.365158322401661e-03
5436	4.265595746827500e-03	4.265795188015926e-03
5473	4.118212284887290e-03	4.168693834703355e-03
5524	4.066879186867989e-03	4.073802778041126e-03
5566	3.979339421705919e-03	3.981071705534973e-03
5587	3.879965905864924e-03	3.890451449942805e-03
5683	3.799217353178341e-03	3.801893963205613e-03
5815	3.704667169991072e-03	3.715352290971724e-03
5848	3.624002984764285e-03	3.630780547701014e-03
5912	3.532810757936766e-03	3.548133892335753e-03
7615	3.466482844560637e-03	3.467368504525317e-03
7643	3.369896577666287e-03	3.388441561392024e-03
7769	3.310350829950459e-03	3.311311214825911e-03
7866	3.235034809708326e-03	3.235936569296281e-03
8141	3.162163463977574e-03	3.162277660168379e-03
10501	3.087611171194937e-03	3.090295432513592e-03
10552	2.984045939833369e-03	3.019951720402016e-03
10675	2.936934165536198e-03	2.951209226666387e-03
10925	2.884020838586965e-03	2.884031503126605e-03
11050	2.703019472103718e-03	2.754228703338166e-03
11095	2.690322107157916e-03	2.691534803926917e-03
11123	2.517630573879992e-03	2.570395782768865e-03
11211	2.510531063048993e-03	2.511886431509579e-03
11259	2.323422992758339e-03	2.344228815319923e-03
11264	2.270476757818662e-03	2.290867652767772e-03
11476	2.238608620853122e-03	2.238721138568340e-03
11493	2.187611102497988e-03	2.187761623949552e-03
14629	2.135830244152093e-03	2.137962089502233e-03
14894	2.087726395126777e-03	2.089296130854039e-03
15102	2.041611942064203e-03	2.041737944669530e-03
15251	1.994903364921807e-03	1.995262314968879e-03
15509	1.949645135042255e-03	1.949844599758046e-03
15726	1.902908344993626e-03	1.905460717963246e-03
16060	1.771074655310789e-03	1.778279410038923e-03
16533	1.737535208085395e-03	1.737800828749376e-03
20697	1.627045573403318e-03	1.659586907437561e-03
20735	1.621521757141253e-03	1.621810097358930e-03
20828	1.511024455208232e-03	1.513561248436209e-03
20928	1.440224731232620e-03	1.445439770745928e-03
21052	1.412117870420171e-03	1.412537544622754e-03
21272	1.380053330032549e-03	1.380384264602885e-03
21424	1.334413324936667e-03	1.348962882591653e-03
21660	1.317649563885581e-03	1.318256738556408e-03
22043	1.212697189801770e-03	1.230268770812381e-03
22157	1.199008334076268e-03	1.202264434617413e-03
22473	1.172920821144507e-03	1.174897554939529e-03
22597	1.147605452451739e-03	1.148153621496883e-03
28609	1.121577696739706e-03	1.122018454301963e-03
28922	1.080553988455302e-03	1.096478196143185e-03
29018	1.068219858148423e-03	1.071519305237606e-03
29281	1.047034280705961e-03	1.047128548050900e-03
29332	1.019837572424298e-03	1.023292992280754e-03
29660	9.996576923635425e-04	1.000000000000000e-03
29719	9.239504186872027e-04	9.332543007969915e-04
29804	9.095241385526087e-04	9.120108393559096e-04
29858	8.627402841641096e-04	8.709635899560805e-04
30184	8.505842642575479e-04	8.511380382023768e-04
30489	8.198219057266032e-04	8.317637711026709e-04
30570	7.821715660645268e-04	7.943282347242813e-04
30709	7.762406851642423e-04	7.762471166286919e-04
31026	7.581454253330344e-04	7.585775750291835e-04
31849	7.412980838473748e-04	7.413102413009177e-04
31988	7.106069598710185e-04	7.244359600749898e-04
32073	7.078603364083502e-04	7.079457843841380e-04
32086	6.860471531542345e-04	6.918309709189362e-04
32112	6.696759380596662e-04	6.760829753919819e-04
32525	6.606391877026496e-04	6.606934480075957e-04
32767	6.455581879798444e-04	6.456542290346556e-04
40310	6.309140798606006e-04	6.309573444801930e-04
40912	6.164074277406062e-04	6.165950018614823e-04
40980	6.011260791536355e-04	6.025595860743575e-04
41568	5.888379242017239e-04	5.888436553555889e-04
41649	5.721813494360406e-04	5.754399373371566e-04
42553	5.594285679384470e-04	5.623413251903491e-04
43208	5.482435616459558e-04	5.495408738576248e-04
43753	5.237480475753786e-04	5.248074602497728e-04
43853	5.077239746388296e-04	5.128613839913648e-04
44417	4.940478401710413e-04	5.011872336272725e-04
44813	4.896930944611189e-04	4.897788193684461e-04
45925	4.786185205074567e-04	4.786300923226385e-04
46363	4.658316097819748e-04	4.677351412871981e-04
47859	4.568665927285886e-04	4.570881896148752e-04
49233	4.466823843456424e-04	4.466835921509630e-04
50942	4.364609471164682e-04	4.365158322401661e-04
52034	4.229984633152828e-04	4.265795188015926e-04
52920	4.006821315446496e-04	4.073802778041126e-04
53289	3.980838465936776e-04	3.981071705534974e-04
54569	3.810650420350559e-04	3.890451449942805e-04
54755	3.801578754651924e-04	3.801893963205612e-04
56484	3.714377786273593e-04	3.715352290971724e-04
58585	3.629088898891020e-04	3.630780547701014e-04
62277	3.522989406081756e-04	3.548133892335753e-04
66419	3.467195813094959e-04	3.467368504525317e-04
68729	3.388440095513090e-04	3.388441561392024e-04
69996	3.263675360124507e-04	3.311311214825911e-04
71013	3.235618685397679e-04	3.235936569296281e-04
71748	2.907195856186595e-04	2.951209226666387e-04
72331	2.841935078187197e-04	2.884031503126605e-04
73551	2.817761978840538e-04	2.818382931264455e-04
75767	2.696614625828930e-04	2.754228703338166e-04
76090	2.690919879578813e-04	2.691534803926917e-04
80607	2.630247538817354e-04	2.630267991895381e-04
85435	2.570170132543126e-04	2.570395782768865e-04
92570	2.509892204757280e-04	2.511886431509580e-04
95288	2.451251913726527e-04	2.454708915685031e-04
100015	2.398831496946974e-04	2.398832919019490e-04
101805	2.329166913126457e-04	2.344228815319923e-04
102773	2.281818614706665e-04	2.290867652767772e-04
108583	2.236280417227121e-04	2.238721138568340e-04
116301	2.111618421152262e-04	2.137962089502232e-04
119217	2.089294087610494e-04	2.089296130854039e-04
121361	2.037171282658345e-04	2.041737944669530e-04
125227	1.972247424234519e-04	1.995262314968879e-04
125992	1.935271867689048e-04	1.949844599758046e-04
127106	1.878866625044662e-04	1.905460717963246e-04
128091	1.831417399444923e-04	1.862087136662868e-04
129274	1.819699850672540e-04	1.819700858609983e-04
140555	1.778223374633292e-04	1.778279410038923e-04
146944	1.737619131439994e-04	1.737800828749376e-04
147504	1.673390737462199e-04	1.698243652461744e-04
150408	1.654909677695215e-04	1.659586907437562e-04
154852	1.576844685042822e-04	1.584893192461114e-04
156146	1.546862738848187e-04	1.548816618912481e-04
162626	1.511938320489792e-04	1.513561248436209e-04
168605	1.477030396284107e-04	1.479108388168207e-04
176820	1.445438267656529e-04	1.445439770745928e-04
182556	1.440141235570236e-04	1.445439770745928e-04
%
% index = 1434, name = bbob_f014_i21_d03__bbob_f014_i22_d03
% instance = 10, reference value = 8.392072152496129e-01
% function evaluation | indicator value | target hit
1	5.034247144608113e+00	5.128613839913648e+00
10	2.286364251059613e+00	2.290867652767773e+00
12	1.721697808210113e+00	1.737800828749375e+00
37	1.504549094822113e+00	1.513561248436208e+00
46	1.442528166312113e+00	1.445439770745927e+00
62	8.768700883336130e-01	8.912509381337456e-01
306	8.011130347018723e-01	8.128305161640993e-01
330	7.431978958556911e-01	7.585775750291838e-01
341	7.404969372067184e-01	7.413102413009175e-01
356	7.085468254849061e-01	7.244359600749900e-01
391	5.900415494692463e-01	6.025595860743578e-01
432	5.789002590427073e-01	5.888436553555889e-01
451	4.526932796843973e-01	4.570881896148750e-01
590	4.350777287536436e-01	4.365158322401660e-01
675	4.249876855272240e-01	4.265795188015927e-01
699	3.765825617952988e-01	3.801893963205612e-01
783	3.668648538647768e-01	3.715352290971726e-01
798	2.756834247012542e-01	2.818382931264454e-01
941	2.747694152120514e-01	2.754228703338166e-01
943	2.615893124100995e-01	2.630267991895382e-01
1063	2.547359256718155e-01	2.570395782768864e-01
1358	1.883555134026970e-01	1.905460717963247e-01
1480	1.860972068234649e-01	1.862087136662867e-01
1499	1.618551491140094e-01	1.621810097358930e-01
2142	1.349804919196328e-01	1.380384264602885e-01
2194	1.348761130151093e-01	1.348962882591654e-01
2315	1.296976851007141e-01	1.318256738556407e-01
2356	1.284972049791843e-01	1.288249551693134e-01
3296	1.257220507566519e-01	1.258925411794167e-01
3357	1.229341307076194e-01	1.230268770812381e-01
3699	1.202068931247067e-01	1.202264434617413e-01
3834	1.093811882543224e-01	1.096478196143185e-01
4099	9.022477212567359e-02	9.120108393559097e-02
4870	8.608726742717465e-02	8.709635899560805e-02
4887	8.129467864627760e-02	8.317637711026708e-02
4892	8.120464418061224e-02	8.128305161640990e-02
5001	7.894589350666359e-02	7.943282347242814e-02
5102	7.684187877170012e-02	7.762471166286916e-02
5265	7.569185287046898e-02	7.585775750291836e-02
5402	7.411032208890900e-02	7.413102413009177e-02
5594	7.212119807927220e-02	7.244359600749903e-02
5827	6.979148843136251e-02	7.079457843841380e-02
5891	6.911897802113931e-02	6.918309709189366e-02
6033	6.723741781111536e-02	6.760829753919818e-02
6151	6.548313668839545e-02	6.606934480075961e-02
6630	6.445929467330924e-02	6.456542290346556e-02
7018	6.283117065768673e-02	6.309573444801933e-02
7596	6.157109681062878e-02	6.165950018614822e-02
7723	6.013567117991148e-02	6.025595860743578e-02
9389	5.884049805182767e-02	5.888436553555890e-02
9627	5.662586778579637e-02	5.754399373371569e-02
9823	5.615784567172533e-02	5.623413251903491e-02
9938	5.457340168420943e-02	5.495408738576246e-02
10300	5.323590735607253e-02	5.370317963702527e-02
10834	5.248031924441499e-02	5.248074602497726e-02
12030	4.999566154808222e-02	5.011872336272722e-02
12640	4.897068646870795e-02	4.897788193684462e-02
14527	4.785395224111377e-02	4.786300923226382e-02
14816	4.651982319975445e-02	4.677351412871981e-02
15227	4.560598434274443e-02	4.570881896148749e-02
15737	4.466806533996004e-02	4.466835921509630e-02
17328	4.364306595978240e-02	4.365158322401658e-02
19108	4.265549998957718e-02	4.265795188015926e-02
20284	4.168608466836266e-02	4.168693834703355e-02
22562	4.073633165537716e-02	4.073802778041128e-02
26284	3.980941793148984e-02	3.981071705534973e-02
27235	3.890394534335573e-02	3.890451449942807e-02
29623	3.799011713761247e-02	3.801893963205612e-02
31906	3.702315182266147e-02	3.715352290971726e-02
34333	3.627713109492015e-02	3.630780547701014e-02
35895	3.523443363740120e-02	3.548133892335755e-02
37914	3.393727495934862e-02	3.467368504525317e-02
38368	3.388327810434688e-02	3.388441561392026e-02
39414	3.259441028723176e-02	3.311311214825911e-02
40209	3.156202549102338e-02	3.162277660168379e-02
41955	2.955922208061912e-02	3.019951720402016e-02
42279	2.951176967364777e-02	2.951209226666385e-02
42778	2.834255951087017e-02	2.884031503126606e-02
42867	2.812724852924842e-02	2.818382931264454e-02
43025	2.751124549730322e-02	2.754228703338166e-02
44130	2.433408120694969e-02	2.454708915685030e-02
44480	2.364749069599026e-02	2.398832919019490e-02
44847	2.328045936579359e-02	2.344228815319923e-02
45347	2.272231416995096e-02	2.290867652767773e-02
48427	2.221824455059718e-02	2.238721138568340e-02
48483	2.176848062779324e-02	2.187761623949553e-02
48490	2.112929325546009e-02	2.137962089502233e-02
48641	2.088762117242782e-02	2.089296130854040e-02
49310	2.041656650370205e-02	2.041737944669529e-02
49601	1.957499480563007e-02	1.995262314968880e-02
49708	1.947640260556782e-02	1.949844599758046e-02
51915	1.905060384647961e-02	1.905460717963247e-02
55294	1.862051552664268e-02	1.862087136662868e-02
57983	1.819601325755626e-02	1.819700858609984e-02
66674	1.768370619554871e-02	1.778279410038923e-02
69907	1.737775767742500e-02	1.737800828749375e-02
77363	1.698222674124950e-02	1.698243652461744e-02
78134	1.653014243429241e-02	1.659586907437561e-02
84827	1.614965748430752e-02	1.621810097358930e-02
92523	1.584064577386546e-02	1.584893192461113e-02
97457	1.530912427055242e-02	1.548816618912481e-02
100799	1.513549471047304e-02	1.513561248436208e-02
114035	1.474943853202404e-02	1.479108388168207e-02
118271	1.445389997933666e-02	1.445439770745927e-02
123141	1.409808408384361e-02	1.412537544622754e-02
135806	1.338157906420201e-02	1.348962882591653e-02
142682	1.313659094238373e-02	1.318256738556407e-02
144598	1.284002956157149e-02	1.288249551693134e-02
148718	1.243291821397952e-02	1.258925411794167e-02
156177	1.229433989115147e-02	1.230268770812382e-02
161023	1.199445374264330e-02	1.202264434617413e-02
170773	1.174616094449976e-02	1.174897554939530e-02
177956	1.142913135831958e-02	1.148153621496883e-02
180000	1.135390504057543e-02	1.148153621496883e-02
%
% index = 1435, name = bbob_f014_i23_d03__bbob_f014_i24_d03
% instance = 11, reference value = 1.000000000000000e+00
% function evaluation | indicator value | target hit
1	5.468167014132586e-01	5.495408738576245e-01
4	4.384836683367073e-01	4.466835921509631e-01
17	3.161986996186145e-01	3.162277660168379e-01
25	2.711027807281854e-01	2.754228703338166e-01
30	2.525417316270031e-01	2.570395782768864e-01
34	2.451812048335734e-01	2.454708915685030e-01
41	2.094853868648449e-01	2.137962089502232e-01
48	2.077444410344299e-01	2.089296130854039e-01
51	1.505472075764283e-01	1.513561248436208e-01
56	9.573244550143600e-02	9.772372209558107e-02
64	9.274807915465055e-02	9.332543007969910e-02
88	8.976856185940252e-02	9.120108393559097e-02
101	8.647924709374000e-02	8.709635899560805e-02
110	8.409758838479353e-02	8.511380382023763e-02
119	7.686463114845932e-02	7.762471166286916e-02
152	6.124700669178829e-02	6.165950018614822e-02
169	5.979666053374522e-02	6.025595860743578e-02
195	4.835536380253336e-02	4.897788193684462e-02
237	4.770909948446789e-02	4.786300923226382e-02
239	4.632355014578415e-02	4.677351412871981e-02
284	4.537878757329095e-02	4.570881896148749e-02
322	4.425231510683347e-02	4.466835921509630e-02
325	4.251227263047686e-02	4.265795188015926e-02
376	4.153695337882857e-02	4.168693834703355e-02
387	3.970474735686103e-02	3.981071705534973e-02
497	3.649789565155404e-02	3.715352290971726e-02
500	3.617974692995196e-02	3.630780547701014e-02
552	3.531333315279206e-02	3.548133892335755e-02
567	3.461823161618627e-02	3.467368504525317e-02
570	3.357677741710952e-02	3.388441561392026e-02
777	3.297052060047034e-02	3.311311214825911e-02
834	3.226204293130663e-02	3.235936569296283e-02
894	3.153804949686312e-02	3.162277660168379e-02
902	3.081912600637182e-02	3.090295432513590e-02
1315	3.017375761164576e-02	3.019951720402016e-02
1807	2.950993887908104e-02	2.951209226666385e-02
2515	2.881857337751581e-02	2.884031503126606e-02
3843	2.818170381207930e-02	2.818382931264454e-02
7648	2.751159375758250e-02	2.754228703338166e-02
27706	2.691531346710607e-02	2.691534803926915e-02
180001	2.664255364327262e-02	2.691534803926915e-02
%
% index = 1436, name = bbob_f014_i25_d03__bbob_f014_i26_d03
% instance = 12, reference value = 1.000000000000000e+00
% function evaluation | indicator value | target hit
1	3.350420503968063e-01	3.388441561392025e-01
77	3.149092767074387e-01	3.162277660168379e-01
145	2.744845569085811e-01	2.754228703338166e-01
160	2.250352250617563e-01	2.290867652767773e-01
179	2.099032124386304e-01	2.137962089502232e-01
191	2.058302089113561e-01	2.089296130854039e-01
199	2.037355788393210e-01	2.041737944669530e-01
218	1.985069327861058e-01	1.995262314968880e-01
221	1.839529872498697e-01	1.862087136662867e-01
226	1.816222061344038e-01	1.819700858609984e-01
241	1.743788091828981e-01	1.778279410038923e-01
256	1.594969823024150e-01	1.621810097358930e-01
276	1.584761167067276e-01	1.584893192461113e-01
284	1.540437974167196e-01	1.548816618912481e-01
356	1.513441286257347e-01	1.513561248436208e-01
368	1.473711850058775e-01	1.479108388168208e-01
426	1.438451414451769e-01	1.445439770745928e-01
483	1.412515745495372e-01	1.412537544622754e-01
507	1.330259566422305e-01	1.348962882591654e-01
515	1.205814473154473e-01	1.230268770812381e-01
539	1.199726957241455e-01	1.202264434617413e-01
911	1.166385021170946e-01	1.174897554939529e-01
1473	1.147325698046546e-01	1.148153621496883e-01
2128	1.120906224749656e-01	1.122018454301964e-01
2150	1.087028354821626e-01	1.096478196143185e-01
3096	1.069852381195779e-01	1.071519305237607e-01
4662	1.045796624724905e-01	1.047128548050900e-01
4881	1.022630636439602e-01	1.023292992280754e-01
9937	9.999222961965837e-02	1.000000000000000e-01
13547	9.763461455000710e-02	9.772372209558107e-02
37154	9.506973807379171e-02	9.549925860214359e-02
77814	9.330171792297914e-02	9.332543007969910e-02
180001	9.247484549891594e-02	9.332543007969910e-02
%
% index = 1437, name = bbob_f014_i27_d03__bbob_f014_i28_d03
% instance = 13, reference value = 1.000000000000000e+00
% function evaluation | indicator value | target hit
1	2.399749566265058e-01	2.454708915685030e-01
6	2.382001788424706e-01	2.398832919019490e-01
16	2.226771496841047e-01	2.238721138568339e-01
21	2.184480384302731e-01	2.187761623949552e-01
22	2.054516275364306e-01	2.089296130854039e-01
23	2.036435054672621e-01	2.041737944669530e-01
46	1.920949977159403e-01	1.949844599758045e-01
68	1.826501343060234e-01	1.862087136662867e-01
77	1.815595238840355e-01	1.819700858609984e-01
132	1.645705733931631e-01	1.659586907437560e-01
160	1.232019312213150e-01	1.258925411794167e-01
170	1.196308817275007e-01	1.202264434617413e-01
186	1.173184070124439e-01	1.174897554939529e-01
198	1.070258614286236e-01	1.071519305237607e-01
216	1.020722980530812e-01	1.023292992280754e-01
227	9.992021492909076e-02	1.000000000000000e-01
247	9.141558850478604e-02	9.332543007969910e-02
269	8.633050972084733e-02	8.709635899560805e-02
291	8.031378528542088e-02	8.128305161640990e-02
300	7.913438461072297e-02	7.943282347242814e-02
316	7.684998864350878e-02	7.762471166286916e-02
332	7.506779773690497e-02	7.585775750291836e-02
510	7.368877124142748e-02	7.413102413009177e-02
587	7.044057704551066e-02	7.079457843841380e-02
609	6.891065168175503e-02	6.918309709189366e-02
666	6.522925030923465e-02	6.606934480075961e-02
897	6.247662468128912e-02	6.309573444801933e-02
941	6.163130780168380e-02	6.165950018614822e-02
1314	6.006608739503616e-02	6.025595860743578e-02
1398	5.848666190713958e-02	5.888436553555890e-02
1457	5.746895898551296e-02	5.754399373371569e-02
1934	5.622816069168457e-02	5.623413251903491e-02
1970	5.473690504466422e-02	5.495408738576246e-02
2171	5.153719802124812e-02	5.248074602497726e-02
2430	5.124497756912538e-02	5.128613839913648e-02
2714	5.011568159286284e-02	5.011872336272722e-02
3515	4.888868552617309e-02	4.897788193684462e-02
3579	4.772795136750729e-02	4.786300923226382e-02
4874	4.672214716833034e-02	4.677351412871981e-02
6475	4.510599400765658e-02	4.570881896148749e-02
8490	4.466818863826727e-02	4.466835921509630e-02
15243	4.364515983151529e-02	4.365158322401658e-02
21244	4.264314810815262e-02	4.265795188015926e-02
42343	4.168685040152742e-02	4.168693834703355e-02
53235	4.073578514518728e-02	4.073802778041128e-02
158646	3.981024154834567e-02	3.981071705534973e-02
180001	3.971577141840488e-02	3.981071705534973e-02
%
% index = 1438, name = bbob_f014_i29_d03__bbob_f014_i30_d03
% instance = 14, reference value = 1.000000000000000e+00
% function evaluation | indicator value | target hit
1	4.724556442650347e-01	4.786300923226383e-01
18	3.834286917603265e-01	3.890451449942806e-01
21	3.797972610229072e-01	3.801893963205612e-01
25	3.086339172211290e-01	3.090295432513591e-01
29	2.446570655870555e-01	2.454708915685030e-01
36	1.826951182188985e-01	1.862087136662867e-01
42	1.817263361390739e-01	1.819700858609984e-01
65	1.763441717280505e-01	1.778279410038923e-01
82	1.639499495999690e-01	1.659586907437560e-01
83	1.142965088272436e-01	1.148153621496883e-01
89	1.045584941669137e-01	1.047128548050900e-01
120	9.846725797236555e-02	1.000000000000000e-01
136	9.766309353812497e-02	9.772372209558107e-02
175	9.539210091044659e-02	9.549925860214359e-02
199	7.702391109281970e-02	7.762471166286916e-02
213	7.432139474806865e-02	7.585775750291836e-02
217	7.405687007628137e-02	7.413102413009177e-02
234	7.230694092507461e-02	7.244359600749903e-02
236	7.050990841985394e-02	7.079457843841380e-02
241	6.123856609929967e-02	6.165950018614822e-02
267	5.763826350984746e-02	5.888436553555890e-02
281	5.547607592702686e-02	5.623413251903491e-02
297	5.468838866908265e-02	5.495408738576246e-02
339	5.277858033367000e-02	5.370317963702527e-02
355	5.162246824968342e-02	5.248074602497726e-02
359	4.919535184615309e-02	5.011872336272722e-02
380	4.897472588136143e-02	4.897788193684462e-02
401	4.691576135780706e-02	4.786300923226382e-02
402	4.674360261378208e-02	4.677351412871981e-02
467	4.551261576434873e-02	4.570881896148749e-02
476	4.461378743024769e-02	4.466835921509630e-02
495	4.324278094766520e-02	4.365158322401658e-02
496	4.219067838829149e-02	4.265795188015926e-02
552	4.160820777142771e-02	4.168693834703355e-02
840	4.068176113313393e-02	4.073802778041128e-02
911	3.968209270891698e-02	3.981071705534973e-02
950	3.837021593085044e-02	3.890451449942807e-02
1246	3.801805301735783e-02	3.801893963205612e-02
1356	3.691172356399219e-02	3.715352290971726e-02
1823	3.630743798147207e-02	3.630780547701014e-02
1929	3.520391855264082e-02	3.548133892335755e-02
2048	3.435246128716052e-02	3.467368504525317e-02
2146	3.385530411352944e-02	3.388441561392026e-02
2888	3.215439251229546e-02	3.235936569296283e-02
3919	3.128903240014880e-02	3.162277660168379e-02
4792	3.088094761594473e-02	3.090295432513590e-02
5259	3.019530391610503e-02	3.019951720402016e-02
7277	2.950678631344250e-02	2.951209226666385e-02
10979	2.875158215013818e-02	2.884031503126606e-02
37635	2.818360813616272e-02	2.818382931264454e-02
180000	2.797477441510576e-02	2.818382931264454e-02
%
% index = 1439, name = bbob_f014_i31_d03__bbob_f014_i34_d03
% instance = 15, reference value = 1.000000000000000e+00
% function evaluation | indicator value | target hit
1	5.270918531821404e-01	5.370317963702527e-01
4	2.942510171098018e-01	2.951209226666385e-01
35	2.809028755404335e-01	2.818382931264454e-01
40	2.650335443346267e-01	2.691534803926916e-01
49	2.555659617688120e-01	2.570395782768864e-01
51	2.395009096226053e-01	2.398832919019490e-01
54	2.174179678889869e-01	2.187761623949552e-01
70	2.135692528863047e-01	2.137962089502232e-01
85	2.083095997511664e-01	2.089296130854039e-01
184	2.038066676703644e-01	2.041737944669530e-01
224	1.889898791453755e-01	1.905460717963247e-01
240	1.856751074910674e-01	1.862087136662867e-01
317	1.811046053499070e-01	1.819700858609984e-01
347	1.777556260481923e-01	1.778279410038923e-01
386	1.736960954870037e-01	1.737800828749375e-01
579	1.685594633197411e-01	1.698243652461744e-01
687	1.655421266609416e-01	1.659586907437560e-01
915	1.586490894118401e-01	1.621810097358930e-01
949	1.584591129123316e-01	1.584893192461113e-01
957	1.493280232894132e-01	1.513561248436208e-01
969	1.442664764462473e-01	1.445439770745928e-01
1082	1.388787157888338e-01	1.412537544622754e-01
1156	1.377502867816298e-01	1.380384264602885e-01
1261	1.327640563378298e-01	1.348962882591654e-01
1313	1.318190849816734e-01	1.318256738556407e-01
1423	1.287260902663604e-01	1.288249551693134e-01
1830	1.258571699970494e-01	1.258925411794167e-01
1999	1.222705008607805e-01	1.230268770812381e-01
2148	1.200254850418399e-01	1.202264434617413e-01
2618	1.173629472074463e-01	1.174897554939529e-01
3361	1.148063515572174e-01	1.148153621496883e-01
4376	1.120224653081168e-01	1.122018454301964e-01
5941	1.090058818202491e-01	1.096478196143185e-01
8545	1.068076960012200e-01	1.071519305237607e-01
16127	1.046816592349248e-01	1.047128548050900e-01
55439	1.023286668450560e-01	1.023292992280754e-01
180000	1.013868105315046e-01	1.023292992280754e-01
