%
% index = 600, name = bbob_f014_i02_d02__bbob_f014_i04_d02
% instance = 1, reference value = 8.220333078179620e-01
% function evaluation | indicator value | target hit
1	5.992969593474055e-01	6.025595860743578e-01
7	5.205632938145039e-01	5.248074602497725e-01
13	4.123544881188725e-01	4.168693834703354e-01
33	3.956806413918669e-01	3.981071705534972e-01
34	2.949246901088162e-01	2.951209226666385e-01
110	2.263642239850381e-01	2.290867652767773e-01
117	2.150140475972534e-01	2.187761623949552e-01
125	1.796628994048339e-01	1.819700858609984e-01
126	1.651585210244242e-01	1.659586907437560e-01
135	1.523787332622675e-01	1.548816618912481e-01
162	1.345065460771971e-01	1.348962882591654e-01
205	1.312402235830475e-01	1.318256738556407e-01
209	1.258046523814309e-01	1.258925411794167e-01
214	1.216540185323451e-01	1.230268770812381e-01
227	1.054573605792695e-01	1.071519305237607e-01
237	1.020665294699415e-01	1.023292992280754e-01
268	9.944449632256014e-02	1.000000000000000e-01
269	9.521006590488867e-02	9.549925860214359e-02
277	9.280339051480502e-02	9.332543007969910e-02
299	7.848465784625491e-02	7.943282347242814e-02
331	7.746035129388573e-02	7.762471166286916e-02
341	7.444565291274652e-02	7.585775750291836e-02
342	6.631011660559161e-02	6.760829753919818e-02
346	6.316909828818706e-02	6.456542290346556e-02
355	6.286283876140686e-02	6.309573444801933e-02
379	5.795843973200199e-02	5.888436553555890e-02
380	5.595300054115848e-02	5.623413251903491e-02
381	5.485149643571430e-02	5.495408738576246e-02
393	5.315519909511424e-02	5.370317963702527e-02
396	4.947521169196079e-02	5.011872336272722e-02
397	4.813436682484684e-02	4.897788193684462e-02
399	4.150610625605045e-02	4.168693834703355e-02
401	3.829635961572297e-02	3.890451449942807e-02
402	3.798780573269500e-02	3.801893963205612e-02
416	3.604793569243192e-02	3.630780547701014e-02
428	3.477323955786038e-02	3.548133892335755e-02
431	3.466094530660979e-02	3.467368504525317e-02
433	3.269436325039465e-02	3.311311214825911e-02
440	3.205409281700233e-02	3.235936569296283e-02
442	3.079012611612764e-02	3.090295432513590e-02
452	2.992876822758739e-02	3.019951720402016e-02
456	2.942911816442439e-02	2.951209226666385e-02
459	2.864150426557199e-02	2.884031503126606e-02
460	2.818000938848664e-02	2.818382931264454e-02
469	2.630793492440830e-02	2.691534803926915e-02
470	2.602158534454957e-02	2.630267991895381e-02
491	2.536907675657962e-02	2.570395782768863e-02
493	2.434192721405626e-02	2.454708915685030e-02
494	2.387729324073617e-02	2.398832919019490e-02
498	2.332350282228490e-02	2.344228815319923e-02
505	2.263923012649083e-02	2.290867652767773e-02
512	2.211704525333602e-02	2.238721138568340e-02
530	2.187091251064210e-02	2.187761623949553e-02
548	2.106089121372312e-02	2.137962089502233e-02
573	2.073241231361589e-02	2.089296130854040e-02
592	2.027343783192848e-02	2.041737944669529e-02
832	1.991199666533428e-02	1.995262314968880e-02
846	1.945850261350834e-02	1.949844599758046e-02
851	1.748392303141577e-02	1.778279410038923e-02
854	1.734498065097845e-02	1.737800828749375e-02
877	1.689142488848860e-02	1.698243652461744e-02
903	1.658572558003857e-02	1.659586907437561e-02
920	1.591324539722894e-02	1.621810097358930e-02
924	1.577652586887657e-02	1.584893192461113e-02
1007	1.545683839795786e-02	1.548816618912481e-02
1379	1.512628055877785e-02	1.513561248436208e-02
1389	1.436204684770548e-02	1.445439770745927e-02
1437	1.409935787601568e-02	1.412537544622754e-02
1455	1.380169627934869e-02	1.380384264602885e-02
1511	1.312599353863897e-02	1.318256738556407e-02
1513	1.281134331260725e-02	1.288249551693134e-02
1538	1.185157218566801e-02	1.202264434617413e-02
2040	1.173772325220068e-02	1.174897554939530e-02
2126	1.147858439192029e-02	1.148153621496883e-02
2162	1.119534190956739e-02	1.122018454301964e-02
2175	1.049241560152125e-02	1.071519305237606e-02
2196	1.045496661779111e-02	1.047128548050900e-02
2219	1.022571899089775e-02	1.023292992280754e-02
2981	9.738828487939166e-03	9.772372209558112e-03
2982	9.548344477216419e-03	9.549925860214359e-03
3091	9.324895021641577e-03	9.332543007969915e-03
3191	9.002278971171340e-03	9.120108393559097e-03
3245	8.904564021098516e-03	8.912509381337459e-03
4375	8.524488549596199e-03	8.709635899560805e-03
4411	8.511054074243352e-03	8.511380382023767e-03
4430	8.062045985904986e-03	8.128305161640995e-03
4442	7.807611581775009e-03	7.943282347242814e-03
4488	7.759147420353329e-03	7.762471166286920e-03
4604	7.585432822987070e-03	7.585775750291836e-03
4715	7.412765658729170e-03	7.413102413009177e-03
4811	6.901391045738170e-03	6.918309709189363e-03
4821	6.755812752801460e-03	6.760829753919818e-03
6436	6.603373027733728e-03	6.606934480075957e-03
6528	6.442703841038178e-03	6.456542290346556e-03
6640	6.196616979208813e-03	6.309573444801930e-03
6642	6.117557312005362e-03	6.165950018614822e-03
6684	5.985844296488074e-03	6.025595860743574e-03
6891	5.860355301519959e-03	5.888436553555890e-03
6957	5.630637897447222e-03	5.754399373371567e-03
6966	5.621519057064983e-03	5.623413251903491e-03
6983	5.488553922315398e-03	5.495408738576248e-03
7118	5.369740030930603e-03	5.370317963702527e-03
9515	5.245836664319881e-03	5.248074602497728e-03
9766	4.896451373658905e-03	4.897788193684461e-03
9961	4.765335550365069e-03	4.786300923226385e-03
10107	4.671628956990026e-03	4.677351412871981e-03
10632	4.545959458578497e-03	4.570881896148752e-03
13991	4.445986137225799e-03	4.466835921509630e-03
14312	4.082866076754343e-03	4.168693834703355e-03
14355	4.071531201263023e-03	4.073802778041126e-03
14656	3.899545554398864e-03	3.981071705534973e-03
14717	3.889449759275965e-03	3.890451449942805e-03
15617	3.801644520956105e-03	3.801893963205613e-03
20336	3.713872819526509e-03	3.715352290971724e-03
21282	3.628548075891080e-03	3.630780547701014e-03
22220	3.547006691244636e-03	3.548133892335753e-03
26836	2.713498593737818e-03	2.754228703338166e-03
29625	2.691483087144397e-03	2.691534803926917e-03
29902	2.575492914888233e-03	2.630267991895381e-03
29977	2.564751924177822e-03	2.570395782768865e-03
31126	2.511873548907806e-03	2.511886431509579e-03
32656	2.454677630094881e-03	2.454708915685031e-03
34939	2.386833439450009e-03	2.398832919019490e-03
34957	2.319980276683453e-03	2.344228815319923e-03
35838	2.285737842609215e-03	2.290867652767772e-03
37248	2.233117254453076e-03	2.238721138568340e-03
38113	2.186940532618364e-03	2.187761623949552e-03
47969	2.129499393408785e-03	2.137962089502233e-03
49430	2.086430536997974e-03	2.089296130854039e-03
52769	2.023500523553712e-03	2.041737944669530e-03
54119	1.990654642647582e-03	1.995262314968879e-03
57016	1.949389038329863e-03	1.949844599758046e-03
61135	1.904746896842502e-03	1.905460717963246e-03
75384	1.858082364927127e-03	1.862087136662868e-03
78902	1.819179056729681e-03	1.819700858609983e-03
78910	1.526877472757815e-03	1.548816618912481e-03
80390	1.511943370145374e-03	1.513561248436209e-03
84959	1.479093418121913e-03	1.479108388168207e-03
102250	1.445340362846825e-03	1.445439770745928e-03
109146	1.412278654299937e-03	1.412537544622754e-03
120001	1.399754501282047e-03	1.412537544622754e-03
%
% index = 601, name = bbob_f014_i03_d02__bbob_f014_i05_d02
% instance = 2, reference value = 9.147320851564740e-01
% function evaluation | indicator value | target hit
1	2.096199093734974e+00	2.137962089502232e+00
3	1.019158003794474e+00	1.023292992280754e+00
11	8.942088620912404e-01	9.120108393559098e-01
35	8.805425785972546e-01	8.912509381337456e-01
41	3.634570489566428e-01	3.715352290971726e-01
48	2.722382803593528e-01	2.754228703338166e-01
51	1.892711078481893e-01	1.905460717963247e-01
72	1.721523588789592e-01	1.737800828749375e-01
74	1.689495942665044e-01	1.698243652461744e-01
90	1.450011752155079e-01	1.479108388168208e-01
99	1.069796698418193e-01	1.071519305237607e-01
132	7.335158685037446e-02	7.413102413009177e-02
143	7.244262886436836e-02	7.244359600749903e-02
172	7.054981442651487e-02	7.079457843841380e-02
184	6.914065486149368e-02	6.918309709189366e-02
199	6.567639244369339e-02	6.606934480075961e-02
216	6.418995584858855e-02	6.456542290346556e-02
267	6.267496259631988e-02	6.309573444801933e-02
268	5.889415872236381e-02	6.025595860743578e-02
276	5.888035795620161e-02	5.888436553555890e-02
291	5.641593535641853e-02	5.754399373371569e-02
313	5.407162669924803e-02	5.495408738576246e-02
314	5.308160022492869e-02	5.370317963702527e-02
334	5.245951418884531e-02	5.248074602497726e-02
352	4.929655640111585e-02	5.011872336272722e-02
360	4.853720477873935e-02	4.897788193684462e-02
396	4.738204113749844e-02	4.786300923226382e-02
403	4.543999483603156e-02	4.570881896148749e-02
447	2.922317434943500e-02	2.951209226666385e-02
456	2.785669089277865e-02	2.818382931264454e-02
466	2.427695433371624e-02	2.454708915685030e-02
470	2.292334310064836e-02	2.344228815319923e-02
475	2.288313486548099e-02	2.290867652767773e-02
513	2.231452620865515e-02	2.238721138568340e-02
531	2.141927598541915e-02	2.187761623949553e-02
535	2.135392822890247e-02	2.137962089502233e-02
539	2.064484837202052e-02	2.089296130854040e-02
551	2.029149358336135e-02	2.041737944669529e-02
573	1.967699816477386e-02	1.995262314968880e-02
591	1.567702235341240e-02	1.584893192461113e-02
610	1.493757361877779e-02	1.513561248436208e-02
777	1.431897452958908e-02	1.445439770745927e-02
793	1.244652040639360e-02	1.258925411794167e-02
818	1.195920742958179e-02	1.202264434617413e-02
853	1.171144388672585e-02	1.174897554939530e-02
883	1.104494801233546e-02	1.122018454301964e-02
888	1.093616407169418e-02	1.096478196143185e-02
891	1.005452761933834e-02	1.023292992280754e-02
910	9.290708932637504e-03	9.332543007969915e-03
923	8.763000163308776e-03	8.912509381337459e-03
931	8.622620266493741e-03	8.709635899560805e-03
937	8.113285047996577e-03	8.128305161640995e-03
957	7.553028404744477e-03	7.585775750291836e-03
964	7.310835137164018e-03	7.413102413009177e-03
1214	7.230548019646954e-03	7.244359600749898e-03
1229	6.968668831209279e-03	7.079457843841380e-03
1230	6.882437696407728e-03	6.918309709189363e-03
1233	6.699663838661607e-03	6.760829753919818e-03
1246	6.554620550901169e-03	6.606934480075957e-03
1275	6.335611936083563e-03	6.456542290346556e-03
1276	6.220203365927435e-03	6.309573444801930e-03
1285	6.164439184668469e-03	6.165950018614822e-03
1290	5.943305847820990e-03	6.025595860743574e-03
1294	5.734158012236978e-03	5.754399373371567e-03
1324	5.523702864712376e-03	5.623413251903491e-03
1330	5.480368559686921e-03	5.495408738576248e-03
1333	5.128432686191564e-03	5.128613839913648e-03
1355	4.766486829681060e-03	4.786300923226385e-03
1390	4.647522552656769e-03	4.677351412871981e-03
1396	4.556339354772621e-03	4.570881896148752e-03
1397	4.396545747532565e-03	4.466835921509630e-03
1405	4.342046809176936e-03	4.365158322401661e-03
1833	4.255380426782529e-03	4.265795188015926e-03
1857	4.168282085990183e-03	4.168693834703355e-03
1875	4.037234611841245e-03	4.073802778041126e-03
1888	3.980159002769934e-03	3.981071705534973e-03
1921	3.875231950729030e-03	3.890451449942805e-03
1925	3.773178386398790e-03	3.801893963205613e-03
1932	3.566746349720429e-03	3.630780547701014e-03
1945	3.537076569318787e-03	3.548133892335753e-03
1962	3.440352924711343e-03	3.467368504525317e-03
1987	3.343702678962002e-03	3.388441561392024e-03
2583	3.291068003326236e-03	3.311311214825911e-03
2628	3.224986173713251e-03	3.235936569296281e-03
2651	3.114948231632164e-03	3.162277660168379e-03
2658	3.065227851908214e-03	3.090295432513592e-03
2659	3.007971739868998e-03	3.019951720402016e-03
2675	2.949478069819489e-03	2.951209226666387e-03
2697	2.883371558935477e-03	2.884031503126605e-03
2718	2.817848625811026e-03	2.818382931264455e-03
2732	2.754011493938946e-03	2.754228703338166e-03
2760	2.684767565382939e-03	2.691534803926917e-03
2804	2.581337403031458e-03	2.630267991895381e-03
2805	2.564318959812351e-03	2.570395782768865e-03
2819	2.511310379768927e-03	2.511886431509579e-03
2858	2.450604398669620e-03	2.454708915685031e-03
2864	2.394355277907212e-03	2.398832919019490e-03
2924	2.343532179492458e-03	2.344228815319923e-03
2950	2.287972692711415e-03	2.290867652767772e-03
2972	2.233193463884064e-03	2.238721138568340e-03
3985	2.165945038988926e-03	2.187761623949552e-03
4009	2.135545549621476e-03	2.137962089502233e-03
4087	2.075597788205985e-03	2.089296130854039e-03
4112	2.016036701548152e-03	2.041737944669530e-03
4140	1.974199193577886e-03	1.995262314968879e-03
4173	1.948922703924216e-03	1.949844599758046e-03
4263	1.903969056151533e-03	1.905460717963246e-03
4346	1.852791077521676e-03	1.862087136662868e-03
5809	1.818748749838672e-03	1.819700858609983e-03
5861	1.769586677716983e-03	1.778279410038923e-03
5909	1.735551357428089e-03	1.737800828749376e-03
5939	1.698067032534389e-03	1.698243652461744e-03
6026	1.659416954561954e-03	1.659586907437561e-03
6128	1.621497601229427e-03	1.621810097358930e-03
6285	1.584808599007892e-03	1.584893192461114e-03
6324	1.547644343160570e-03	1.548816618912481e-03
8415	1.513533865248884e-03	1.513561248436209e-03
8441	1.477941827257578e-03	1.479108388168207e-03
8520	1.444608513259116e-03	1.445439770745928e-03
8571	1.408762328024338e-03	1.412537544622754e-03
8672	1.373032667873031e-03	1.380384264602885e-03
8788	1.345113082405813e-03	1.348962882591653e-03
8927	1.313965127561767e-03	1.318256738556408e-03
8958	1.286735732159872e-03	1.288249551693134e-03
9101	1.257558083545218e-03	1.258925411794167e-03
12065	1.223862319228108e-03	1.230268770812381e-03
12091	1.199607796873559e-03	1.202264434617413e-03
12114	1.149456295317375e-03	1.174897554939529e-03
12124	1.147000493805894e-03	1.148153621496883e-03
12281	1.121899973504092e-03	1.122018454301963e-03
12389	1.095925785409846e-03	1.096478196143185e-03
12531	1.071401059369426e-03	1.071519305237606e-03
12710	1.045810735981756e-03	1.047128548050900e-03
12828	1.019400004909743e-03	1.023292992280754e-03
12957	9.999441063649472e-04	1.000000000000000e-03
13101	9.771991426342774e-04	9.772372209558111e-04
17225	9.528597330560329e-04	9.549925860214359e-04
17327	9.321735479227433e-04	9.332543007969915e-04
17477	9.120022482672629e-04	9.120108393559096e-04
17697	8.872240188739777e-04	8.912509381337459e-04
17893	8.709192460979454e-04	8.709635899560805e-04
18372	8.501967337503080e-04	8.511380382023768e-04
18460	8.245695996961233e-04	8.317637711026709e-04
18652	8.127675227866948e-04	8.128305161640995e-04
18787	7.901517599865349e-04	7.943282347242813e-04
18840	7.751418629352580e-04	7.762471166286919e-04
19100	7.569466527701518e-04	7.585775750291835e-04
24615	7.409648407338265e-04	7.413102413009177e-04
24749	7.024046569358289e-04	7.079457843841380e-04
24898	6.908022251683743e-04	6.918309709189362e-04
25074	6.539072212587982e-04	6.606934480075957e-04
25213	6.456510021213280e-04	6.456542290346556e-04
25577	6.305150366354706e-04	6.309573444801930e-04
25879	6.159519565147598e-04	6.165950018614823e-04
26063	6.007758622085246e-04	6.025595860743575e-04
26367	5.887381513595136e-04	5.888436553555889e-04
26915	5.744112774876964e-04	5.754399373371566e-04
27172	5.573111642896977e-04	5.623413251903491e-04
27492	5.492933595336869e-04	5.495408738576248e-04
28049	5.352980451084344e-04	5.370317963702527e-04
28260	5.220305419703086e-04	5.248074602497728e-04
35340	5.049350006098852e-04	5.128613839913648e-04
35479	4.897814551501067e-04	5.011872336272725e-04
35491	4.897657219417040e-04	4.897788193684461e-04
36094	4.785969506884147e-04	4.786300923226385e-04
36519	4.608325868190599e-04	4.677351412871981e-04
36720	4.570636986227505e-04	4.570881896148752e-04
37318	4.241424743942623e-04	4.265795188015926e-04
37609	4.150230212213168e-04	4.168693834703355e-04
38268	4.073678249286727e-04	4.073802778041126e-04
38736	3.978375679041246e-04	3.981071705534974e-04
39055	3.879531191276486e-04	3.890451449942805e-04
39182	3.683157882654609e-04	3.715352290971724e-04
39719	3.630730366119828e-04	3.630780547701014e-04
40678	3.547138115355120e-04	3.548133892335753e-04
41533	3.464080576784934e-04	3.467368504525317e-04
41693	3.356345806670991e-04	3.388441561392024e-04
42444	3.310173720171283e-04	3.311311214825911e-04
43510	3.231665461062017e-04	3.235936569296281e-04
44936	3.161880704402042e-04	3.162277660168379e-04
44947	2.916319225227948e-04	2.951209226666387e-04
45382	2.870763669790000e-04	2.884031503126605e-04
46801	2.816754301866453e-04	2.818382931264455e-04
47402	2.702514172122639e-04	2.754228703338166e-04
47654	2.690038292071373e-04	2.691534803926917e-04
49687	2.538685173836264e-04	2.570395782768865e-04
50703	2.511883851276098e-04	2.511886431509580e-04
51417	2.380768894785223e-04	2.398832919019490e-04
52609	2.343880179027646e-04	2.344228815319923e-04
55174	2.290808937879252e-04	2.290867652767772e-04
62261	2.231388769696752e-04	2.238721138568340e-04
62882	2.159743965390870e-04	2.187761623949552e-04
63220	2.137912437600864e-04	2.137962089502232e-04
64520	2.089108790298555e-04	2.089296130854039e-04
65105	2.001864391973918e-04	2.041737944669530e-04
65398	1.995221397953495e-04	1.995262314968879e-04
67082	1.949585292038147e-04	1.949844599758046e-04
68981	1.898883479375391e-04	1.905460717963246e-04
70497	1.859865520871251e-04	1.862087136662868e-04
71326	1.781136935272709e-04	1.819700858609983e-04
71523	1.778268174829067e-04	1.778279410038923e-04
73504	1.737779210607693e-04	1.737800828749376e-04
75167	1.695758943915937e-04	1.698243652461744e-04
77290	1.656140297602304e-04	1.659586907437562e-04
77839	1.571361497627599e-04	1.584893192461114e-04
78972	1.535067668899659e-04	1.548816618912481e-04
80839	1.513559729739988e-04	1.513561248436209e-04
88404	1.408438045141791e-04	1.412537544622754e-04
90331	1.380351622269904e-04	1.380384264602885e-04
92437	1.345641146947019e-04	1.348962882591653e-04
93242	1.238962268655941e-04	1.258925411794167e-04
94096	1.218998751357780e-04	1.230268770812381e-04
95715	1.202103592069514e-04	1.202264434617413e-04
96079	1.170843972531088e-04	1.174897554939529e-04
98027	1.142696849032454e-04	1.148153621496883e-04
99231	1.112408985894930e-04	1.122018454301963e-04
101326	1.093462758511299e-04	1.096478196143185e-04
103009	1.067856155805291e-04	1.071519305237606e-04
105274	1.044714723997808e-04	1.047128548050900e-04
115497	1.023258729841992e-04	1.023292992280754e-04
116527	9.949846943546614e-05	1.000000000000000e-04
116737	9.694282870365001e-05	9.772372209558111e-05
117984	9.423240591188708e-05	9.549925860214369e-05
118295	9.330000537410843e-05	9.332543007969905e-05
119638	9.118715923051024e-05	9.120108393559096e-05
120000	8.984576316084514e-05	9.120108393559096e-05
%
% index = 602, name = bbob_f014_i07_d02__bbob_f014_i08_d02
% instance = 3, reference value = 8.535879225881290e-01
% function evaluation | indicator value | target hit
1	1.550981555019629e+00	1.584893192461114e+00
21	1.435280139914129e+00	1.445439770745927e+00
34	9.169797683946289e-01	9.332543007969910e-01
104	8.982463957631289e-01	9.120108393559098e-01
124	7.968164112805820e-01	8.128305161640993e-01
138	7.397326018390135e-01	7.413102413009175e-01
165	3.789939606834357e-01	3.801893963205612e-01
230	3.237072006240016e-01	3.311311214825911e-01
249	3.156301645000069e-01	3.162277660168379e-01
267	2.890579270702370e-01	2.951209226666385e-01
291	2.878652029780747e-01	2.884031503126606e-01
308	2.574862126980013e-01	2.630267991895382e-01
348	2.569144552455234e-01	2.570395782768864e-01
383	2.364197958283786e-01	2.398832919019490e-01
556	2.284705514739186e-01	2.290867652767773e-01
797	2.095674509817272e-01	2.137962089502232e-01
841	2.055801010668317e-01	2.089296130854039e-01
860	1.796639537101696e-01	1.819700858609984e-01
963	1.766783569874054e-01	1.778279410038923e-01
3285	9.805607638421432e-02	1.000000000000000e-01
4118	8.142588380570903e-02	8.317637711026708e-02
4659	8.008025767135241e-02	8.128305161640990e-02
4729	7.934750839016025e-02	7.943282347242814e-02
6866	7.696434367158056e-02	7.762471166286916e-02
9638	7.094192516713660e-02	7.244359600749903e-02
9868	6.348231786167580e-02	6.456542290346556e-02
9938	6.190604930529353e-02	6.309573444801933e-02
10039	5.956960898709573e-02	6.025595860743578e-02
10212	5.736536183573704e-02	5.754399373371569e-02
10270	5.547227956014134e-02	5.623413251903491e-02
10402	4.961394158351151e-02	5.011872336272722e-02
12548	4.423128068909710e-02	4.466835921509630e-02
13522	4.219148416511265e-02	4.265795188015926e-02
13540	4.163539521365245e-02	4.168693834703355e-02
13622	4.061582332044911e-02	4.073802778041128e-02
14248	3.979209953037199e-02	3.981071705534973e-02
14423	3.487397042252194e-02	3.548133892335755e-02
14424	3.276197225531463e-02	3.311311214825911e-02
14780	3.234044280316750e-02	3.235936569296283e-02
15125	3.132714124761227e-02	3.162277660168379e-02
15377	2.795630339939659e-02	2.818382931264454e-02
15611	2.753330967302869e-02	2.754228703338166e-02
16336	2.605027750373434e-02	2.630267991895381e-02
16377	2.319429640560322e-02	2.344228815319923e-02
20202	2.238718595531153e-02	2.238721138568340e-02
20354	1.945359067941288e-02	1.949844599758046e-02
20669	1.877767271927855e-02	1.905460717963247e-02
20775	1.855619725197988e-02	1.862087136662868e-02
21533	1.779227708675657e-02	1.819700858609984e-02
21707	1.770805372501005e-02	1.778279410038923e-02
21934	1.736247729477347e-02	1.737800828749375e-02
22885	1.692292273616103e-02	1.698243652461744e-02
22991	1.575661353814184e-02	1.584893192461113e-02
24163	1.502043640580375e-02	1.513561248436208e-02
24895	1.449460567225291e-02	1.479108388168207e-02
25212	1.444094799381390e-02	1.445439770745927e-02
25451	1.410024040834323e-02	1.412537544622754e-02
25454	1.345886113691763e-02	1.348962882591653e-02
25662	1.316071126627494e-02	1.318256738556407e-02
26150	1.280855630622713e-02	1.288249551693134e-02
26371	1.229505599580683e-02	1.230268770812382e-02
26997	1.201409153577249e-02	1.202264434617413e-02
27841	1.135071511578134e-02	1.148153621496883e-02
29086	1.089212195597700e-02	1.096478196143185e-02
29194	1.070237025189924e-02	1.071519305237606e-02
29725	1.045676825349062e-02	1.047128548050900e-02
30177	1.023240312482976e-02	1.023292992280754e-02
30372	9.435210009291262e-03	9.549925860214359e-03
30745	9.127496079729958e-03	9.332543007969915e-03
30873	9.117226783155630e-03	9.120108393559097e-03
31240	8.910436915970710e-03	8.912509381337459e-03
31395	8.693829914342421e-03	8.709635899560805e-03
32784	8.388534233321088e-03	8.511380382023767e-03
33667	8.307868522120399e-03	8.317637711026709e-03
38929	8.051620909608648e-03	8.128305161640995e-03
39189	7.919502190148586e-03	7.943282347242814e-03
39448	7.527994012403671e-03	7.585775750291836e-03
39655	7.396881340659078e-03	7.413102413009177e-03
39769	7.222877892170132e-03	7.244359600749898e-03
40582	7.041261679640809e-03	7.079457843841380e-03
40927	6.902555477616534e-03	6.918309709189363e-03
41618	6.751842660895457e-03	6.760829753919818e-03
41737	6.420201284239369e-03	6.456542290346556e-03
42005	6.308144187419318e-03	6.309573444801930e-03
42558	6.142368198119308e-03	6.165950018614822e-03
42675	6.000850899231636e-03	6.025595860743574e-03
42938	5.818909851243670e-03	5.888436553555890e-03
43282	5.740589462197021e-03	5.754399373371567e-03
44114	5.622216012659331e-03	5.623413251903491e-03
44676	5.428139446990055e-03	5.495408738576248e-03
44855	5.366910098107081e-03	5.370317963702527e-03
45302	5.238285621801175e-03	5.248074602497728e-03
45524	5.104513397396149e-03	5.128613839913648e-03
46261	5.005876955698541e-03	5.011872336272725e-03
46727	4.199521266501471e-03	4.265795188015926e-03
47134	4.165503848051477e-03	4.168693834703355e-03
47879	4.053700346577371e-03	4.073802778041126e-03
48303	3.949234696838722e-03	3.981071705534973e-03
49304	3.869938365442027e-03	3.890451449942805e-03
50009	3.792351688849505e-03	3.801893963205613e-03
50126	3.692597257825114e-03	3.715352290971724e-03
50463	3.629655239800744e-03	3.630780547701014e-03
51020	3.547443765360425e-03	3.548133892335753e-03
51822	3.459821961137810e-03	3.467368504525317e-03
52610	3.357315311759090e-03	3.388441561392024e-03
53130	3.311251624228184e-03	3.311311214825911e-03
54845	3.231967811548997e-03	3.235936569296281e-03
55955	3.161752818009678e-03	3.162277660168379e-03
57242	3.074824849509494e-03	3.090295432513592e-03
57356	2.957446669244690e-03	3.019951720402016e-03
57435	2.937789719549944e-03	2.951209226666387e-03
57462	2.825451906794063e-03	2.884031503126605e-03
57493	2.817509088146819e-03	2.818382931264455e-03
57724	2.733362634060432e-03	2.754228703338166e-03
58235	2.672532012666706e-03	2.691534803926917e-03
58475	2.619453645813619e-03	2.630267991895381e-03
65273	2.402896818073708e-03	2.454708915685031e-03
65357	2.397383584749391e-03	2.398832919019490e-03
65708	2.341530168257555e-03	2.344228815319923e-03
65920	2.280370440246093e-03	2.290867652767772e-03
65955	2.237917889717944e-03	2.238721138568340e-03
66241	2.092259867174096e-03	2.137962089502233e-03
66262	2.087395591073071e-03	2.089296130854039e-03
66404	2.021648151266930e-03	2.041737944669530e-03
66449	1.992571988972069e-03	1.995262314968879e-03
66592	1.941186878269496e-03	1.949844599758046e-03
66838	1.905448580436397e-03	1.905460717963246e-03
67279	1.861792811228224e-03	1.862087136662868e-03
67954	1.818868437037713e-03	1.819700858609983e-03
68379	1.746695387857100e-03	1.778279410038923e-03
68644	1.736686973169754e-03	1.737800828749376e-03
69068	1.673295801129848e-03	1.698243652461744e-03
69299	1.654925674128616e-03	1.659586907437561e-03
69560	1.618632287304855e-03	1.621810097358930e-03
70524	1.584323207209470e-03	1.584893192461114e-03
70809	1.535969503072776e-03	1.548816618912481e-03
71102	1.512363654957549e-03	1.513561248436209e-03
71247	1.476663084647445e-03	1.479108388168207e-03
71545	1.438000261280492e-03	1.445439770745928e-03
71699	1.407246494701697e-03	1.412537544622754e-03
71961	1.362763051442784e-03	1.380384264602885e-03
72232	1.348035263992631e-03	1.348962882591653e-03
72636	1.304851481601532e-03	1.318256738556408e-03
72983	1.288218608183511e-03	1.288249551693134e-03
73383	1.257372062646755e-03	1.258925411794167e-03
73990	1.225902008375579e-03	1.230268770812381e-03
74202	1.198140693715044e-03	1.202264434617413e-03
74751	1.162114078014254e-03	1.174897554939529e-03
75187	1.147143302416831e-03	1.148153621496883e-03
76064	1.120344634756743e-03	1.122018454301963e-03
77076	1.083271712193690e-03	1.096478196143185e-03
77560	1.071496410285255e-03	1.071519305237606e-03
78246	1.047123113417703e-03	1.047128548050900e-03
78576	1.016297288886525e-03	1.023292992280754e-03
79048	9.989154908551789e-04	1.000000000000000e-03
79806	9.770762612243411e-04	9.772372209558111e-04
80766	9.547311683388848e-04	9.549925860214359e-04
81041	9.308998673511759e-04	9.332543007969915e-04
81648	9.085319414058324e-04	9.120108393559096e-04
81928	8.832663076534519e-04	8.912509381337459e-04
81959	8.602563731548996e-04	8.709635899560805e-04
82279	8.510556813462467e-04	8.511380382023768e-04
82712	8.237193628515271e-04	8.317637711026709e-04
83130	8.113160564999777e-04	8.128305161640995e-04
84256	7.937947142900859e-04	7.943282347242813e-04
84693	7.660492122271156e-04	7.762471166286919e-04
85027	7.583883821907778e-04	7.585775750291835e-04
92539	7.413043418729170e-04	7.413102413009177e-04
93138	7.198335958999991e-04	7.244359600749898e-04
93227	6.997995655638745e-04	7.079457843841380e-04
93607	6.913641686290273e-04	6.918309709189362e-04
94023	6.707272250094931e-04	6.760829753919819e-04
94342	6.606881641102458e-04	6.606934480075957e-04
94557	6.450627730646419e-04	6.456542290346556e-04
94593	6.218639907825674e-04	6.309573444801930e-04
94637	6.158004249698923e-04	6.165950018614823e-04
95375	6.025568689554950e-04	6.025595860743575e-04
95449	5.856387432759957e-04	5.888436553555889e-04
95747	5.745025547828631e-04	5.754399373371566e-04
95953	5.614472479621435e-04	5.623413251903491e-04
96459	5.495366742879204e-04	5.495408738576248e-04
97110	5.370286239978483e-04	5.370317963702527e-04
97133	5.131923517597281e-04	5.248074602497728e-04
97136	5.120670389529014e-04	5.128613839913648e-04
97669	5.003641881198284e-04	5.011872336272725e-04
98713	4.893948452330266e-04	4.897788193684461e-04
99279	4.784972643956387e-04	4.786300923226385e-04
100055	4.669299674365801e-04	4.677351412871981e-04
100153	4.557512949532327e-04	4.570881896148752e-04
100608	4.409590618859038e-04	4.466835921509630e-04
101228	4.363752860664372e-04	4.365158322401661e-04
101756	4.224356481256075e-04	4.265795188015926e-04
101959	4.078209628879392e-04	4.168693834703355e-04
101965	4.073438102373261e-04	4.073802778041126e-04
102327	3.972426519163186e-04	3.981071705534974e-04
102815	3.881025676211181e-04	3.890451449942805e-04
103334	3.800187388134368e-04	3.801893963205612e-04
104077	3.715096580532151e-04	3.715352290971724e-04
104109	3.630541145515087e-04	3.630780547701014e-04
104785	3.546037497631493e-04	3.548133892335753e-04
105216	3.464616533236375e-04	3.467368504525317e-04
105619	3.189373609286950e-04	3.235936569296281e-04
105918	3.160710186520532e-04	3.162277660168379e-04
106061	3.081001424868335e-04	3.090295432513592e-04
106665	3.014459113817036e-04	3.019951720402016e-04
107340	2.940339198977959e-04	2.951209226666387e-04
107603	2.877795369418124e-04	2.884031503126605e-04
108216	2.774856115219659e-04	2.818382931264455e-04
108280	2.751726624805606e-04	2.754228703338166e-04
108779	2.671076114667548e-04	2.691534803926917e-04
109506	2.630090939064189e-04	2.630267991895381e-04
110135	2.569590401740873e-04	2.570395782768865e-04
111114	2.511769481449155e-04	2.511886431509580e-04
111476	2.452553296377058e-04	2.454708915685031e-04
111888	2.398805023207107e-04	2.398832919019490e-04
119232	2.338038062674741e-04	2.344228815319923e-04
119327	2.253316559964746e-04	2.290867652767772e-04
119408	2.236963926289803e-04	2.238721138568340e-04
120000	2.191651288389052e-04	2.238721138568340e-04
%
% index = 603, name = bbob_f014_i09_d02__bbob_f014_i10_d02
% instance = 4, reference value = 5.123738479914570e-01
% function evaluation | indicator value | target hit
1	8.004840324159760e+00	8.128305161640993e+00
2	3.067997174285747e+00	3.090295432513591e+00
3	4.347241744252310e-01	4.365158322401660e-01
23	3.233842567166867e-01	3.235936569296283e-01
57	2.809349491906314e-01	2.818382931264454e-01
63	2.578087084473217e-01	2.630267991895382e-01
71	2.499954381936890e-01	2.511886431509580e-01
74	2.377322982218537e-01	2.398832919019490e-01
177	2.336898515293450e-01	2.344228815319922e-01
193	2.099359220366617e-01	2.137962089502232e-01
194	1.972079434851111e-01	1.995262314968880e-01
211	1.204863682937621e-01	1.230268770812381e-01
231	1.194947187219583e-01	1.202264434617413e-01
233	1.134478388044008e-01	1.148153621496883e-01
234	1.102334631092542e-01	1.122018454301964e-01
239	1.057424613709855e-01	1.071519305237607e-01
241	1.046398601717844e-01	1.047128548050900e-01
243	8.755172936659894e-02	8.912509381337455e-02
256	8.696315838706142e-02	8.709635899560805e-02
281	6.503170414754389e-02	6.606934480075961e-02
284	6.264314175526614e-02	6.309573444801933e-02
292	5.840311828314948e-02	5.888436553555890e-02
306	5.589466667409143e-02	5.623413251903491e-02
315	5.035479764755812e-02	5.128613839913648e-02
322	4.976252155907646e-02	5.011872336272722e-02
328	4.716157286244266e-02	4.786300923226382e-02
366	4.631038666443454e-02	4.677351412871981e-02
390	4.570272226537436e-02	4.570881896148749e-02
564	4.425146979054240e-02	4.466835921509630e-02
571	4.358357830069692e-02	4.365158322401658e-02
595	4.196349793728593e-02	4.265795188015926e-02
608	4.159783936275374e-02	4.168693834703355e-02
620	3.633870545078244e-02	3.715352290971726e-02
621	3.589510926331080e-02	3.630780547701014e-02
636	3.527158085498056e-02	3.548133892335755e-02
650	3.467225982289973e-02	3.467368504525317e-02
666	3.344853451769864e-02	3.388441561392026e-02
681	2.925141128178738e-02	2.951209226666385e-02
709	2.855048542789412e-02	2.884031503126606e-02
722	2.400649312576297e-02	2.454708915685030e-02
730	2.316963920064480e-02	2.344228815319923e-02
997	2.276563783924551e-02	2.290867652767773e-02
1019	2.236201690398704e-02	2.238721138568340e-02
1046	2.155884232016414e-02	2.187761623949553e-02
1050	2.125220843636322e-02	2.137962089502233e-02
1074	2.056724689698353e-02	2.089296130854040e-02
1080	2.041251370354358e-02	2.041737944669529e-02
1090	1.969939825518274e-02	1.995262314968880e-02
1109	1.947388889645341e-02	1.949844599758046e-02
1134	1.892860652584505e-02	1.905460717963247e-02
1137	1.587675439723202e-02	1.621810097358930e-02
1147	1.570048891023451e-02	1.584893192461113e-02
1187	1.547498216078813e-02	1.548816618912481e-02
1670	1.508243112902097e-02	1.513561248436208e-02
1692	1.444249023237193e-02	1.445439770745927e-02
1739	1.360389654465266e-02	1.380384264602885e-02
1754	1.348917419059931e-02	1.348962882591653e-02
1821	1.310751281807371e-02	1.318256738556407e-02
1842	1.283241462464674e-02	1.288249551693134e-02
2525	1.257991644420198e-02	1.258925411794167e-02
2539	1.228559682921226e-02	1.230268770812382e-02
2554	1.177059611202358e-02	1.202264434617413e-02
2558	1.170209193755078e-02	1.174897554939530e-02
2579	1.144901598937476e-02	1.148153621496883e-02
2609	1.121956659691226e-02	1.122018454301964e-02
2683	1.085554575088565e-02	1.096478196143185e-02
2704	1.070965311235283e-02	1.071519305237606e-02
2759	1.046779630917338e-02	1.047128548050900e-02
2825	1.007142602327238e-02	1.023292992280754e-02
2840	9.950645335926156e-03	1.000000000000000e-02
2847	9.416294707483841e-03	9.549925860214359e-03
2850	9.275282738610446e-03	9.332543007969915e-03
2880	9.113199801143890e-03	9.120108393559097e-03
3911	8.476260466740104e-03	8.511380382023767e-03
3982	8.314024527824038e-03	8.317637711026709e-03
4001	8.098854499446806e-03	8.128305161640995e-03
4042	7.937780454891574e-03	7.943282347242814e-03
4106	6.994889793123127e-03	7.079457843841380e-03
4114	6.510394945266840e-03	6.606934480075957e-03
4138	6.437022914432933e-03	6.456542290346556e-03
4230	6.298425305148125e-03	6.309573444801930e-03
4306	6.001552342630001e-03	6.025595860743574e-03
5680	5.887491896241270e-03	5.888436553555890e-03
5737	5.750445725841713e-03	5.754399373371567e-03
5759	5.428566155226577e-03	5.495408738576248e-03
5797	5.369466163124392e-03	5.370317963702527e-03
5880	5.234136834406544e-03	5.248074602497728e-03
5942	5.128091212814323e-03	5.128613839913648e-03
5965	4.864762350433094e-03	4.897788193684461e-03
6030	4.774550578833914e-03	4.786300923226385e-03
6087	4.674982165652986e-03	4.677351412871981e-03
6148	4.570123818828375e-03	4.570881896148752e-03
6221	4.464509167864228e-03	4.466835921509630e-03
8222	4.099489696489544e-03	4.168693834703355e-03
8228	4.036861813779380e-03	4.073802778041126e-03
8301	3.975542448219738e-03	3.981071705534973e-03
8308	3.873754809091801e-03	3.890451449942805e-03
8426	3.704063177343397e-03	3.715352290971724e-03
8471	3.630251092706316e-03	3.630780547701014e-03
8515	3.518441979188935e-03	3.548133892335753e-03
8585	3.463668522985075e-03	3.467368504525317e-03
8613	3.259382792977328e-03	3.311311214825911e-03
8666	3.227952499648024e-03	3.235936569296281e-03
8799	3.158192063465792e-03	3.162277660168379e-03
8875	2.915044526150656e-03	2.951209226666387e-03
8888	2.883830613125915e-03	2.884031503126605e-03
11536	2.817532642265697e-03	2.818382931264455e-03
11579	2.738793520115301e-03	2.754228703338166e-03
11656	2.690412153829147e-03	2.691534803926917e-03
11659	2.404656306456920e-03	2.454708915685031e-03
11660	2.392497263611126e-03	2.398832919019490e-03
11661	2.287945376176381e-03	2.290867652767772e-03
11727	2.235747236889574e-03	2.238721138568340e-03
11733	2.151029903168622e-03	2.187761623949552e-03
11736	2.125241619433282e-03	2.137962089502233e-03
11789	2.088377392090224e-03	2.089296130854039e-03
11824	2.023321453363924e-03	2.041737944669530e-03
11926	1.992441857763483e-03	1.995262314968879e-03
11987	1.946680202768447e-03	1.949844599758046e-03
12101	1.871324161391352e-03	1.905460717963246e-03
12121	1.861677571253328e-03	1.862087136662868e-03
12249	1.819282461547056e-03	1.819700858609983e-03
12287	1.777508699621788e-03	1.778279410038923e-03
12345	1.687188644553084e-03	1.698243652461744e-03
12412	1.658738887698852e-03	1.659586907437561e-03
12455	1.583860178587249e-03	1.584893192461114e-03
12595	1.547247300254129e-03	1.548816618912481e-03
12668	1.508918379090174e-03	1.513561248436209e-03
16228	1.478955685623617e-03	1.479108388168207e-03
16322	1.445111679352240e-03	1.445439770745928e-03
16477	1.407489735704925e-03	1.412537544622754e-03
16551	1.377346060811524e-03	1.380384264602885e-03
16650	1.346003391705541e-03	1.348962882591653e-03
16794	1.315055049608049e-03	1.318256738556408e-03
16807	1.281908440453172e-03	1.288249551693134e-03
16895	1.258423703546008e-03	1.258925411794167e-03
16953	1.218006963322749e-03	1.230268770812381e-03
17077	1.201388228965539e-03	1.202264434617413e-03
17288	1.174705198769943e-03	1.174897554939529e-03
17391	1.145440935759190e-03	1.148153621496883e-03
17587	1.120789215636520e-03	1.122018454301963e-03
17628	1.083314962988080e-03	1.096478196143185e-03
17691	1.068061699690426e-03	1.071519305237606e-03
17814	1.047120821588532e-03	1.047128548050900e-03
17991	1.022365592010299e-03	1.023292992280754e-03
18148	9.994625968304804e-04	1.000000000000000e-03
22949	9.699942503728076e-04	9.772372209558111e-04
23049	9.531671332346781e-04	9.549925860214359e-04
23052	9.262969620800199e-04	9.332543007969915e-04
23123	9.118102813850948e-04	9.120108393559096e-04
23234	8.751899532390972e-04	8.912509381337459e-04
23268	8.709631586426569e-04	8.709635899560805e-04
23384	8.501377384457776e-04	8.511380382023768e-04
23514	8.317563438225983e-04	8.317637711026709e-04
23610	8.127987788570934e-04	8.128305161640995e-04
23787	7.938229425578092e-04	7.943282347242813e-04
23824	7.761350174483317e-04	7.762471166286919e-04
23929	7.561454239145560e-04	7.585775750291835e-04
24081	7.399879465874726e-04	7.413102413009177e-04
24240	7.235294660264957e-04	7.244359600749898e-04
24322	7.041933540465894e-04	7.079457843841380e-04
24335	6.909830974543008e-04	6.918309709189362e-04
24504	6.760253795629056e-04	6.760829753919819e-04
24639	6.606124869972252e-04	6.606934480075957e-04
24816	6.431186023142521e-04	6.456542290346556e-04
24970	6.307270130182507e-04	6.309573444801930e-04
25092	6.165763849749206e-04	6.165950018614823e-04
25401	6.024041056614804e-04	6.025595860743575e-04
25531	5.887821294269235e-04	5.888436553555889e-04
25686	5.734474804950374e-04	5.754399373371566e-04
25708	5.611584031260941e-04	5.623413251903491e-04
25878	5.495083676090307e-04	5.495408738576248e-04
26101	5.369833041943828e-04	5.370317963702527e-04
26218	5.194935939132339e-04	5.248074602497728e-04
26351	5.128558965249441e-04	5.128613839913648e-04
26575	4.974928029849446e-04	5.011872336272725e-04
26672	4.892813508819982e-04	4.897788193684461e-04
26841	4.786059013306421e-04	4.786300923226385e-04
26982	4.676373125802602e-04	4.677351412871981e-04
33508	4.568899102691537e-04	4.570881896148752e-04
33699	4.466360960245774e-04	4.466835921509630e-04
33850	4.353116906041787e-04	4.365158322401661e-04
34024	4.265700515881932e-04	4.265795188015926e-04
34208	4.163967526110701e-04	4.168693834703355e-04
34403	4.068280815677783e-04	4.073802778041126e-04
34540	3.979188970458791e-04	3.981071705534974e-04
34749	3.890238535066981e-04	3.890451449942805e-04
34897	3.801865886856604e-04	3.801893963205612e-04
35099	3.707797607214181e-04	3.715352290971724e-04
35211	3.604361275733048e-04	3.630780547701014e-04
35377	3.546892981661776e-04	3.548133892335753e-04
35613	3.464032053160926e-04	3.467368504525317e-04
35781	3.387340251831406e-04	3.388441561392024e-04
36079	3.311125991904973e-04	3.311311214825911e-04
36354	3.230827620943622e-04	3.235936569296281e-04
36684	3.162087089393362e-04	3.162277660168379e-04
37025	3.085521858672280e-04	3.090295432513592e-04
37316	3.013963803336628e-04	3.019951720402016e-04
37587	2.951112683866608e-04	2.951209226666387e-04
37835	2.881937274792357e-04	2.884031503126605e-04
38186	2.818252051927095e-04	2.818382931264455e-04
38619	2.753202683922762e-04	2.754228703338166e-04
39005	2.691299243842149e-04	2.691534803926917e-04
39423	2.629695418510103e-04	2.630267991895381e-04
39984	2.570321522855634e-04	2.570395782768865e-04
40548	2.510285825149117e-04	2.511886431509580e-04
40956	2.454603462735960e-04	2.454708915685031e-04
41495	2.398771769834829e-04	2.398832919019490e-04
41749	2.344056834175934e-04	2.344228815319923e-04
42287	2.290779835906198e-04	2.290867652767772e-04
42869	2.238674459780210e-04	2.238721138568340e-04
43566	2.186700772518479e-04	2.187761623949552e-04
44205	2.137895565789139e-04	2.137962089502232e-04
44597	2.088249945582099e-04	2.089296130854039e-04
45431	2.041488595120322e-04	2.041737944669530e-04
46092	1.994952647711434e-04	1.995262314968879e-04
46692	1.948565925919965e-04	1.949844599758046e-04
47655	1.905412841126664e-04	1.905460717963246e-04
48682	1.862083748503940e-04	1.862087136662868e-04
49315	1.818525722353526e-04	1.819700858609983e-04
50229	1.777790726095185e-04	1.778279410038923e-04
51044	1.727672027317384e-04	1.737800828749376e-04
51826	1.698230883216967e-04	1.698243652461744e-04
53001	1.659473671851153e-04	1.659586907437562e-04
60879	1.621761935548527e-04	1.621810097358930e-04
61285	1.584188691380328e-04	1.584893192461114e-04
61712	1.545532953559636e-04	1.548816618912481e-04
62393	1.512308313013078e-04	1.513561248436209e-04
63312	1.479104375304852e-04	1.479108388168207e-04
64041	1.445435042799481e-04	1.445439770745928e-04
64794	1.412219589210784e-04	1.412537544622754e-04
65981	1.379332573943071e-04	1.380384264602885e-04
67155	1.348924256633355e-04	1.348962882591653e-04
68235	1.318195467623351e-04	1.318256738556407e-04
69528	1.288231898740611e-04	1.288249551693134e-04
70650	1.258905416046119e-04	1.258925411794167e-04
78580	1.230266927333412e-04	1.230268770812381e-04
86457	1.202261496480173e-04	1.202264434617413e-04
87833	1.174861896829915e-04	1.174897554939529e-04
89179	1.148136894419949e-04	1.148153621496883e-04
90699	1.121839677483694e-04	1.122018454301963e-04
92182	1.096473764357064e-04	1.096478196143185e-04
93809	1.070727730091425e-04	1.071519305237606e-04
95614	1.047123535112826e-04	1.047128548050900e-04
98060	1.023277127580879e-04	1.023292992280754e-04
113251	9.950514802603561e-05	1.000000000000000e-04
121109	9.810663366838224e-05	1.000000000000000e-04
%
% index = 604, name = bbob_f014_i11_d02__bbob_f014_i12_d02
% instance = 5, reference value = 8.215585992989960e-01
% function evaluation | indicator value | target hit
1	4.024993505284488e-01	4.073802778041127e-01
22	1.961400893812415e-01	1.995262314968880e-01
25	1.808759757843297e-01	1.819700858609984e-01
27	1.579849603561745e-01	1.584893192461113e-01
32	9.443471098265710e-02	9.549925860214359e-02
63	8.734387357401874e-02	8.912509381337455e-02
67	8.610774123142018e-02	8.709635899560805e-02
78	8.459472861005446e-02	8.511380382023763e-02
100	8.213404313690853e-02	8.317637711026708e-02
102	8.050139572955162e-02	8.128305161640990e-02
136	7.534349170764343e-02	7.585775750291836e-02
200	7.334582445768623e-02	7.413102413009177e-02
204	7.133808957387955e-02	7.244359600749903e-02
223	7.038228691605031e-02	7.079457843841380e-02
235	4.921704825028173e-02	5.011872336272722e-02
243	4.889309980978562e-02	4.897788193684462e-02
277	4.757307448537562e-02	4.786300923226382e-02
278	4.536033003834250e-02	4.570881896148749e-02
284	4.396194621454552e-02	4.466835921509630e-02
297	4.364033915355303e-02	4.365158322401658e-02
304	4.217072117298870e-02	4.265795188015926e-02
323	4.055984128844836e-02	4.073802778041128e-02
342	3.876121081592876e-02	3.890451449942807e-02
545	3.732192948391211e-02	3.801893963205612e-02
589	3.708783903398227e-02	3.715352290971726e-02
612	3.415679460901355e-02	3.467368504525317e-02
650	3.344002805890467e-02	3.388441561392026e-02
668	3.241935002828722e-02	3.311311214825911e-02
669	3.129099058272966e-02	3.162277660168379e-02
687	3.087140817931511e-02	3.090295432513590e-02
718	2.996052477858924e-02	3.019951720402016e-02
962	2.931302908597111e-02	2.951209226666385e-02
996	2.723684031145002e-02	2.754228703338166e-02
1001	2.688110747162598e-02	2.691534803926915e-02
1057	2.627517071503827e-02	2.630267991895381e-02
1061	2.569852941619621e-02	2.570395782768863e-02
1107	2.494271274942650e-02	2.511886431509579e-02
1147	2.441467418655918e-02	2.454708915685030e-02
1472	2.355150845416365e-02	2.398832919019490e-02
1508	2.338680324100495e-02	2.344228815319923e-02
1553	2.281682623515291e-02	2.290867652767773e-02
1623	2.237701061617647e-02	2.238721138568340e-02
2158	1.986854343797873e-02	1.995262314968880e-02
2189	1.942228992452344e-02	1.949844599758046e-02
2210	1.877598111978596e-02	1.905460717963247e-02
2213	1.804834966172608e-02	1.819700858609984e-02
2290	1.681333618849878e-02	1.698243652461744e-02
2374	1.604867303481494e-02	1.621810097358930e-02
2408	1.582878226120366e-02	1.584893192461113e-02
3305	1.546652164741813e-02	1.548816618912481e-02
3325	1.280036962135755e-02	1.288249551693134e-02
3346	1.210769897551578e-02	1.230268770812382e-02
3391	1.194338997877387e-02	1.202264434617413e-02
3403	1.057562782893962e-02	1.071519305237606e-02
3439	1.046746540871579e-02	1.047128548050900e-02
3562	1.001968811751830e-02	1.023292992280754e-02
3575	9.869150495516510e-03	1.000000000000000e-02
3616	9.771115962310173e-03	9.772372209558112e-03
3677	9.547731666466386e-03	9.549925860214359e-03
4801	9.220565681012372e-03	9.332543007969915e-03
4829	8.824981873516879e-03	8.912509381337459e-03
4870	8.665099762451001e-03	8.709635899560805e-03
4887	8.487368267960926e-03	8.511380382023767e-03
4951	8.316023535240413e-03	8.317637711026709e-03
5016	8.107955168519254e-03	8.128305161640995e-03
5073	7.942980267215627e-03	7.943282347242814e-03
6710	7.734717984056561e-03	7.762471166286920e-03
6787	7.581463269946354e-03	7.585775750291836e-03
6843	7.413039076137995e-03	7.413102413009177e-03
6904	7.138501097100236e-03	7.244359600749898e-03
6924	7.063236764095815e-03	7.079457843841380e-03
7116	6.911756019793769e-03	6.918309709189363e-03
7293	6.753682714701004e-03	6.760829753919818e-03
7314	5.285256904975166e-03	5.370317963702527e-03
7341	5.245611167849717e-03	5.248074602497728e-03
7467	4.931948929131624e-03	5.011872336272725e-03
9686	4.894775440374310e-03	4.897788193684461e-03
9709	4.520529571989673e-03	4.570881896148752e-03
9828	4.464023902887582e-03	4.466835921509630e-03
9929	4.354394495652225e-03	4.365158322401661e-03
10060	4.246154253046308e-03	4.265795188015926e-03
10159	4.123899348183135e-03	4.168693834703355e-03
10368	4.073261445980747e-03	4.073802778041126e-03
10618	3.890867808568843e-03	3.981071705534973e-03
10623	3.889452194250742e-03	3.890451449942805e-03
13779	3.800454173547352e-03	3.801893963205613e-03
14142	3.714447961885914e-03	3.715352290971724e-03
14517	3.597499921387137e-03	3.630780547701014e-03
14770	3.491084675752210e-03	3.548133892335753e-03
14787	3.366540073022284e-03	3.388441561392024e-03
19111	3.282404518221038e-03	3.311311214825911e-03
19362	3.232204929382587e-03	3.235936569296281e-03
19407	3.155919805178042e-03	3.162277660168379e-03
20016	3.090276950055593e-03	3.090295432513592e-03
20541	3.016695644530443e-03	3.019951720402016e-03
21005	2.946495157560847e-03	2.951209226666387e-03
26879	2.879138644508838e-03	2.884031503126605e-03
27201	2.812025707893739e-03	2.818382931264455e-03
27717	2.618333953327556e-03	2.630267991895381e-03
28125	2.547409873317585e-03	2.570395782768865e-03
28914	2.511794572762072e-03	2.511886431509579e-03
29406	2.452961991842084e-03	2.454708915685031e-03
30737	2.380201938350535e-03	2.398832919019490e-03
30872	2.270681760240478e-03	2.290867652767772e-03
31455	2.227362224230256e-03	2.238721138568340e-03
32013	2.187746533610535e-03	2.187761623949552e-03
32264	2.136751231983647e-03	2.137962089502233e-03
41506	2.078332661965221e-03	2.089296130854039e-03
42778	1.994109397605026e-03	1.995262314968879e-03
43640	1.948845114472020e-03	1.949844599758046e-03
46011	1.902271841073500e-03	1.905460717963246e-03
47787	1.855095147659580e-03	1.862087136662868e-03
49429	1.813654736290360e-03	1.819700858609983e-03
50785	1.772342367131419e-03	1.778279410038923e-03
52264	1.722477492979713e-03	1.737800828749376e-03
54437	1.696217631496189e-03	1.698243652461744e-03
60183	1.653338113665859e-03	1.659586907437561e-03
70015	1.605335390504115e-03	1.621810097358930e-03
72200	1.583267651025899e-03	1.584893192461114e-03
73291	1.545690050824722e-03	1.548816618912481e-03
74980	1.512850186295656e-03	1.513561248436209e-03
80974	1.479102435755997e-03	1.479108388168207e-03
82670	1.442957980965942e-03	1.445439770745928e-03
94464	1.412502636571555e-03	1.412537544622754e-03
99275	1.362499834239195e-03	1.380384264602885e-03
101424	1.340384663948146e-03	1.348962882591653e-03
103785	1.241772624752224e-03	1.258925411794167e-03
105219	1.225573879449993e-03	1.230268770812381e-03
109659	1.192061316066084e-03	1.202264434617413e-03
120529	1.175966942569384e-03	1.202264434617413e-03
%
% index = 605, name = bbob_f014_i13_d02__bbob_f014_i14_d02
% instance = 6, reference value = 7.678777479013710e-01
% function evaluation | indicator value | target hit
1	9.792069455266871e+00	1.000000000000000e+01
3	4.390184559672871e+00	4.466835921509632e+00
17	2.992115479579371e+00	3.019951720402016e+00
22	1.126404517607871e+00	1.148153621496883e+00
38	4.687585266111710e-01	4.786300923226383e-01
41	4.638887422268030e-01	4.677351412871982e-01
63	3.094658463305597e-01	3.162277660168379e-01
82	3.079751490127552e-01	3.090295432513591e-01
105	2.986049187809152e-01	3.019951720402016e-01
187	2.825431295423929e-01	2.884031503126606e-01
194	2.798999436387345e-01	2.818382931264454e-01
205	2.621413405445243e-01	2.630267991895382e-01
217	1.820135307835768e-01	1.862087136662867e-01
225	1.816219502830957e-01	1.819700858609984e-01
293	1.777083186204418e-01	1.778279410038923e-01
295	1.699417342187024e-01	1.737800828749375e-01
304	1.696645061378662e-01	1.698243652461744e-01
331	1.046785646280541e-01	1.047128548050900e-01
347	1.020702250906926e-01	1.023292992280754e-01
362	9.990272631887054e-02	1.000000000000000e-01
369	9.738074755926607e-02	9.772372209558107e-02
391	9.306182130806884e-02	9.332543007969910e-02
411	5.122009001170180e-02	5.128613839913648e-02
429	4.956617065961788e-02	5.011872336272722e-02
447	4.887289074925216e-02	4.897788193684462e-02
457	4.784215185986129e-02	4.786300923226382e-02
464	3.865274351310111e-02	3.890451449942807e-02
514	3.797403328457372e-02	3.801893963205612e-02
529	3.670831099985572e-02	3.715352290971726e-02
559	3.626026592498133e-02	3.630780547701014e-02
584	3.375428446719508e-02	3.388441561392026e-02
595	3.303073218867603e-02	3.311311214825911e-02
871	3.181777669243102e-02	3.235936569296283e-02
875	3.151435297546823e-02	3.162277660168379e-02
886	3.068809066599620e-02	3.090295432513590e-02
910	2.901856936468961e-02	2.951209226666385e-02
917	2.876764377096064e-02	2.884031503126606e-02
927	2.814617774521966e-02	2.818382931264454e-02
951	2.753463019790181e-02	2.754228703338166e-02
972	2.691145571942288e-02	2.691534803926915e-02
1005	2.629786130912748e-02	2.630267991895381e-02
1006	2.564045017617855e-02	2.570395782768863e-02
1013	1.746828655188937e-02	1.778279410038923e-02
1038	1.736082681171591e-02	1.737800828749375e-02
1532	1.698012917489389e-02	1.698243652461744e-02
1586	1.644810883411196e-02	1.659586907437561e-02
1649	1.620780134333644e-02	1.621810097358930e-02
1698	1.583417797516484e-02	1.584893192461113e-02
2433	1.539217232435441e-02	1.548816618912481e-02
2438	1.435038889841800e-02	1.445439770745927e-02
2493	1.384250357529770e-02	1.412537544622754e-02
2514	1.377888844266140e-02	1.380384264602885e-02
2584	1.348925873763840e-02	1.348962882591653e-02
2676	1.159555674794777e-02	1.174897554939530e-02
2731	1.144722053805536e-02	1.148153621496883e-02
3862	1.120550895100381e-02	1.122018454301964e-02
3911	1.096294425035316e-02	1.096478196143185e-02
3985	1.061144003706926e-02	1.071519305237606e-02
4034	1.047056636946775e-02	1.047128548050900e-02
4138	1.023277046794902e-02	1.023292992280754e-02
5693	9.994638620487217e-03	1.000000000000000e-02
5799	7.362906073528963e-03	7.413102413009177e-03
5862	7.243800479405538e-03	7.244359600749898e-03
6005	6.993581252625392e-03	7.079457843841380e-03
6098	6.918235826937957e-03	6.918309709189363e-03
8200	6.760458725533214e-03	6.760829753919818e-03
8444	6.597356237329266e-03	6.606934480075957e-03
8646	6.423846492052743e-03	6.456542290346556e-03
9081	6.304930403886022e-03	6.309573444801930e-03
9097	5.775611838095052e-03	5.888436553555890e-03
9713	5.751365814799181e-03	5.754399373371567e-03
11907	5.546089892450645e-03	5.623413251903491e-03
12014	5.495342040957918e-03	5.495408738576248e-03
12325	5.369045997403288e-03	5.370317963702527e-03
12741	5.245426932473873e-03	5.248074602497728e-03
12979	5.128584839779515e-03	5.128613839913648e-03
13371	4.994131870939555e-03	5.011872336272725e-03
17269	4.897458341305394e-03	4.897788193684461e-03
17755	4.786299165297936e-03	4.786300923226385e-03
18227	4.677128552145193e-03	4.677351412871981e-03
18239	4.347021318376054e-03	4.365158322401661e-03
18522	4.172253403013970e-03	4.265795188015926e-03
18595	4.168691855455764e-03	4.168693834703355e-03
19041	4.070672797948038e-03	4.073802778041126e-03
20248	3.980935574334876e-03	3.981071705534973e-03
25910	3.882437449556519e-03	3.890451449942805e-03
26566	3.798426751391748e-03	3.801893963205613e-03
26967	3.704029972712464e-03	3.715352290971724e-03
28479	3.630725986911720e-03	3.630780547701014e-03
28852	3.526324105415313e-03	3.548133892335753e-03
28859	3.081773751313244e-03	3.090295432513592e-03
28901	2.631451264214046e-03	2.691534803926917e-03
28924	2.630083778799697e-03	2.630267991895381e-03
30772	2.570394913160134e-03	2.570395782768865e-03
31639	2.509254669975203e-03	2.511886431509579e-03
32649	2.378317564032839e-03	2.398832919019490e-03
33523	2.329449363799863e-03	2.344228815319923e-03
33910	2.258520110975937e-03	2.290867652767772e-03
34417	2.238189542338342e-03	2.238721138568340e-03
36667	2.186161930903374e-03	2.187761623949552e-03
43584	2.128596820970219e-03	2.137962089502233e-03
44142	2.089277902912468e-03	2.089296130854039e-03
44305	2.036535257259331e-03	2.041737944669530e-03
46434	1.968827024209197e-03	1.995262314968879e-03
46566	1.940527478050846e-03	1.949844599758046e-03
47191	1.856184970898234e-03	1.862087136662868e-03
48037	1.808445629776778e-03	1.819700858609983e-03
48598	1.778201943978486e-03	1.778279410038923e-03
50272	1.682437587299690e-03	1.698243652461744e-03
51645	1.657818972308656e-03	1.659586907437561e-03
52270	1.605912906346485e-03	1.621810097358930e-03
53504	1.579494227521683e-03	1.584893192461114e-03
54502	1.543512003951419e-03	1.548816618912481e-03
56923	1.513259298148606e-03	1.513561248436209e-03
60796	1.478717754730741e-03	1.479108388168207e-03
70664	1.438043435286862e-03	1.445439770745928e-03
71854	1.409399569657799e-03	1.412537544622754e-03
72752	1.330006573881160e-03	1.348962882591653e-03
73029	1.302636419881598e-03	1.318256738556408e-03
74254	1.287975016167286e-03	1.288249551693134e-03
75473	1.240548191829838e-03	1.258925411794167e-03
77445	1.230251924957182e-03	1.230268770812381e-03
79645	1.192274305180985e-03	1.202264434617413e-03
80966	1.173797177397629e-03	1.174897554939529e-03
87668	1.135832428494576e-03	1.148153621496883e-03
87739	1.070310880772141e-03	1.071519305237606e-03
99157	1.045954896819468e-03	1.047128548050900e-03
101596	9.558906187586702e-04	9.772372209558111e-04
102218	9.549093874617887e-04	9.549925860214359e-04
106178	9.329736545234946e-04	9.332543007969915e-04
115536	9.115355770802358e-04	9.120108393559096e-04
124647	8.962062947848182e-04	9.120108393559096e-04
%
% index = 606, name = bbob_f014_i15_d02__bbob_f014_i16_d02
% instance = 7, reference value = 9.359195026968710e-01
% function evaluation | indicator value | target hit
1	1.888587268925598e-01	1.905460717963247e-01
22	1.704588375127825e-01	1.737800828749375e-01
25	1.349871083065193e-01	1.380384264602885e-01
30	1.170964443234090e-01	1.174897554939529e-01
85	9.141051276471424e-02	9.332543007969910e-02
96	8.746339680521087e-02	8.912509381337455e-02
115	8.012897966830124e-02	8.128305161640990e-02
134	7.020295730172110e-02	7.079457843841380e-02
149	6.865024311378276e-02	6.918309709189366e-02
169	6.711681647626067e-02	6.760829753919818e-02
189	6.513527039427558e-02	6.606934480075961e-02
196	6.451213651791743e-02	6.456542290346556e-02
303	6.297492878192412e-02	6.309573444801933e-02
329	6.015827062338275e-02	6.025595860743578e-02
380	5.887398518188813e-02	5.888436553555890e-02
464	5.751804963111151e-02	5.754399373371569e-02
523	4.924584175580171e-02	5.011872336272722e-02
547	4.779998820851838e-02	4.786300923226382e-02
592	4.495000150110851e-02	4.570881896148749e-02
621	4.466104617319711e-02	4.466835921509630e-02
669	2.612321670802009e-02	2.630267991895381e-02
707	2.533867214939023e-02	2.570395782768863e-02
719	2.260775985678942e-02	2.290867652767773e-02
734	2.181152502998795e-02	2.187761623949553e-02
769	2.116105444782668e-02	2.137962089502233e-02
773	2.007377460832371e-02	2.041737944669529e-02
811	1.991604247685508e-02	1.995262314968880e-02
855	1.936141762661336e-02	1.949844599758046e-02
858	1.280753136542034e-02	1.288249551693134e-02
872	1.253785801816687e-02	1.258925411794167e-02
1182	1.228763062532412e-02	1.230268770812382e-02
1239	1.186760398700426e-02	1.202264434617413e-02
1247	1.078127197205392e-02	1.096478196143185e-02
1266	1.068828021152057e-02	1.071519305237606e-02
1273	1.041020984682617e-02	1.047128548050900e-02
1278	1.004974060780917e-02	1.023292992280754e-02
1288	9.995956664661687e-03	1.000000000000000e-02
1368	9.771000084163761e-03	9.772372209558112e-03
1822	9.507575530107615e-03	9.549925860214359e-03
1844	9.286825750802641e-03	9.332543007969915e-03
1893	9.101199475802568e-03	9.120108393559097e-03
1958	8.900505790862989e-03	8.912509381337459e-03
2602	8.652427593075829e-03	8.709635899560805e-03
2649	8.511165477682603e-03	8.511380382023767e-03
2768	8.317499470887446e-03	8.317637711026709e-03
4046	8.075501466617618e-03	8.128305161640995e-03
4161	7.872728437587351e-03	7.943282347242814e-03
5599	7.743664881012968e-03	7.762471166286920e-03
7758	7.578385582873937e-03	7.585775750291836e-03
7857	7.384875522111756e-03	7.413102413009177e-03
10887	7.230366110407060e-03	7.244359600749898e-03
11328	6.816944799328040e-03	6.918309709189363e-03
11370	5.997580502555833e-03	6.025595860743574e-03
11564	5.557960668703621e-03	5.623413251903491e-03
11648	5.414164264676891e-03	5.495408738576248e-03
15229	5.354903705023006e-03	5.370317963702527e-03
16127	5.239816595068891e-03	5.248074602497728e-03
16354	5.126125315566110e-03	5.128613839913648e-03
22503	5.011596609041269e-03	5.011872336272725e-03
29969	4.869399085568271e-03	4.897788193684461e-03
31014	4.716425747283703e-03	4.786300923226385e-03
31788	4.670756710295598e-03	4.677351412871981e-03
33228	4.570321185783488e-03	4.570881896148752e-03
38613	4.289180755613353e-03	4.365158322401661e-03
39229	4.027445591460177e-03	4.073802778041126e-03
41574	3.980466187021747e-03	3.981071705534973e-03
49381	3.852902426919047e-03	3.890451449942805e-03
55202	3.602163544813242e-03	3.630780547701014e-03
57082	3.527559509623135e-03	3.548133892335753e-03
60162	3.437112662657449e-03	3.467368504525317e-03
63393	3.386194934378195e-03	3.388441561392024e-03
83517	3.310858170588182e-03	3.311311214825911e-03
104668	3.214316016467156e-03	3.235936569296281e-03
107425	3.137006673372689e-03	3.162277660168379e-03
114152	3.083342500005859e-03	3.090295432513592e-03
120000	3.068715802556632e-03	3.090295432513592e-03
%
% index = 607, name = bbob_f014_i17_d02__bbob_f014_i18_d02
% instance = 8, reference value = 9.486121450144620e-01
% function evaluation | indicator value | target hit
1	2.485997177006548e-01	2.511886431509580e-01
5	2.408196982482798e-01	2.454708915685030e-01
9	1.459623405285599e-01	1.479108388168208e-01
20	8.198871425711740e-02	8.317637711026708e-02
72	8.062862554588623e-02	8.128305161640990e-02
114	7.941920965647764e-02	7.943282347242814e-02
115	7.592971629691614e-02	7.762471166286916e-02
120	7.562333833410773e-02	7.585775750291836e-02
123	7.267353741912919e-02	7.413102413009177e-02
128	6.895727309692523e-02	6.918309709189366e-02
138	6.146520828037783e-02	6.165950018614822e-02
164	6.015533434994758e-02	6.025595860743578e-02
172	5.699375234136272e-02	5.754399373371569e-02
200	5.578070465732088e-02	5.623413251903491e-02
209	3.793184577492725e-02	3.801893963205612e-02
218	3.556444746875898e-02	3.630780547701014e-02
220	3.456277410937303e-02	3.467368504525317e-02
222	2.952276481205607e-02	3.019951720402016e-02
225	2.946542523779028e-02	2.951209226666385e-02
231	2.856198339464200e-02	2.884031503126606e-02
238	2.779419165256192e-02	2.818382931264454e-02
251	2.695875840796036e-02	2.754228703338166e-02
285	2.689944767348318e-02	2.691534803926915e-02
299	2.608992364684681e-02	2.630267991895381e-02
326	2.522102863510600e-02	2.570395782768863e-02
327	2.495640912408326e-02	2.511886431509579e-02
340	2.193345530821600e-02	2.238721138568340e-02
343	2.186804212968196e-02	2.187761623949553e-02
398	2.120689462160819e-02	2.137962089502233e-02
399	2.066869136573457e-02	2.089296130854040e-02
404	2.025069796460688e-02	2.041737944669529e-02
412	1.950670700292456e-02	1.995262314968880e-02
413	1.947458655751688e-02	1.949844599758046e-02
431	1.850147969853599e-02	1.862087136662868e-02
450	1.791283625057605e-02	1.819700858609984e-02
472	1.775122277427232e-02	1.778279410038923e-02
479	1.554533391168200e-02	1.584893192461113e-02
483	1.548406727266882e-02	1.548816618912481e-02
513	1.510810550484143e-02	1.513561248436208e-02
781	1.406447385627474e-02	1.412537544622754e-02
832	1.310267232080808e-02	1.318256738556407e-02
865	1.244980596632017e-02	1.258925411794167e-02
896	1.163261075825739e-02	1.174897554939530e-02
957	1.132995959225613e-02	1.148153621496883e-02
1304	1.080947728628856e-02	1.096478196143185e-02
1315	1.064145474003175e-02	1.071519305237606e-02
1363	1.006352832489721e-02	1.023292992280754e-02
1384	9.451671884129542e-03	9.549925860214359e-03
1470	9.305495411459974e-03	9.332543007969915e-03
1943	7.971958952907809e-03	8.128305161640995e-03
1955	7.942353522613743e-03	7.943282347242814e-03
1966	7.760286874262112e-03	7.762471166286920e-03
2037	7.578638168836971e-03	7.585775750291836e-03
2043	7.404397244397010e-03	7.413102413009177e-03
2086	6.503105714818824e-03	6.606934480075957e-03
2721	6.435106523688727e-03	6.456542290346556e-03
2745	6.191536453862168e-03	6.309573444801930e-03
2749	5.517631749100138e-03	5.623413251903491e-03
2754	5.488277712972778e-03	5.495408738576248e-03
2810	5.347897041123817e-03	5.370317963702527e-03
2840	5.139157420265716e-03	5.248074602497728e-03
2869	5.127560788178220e-03	5.128613839913648e-03
2870	3.694190591278401e-03	3.715352290971724e-03
3710	3.601675454498965e-03	3.630780547701014e-03
3789	3.548126120441641e-03	3.548133892335753e-03
3852	3.347789732560891e-03	3.388441561392024e-03
3894	3.225768114981986e-03	3.235936569296281e-03
3929	3.144457319562255e-03	3.162277660168379e-03
3977	3.039521114026500e-03	3.090295432513592e-03
4005	3.018857164819422e-03	3.019951720402016e-03
4046	2.911422797110763e-03	2.951209226666387e-03
4082	2.867691836749509e-03	2.884031503126605e-03
5282	2.811710616562935e-03	2.818382931264455e-03
5379	2.753981846258857e-03	2.754228703338166e-03
5391	2.640351673053098e-03	2.691534803926917e-03
5423	2.622019351510518e-03	2.630267991895381e-03
5455	2.555600309624206e-03	2.570395782768865e-03
5549	2.509775304307515e-03	2.511886431509579e-03
7290	2.433746454784114e-03	2.454708915685031e-03
7330	2.389911848370008e-03	2.398832919019490e-03
7375	2.344060058145803e-03	2.344228815319923e-03
7505	2.269631876469003e-03	2.290867652767772e-03
7600	2.228757017350813e-03	2.238721138568340e-03
7628	2.180092913016685e-03	2.187761623949552e-03
7668	2.133286328112605e-03	2.137962089502233e-03
7770	2.067118200201890e-03	2.089296130854039e-03
7871	2.034346823247435e-03	2.041737944669530e-03
10375	1.995256306831172e-03	1.995262314968879e-03
10525	1.948302792129986e-03	1.949844599758046e-03
10750	1.782989515079492e-03	1.819700858609983e-03
10831	1.778064279393976e-03	1.778279410038923e-03
10962	1.733662208003528e-03	1.737800828749376e-03
14210	1.683006600650683e-03	1.698243652461744e-03
14303	1.412948955201832e-03	1.445439770745928e-03
14309	1.411688245524179e-03	1.412537544622754e-03
14532	1.380195904204240e-03	1.380384264602885e-03
14549	1.343011249322457e-03	1.348962882591653e-03
14798	1.317827194011190e-03	1.318256738556408e-03
15042	1.276304138868367e-03	1.288249551693134e-03
19482	1.255045498767315e-03	1.258925411794167e-03
19646	1.120275098584256e-03	1.122018454301963e-03
19692	1.094921858589171e-03	1.096478196143185e-03
19966	1.071267035826495e-03	1.071519305237606e-03
20390	1.047083717364949e-03	1.047128548050900e-03
20776	1.021492818570446e-03	1.023292992280754e-03
26939	9.995308488011112e-04	1.000000000000000e-03
27621	9.764632028085307e-04	9.772372209558111e-04
27830	9.255610336182940e-04	9.332543007969915e-04
28072	9.119710923445323e-04	9.120108393559096e-04
28807	7.718941518639610e-04	7.762471166286919e-04
29123	7.576942509979201e-04	7.585775750291835e-04
29676	7.379519449763894e-04	7.413102413009177e-04
30390	7.146103474564569e-04	7.244359600749898e-04
30978	7.079356590431463e-04	7.079457843841380e-04
31541	6.896908786941935e-04	6.918309709189362e-04
32653	6.760798505464072e-04	6.760829753919819e-04
34331	6.604894943701423e-04	6.606934480075957e-04
35808	6.359416573593624e-04	6.456542290346556e-04
36522	6.306508391935584e-04	6.309573444801930e-04
38546	6.161971533323873e-04	6.165950018614823e-04
41993	6.025593979229749e-04	6.025595860743575e-04
53387	5.888430956437762e-04	5.888436553555889e-04
56989	5.716304954631601e-04	5.754399373371566e-04
59905	5.622249331668216e-04	5.623413251903491e-04
71073	5.457720913448760e-04	5.495408738576248e-04
76117	5.270963897636705e-04	5.370317963702527e-04
77365	5.246828131528769e-04	5.248074602497728e-04
80582	4.909442356128002e-04	5.011872336272725e-04
82518	4.897622631393483e-04	4.897788193684461e-04
99500	4.779322498916772e-04	4.786300923226385e-04
111725	4.665112262098869e-04	4.677351412871981e-04
122750	4.582838333142547e-04	4.677351412871981e-04
%
% index = 608, name = bbob_f014_i19_d02__bbob_f014_i21_d02
% instance = 9, reference value = 7.843443608123590e-01
% function evaluation | indicator value | target hit
1	1.353451783022859e+00	1.380384264602885e+00
4	9.254332596358590e-01	9.332543007969910e-01
12	8.094205802953589e-01	8.128305161640993e-01
90	5.407680810971134e-01	5.495408738576245e-01
94	5.032129821765161e-01	5.128613839913648e-01
96	2.561193178050970e-01	2.570395782768864e-01
104	1.843566622515773e-01	1.862087136662867e-01
107	1.356554903711638e-01	1.380384264602885e-01
134	1.201530006070670e-01	1.202264434617413e-01
144	1.172340451152393e-01	1.174897554939529e-01
166	1.088894837655641e-01	1.096478196143185e-01
169	1.067461074615448e-01	1.071519305237607e-01
233	1.045412506995882e-01	1.047128548050900e-01
264	9.463560530078097e-02	9.549925860214359e-02
295	8.984752317502720e-02	9.120108393559097e-02
315	8.799827001603833e-02	8.912509381337455e-02
320	8.604629056289370e-02	8.709635899560805e-02
354	8.498660645465694e-02	8.511380382023763e-02
378	8.314810520692750e-02	8.317637711026708e-02
380	7.498390432966828e-02	7.585775750291836e-02
474	6.545528190083727e-02	6.606934480075961e-02
544	6.432098495690752e-02	6.456542290346556e-02
555	5.205267767532473e-02	5.248074602497726e-02
559	5.035329810746814e-02	5.128613839913648e-02
563	4.939266397810083e-02	5.011872336272722e-02
583	4.758133254835739e-02	4.786300923226382e-02
623	4.671123339044359e-02	4.677351412871981e-02
641	4.364544012131788e-02	4.365158322401658e-02
659	4.222626715591959e-02	4.265795188015926e-02
706	4.164342932441378e-02	4.168693834703355e-02
753	3.956760244574120e-02	3.981071705534973e-02
783	3.889209952330674e-02	3.890451449942807e-02
805	3.796067846909101e-02	3.801893963205612e-02
827	3.658048394078750e-02	3.715352290971726e-02
849	3.628661843444270e-02	3.630780547701014e-02
862	3.494835919873263e-02	3.548133892335755e-02
913	3.422966760017576e-02	3.467368504525317e-02
1084	3.377830735522969e-02	3.388441561392026e-02
1178	3.309871012699905e-02	3.311311214825911e-02
1191	3.101218040115794e-02	3.162277660168379e-02
1194	3.048606074291682e-02	3.090295432513590e-02
1203	2.996565497221804e-02	3.019951720402016e-02
1239	2.784942291786840e-02	2.818382931264454e-02
1249	2.731962455152082e-02	2.754228703338166e-02
1251	2.687352684442956e-02	2.691534803926915e-02
1289	2.602157648695569e-02	2.630267991895381e-02
1737	2.539091411753702e-02	2.570395782768863e-02
1760	2.375070264245127e-02	2.398832919019490e-02
1797	2.280012145636279e-02	2.290867652767773e-02
1804	2.099927849955263e-02	2.137962089502233e-02
1850	2.089248894712437e-02	2.089296130854040e-02
1890	2.034845200423940e-02	2.041737944669529e-02
1922	1.991111163313264e-02	1.995262314968880e-02
2190	1.828611069988317e-02	1.862087136662868e-02
2497	1.779626208109053e-02	1.819700858609984e-02
2501	1.711679899186058e-02	1.737800828749375e-02
2532	1.680726535532240e-02	1.698243652461744e-02
2570	1.655713082134580e-02	1.659586907437561e-02
2596	1.573461935423148e-02	1.584893192461113e-02
2597	1.509117212691646e-02	1.513561248436208e-02
2612	1.478149572989551e-02	1.479108388168207e-02
2685	1.445348779828226e-02	1.445439770745927e-02
2693	1.388712107918089e-02	1.412537544622754e-02
2695	1.373787107359559e-02	1.380384264602885e-02
2723	1.318412924172718e-02	1.348962882591653e-02
2724	1.307447132736261e-02	1.318256738556407e-02
2764	1.281009179190984e-02	1.288249551693134e-02
2775	1.244029593265261e-02	1.258925411794167e-02
2795	1.229977435948515e-02	1.230268770812382e-02
3739	1.201310698152913e-02	1.202264434617413e-02
3770	1.173346908438511e-02	1.174897554939530e-02
3940	1.145879235964398e-02	1.148153621496883e-02
3992	1.119229342857664e-02	1.122018454301964e-02
4058	1.095593018693974e-02	1.096478196143185e-02
4126	1.062850853953523e-02	1.071519305237606e-02
5451	1.028628359279349e-02	1.047128548050900e-02
5483	1.019799097877838e-02	1.023292992280754e-02
5495	9.981220387212497e-03	1.000000000000000e-02
5498	9.746615615562004e-03	9.772372209558112e-03
5504	9.460779135037845e-03	9.549925860214359e-03
5515	9.329447567333671e-03	9.332543007969915e-03
5538	8.990969143088723e-03	9.120108393559097e-03
5585	8.908564467614233e-03	8.912509381337459e-03
5661	8.692065636813684e-03	8.709635899560805e-03
5666	8.454660702949868e-03	8.511380382023767e-03
5721	8.230982160784772e-03	8.317637711026709e-03
5737	8.093259395497432e-03	8.128305161640995e-03
5747	7.913287361667520e-03	7.943282347242814e-03
5773	7.439695599270157e-03	7.585775750291836e-03
5783	7.283073783536875e-03	7.413102413009177e-03
5784	7.205139272985939e-03	7.244359600749898e-03
5802	7.023951201805434e-03	7.079457843841380e-03
6518	6.859673703657698e-03	6.918309709189363e-03
7560	6.736925474526090e-03	6.760829753919818e-03
7657	6.572670487984933e-03	6.606934480075957e-03
7670	6.425319919780348e-03	6.456542290346556e-03
7682	6.255607455964429e-03	6.309573444801930e-03
7696	6.126945084149238e-03	6.165950018614822e-03
7758	5.997602943856761e-03	6.025595860743574e-03
7830	5.801835122537402e-03	5.888436553555890e-03
7839	5.688842415007889e-03	5.754399373371567e-03
7944	5.619462510751960e-03	5.623413251903491e-03
8036	5.454380027466010e-03	5.495408738576248e-03
8157	5.365237295164693e-03	5.370317963702527e-03
10030	5.219668236826291e-03	5.248074602497728e-03
10567	5.115327281319137e-03	5.128613839913648e-03
10680	4.971675090736150e-03	5.011872336272725e-03
10690	4.794206403834544e-03	4.897788193684461e-03
10734	4.784401974901376e-03	4.786300923226385e-03
10772	4.640156909526127e-03	4.677351412871981e-03
10794	4.548702354813750e-03	4.570881896148752e-03
10854	4.460014050930106e-03	4.466835921509630e-03
11003	4.364542095043111e-03	4.365158322401661e-03
11067	4.241592393953830e-03	4.265795188015926e-03
11179	4.166658288716985e-03	4.168693834703355e-03
11243	4.067171209987008e-03	4.073802778041126e-03
11271	3.974868846007507e-03	3.981071705534973e-03
11383	3.874033062062354e-03	3.890451449942805e-03
11992	3.787921353039070e-03	3.801893963205613e-03
14877	3.710908036170024e-03	3.715352290971724e-03
15002	3.626560176819171e-03	3.630780547701014e-03
15172	3.497152030182082e-03	3.548133892335753e-03
15272	3.467250931388888e-03	3.467368504525317e-03
15451	3.330305806833134e-03	3.388441561392024e-03
15594	3.303479353237271e-03	3.311311214825911e-03
15688	3.167316865266057e-03	3.235936569296281e-03
15771	3.158975404428999e-03	3.162277660168379e-03
15945	3.083109523711935e-03	3.090295432513592e-03
16061	3.017404497901222e-03	3.019951720402016e-03
17890	2.922116198847191e-03	2.951209226666387e-03
20763	2.880342614757780e-03	2.884031503126605e-03
21139	2.813348129667825e-03	2.818382931264455e-03
21250	2.722162108697024e-03	2.754228703338166e-03
21443	2.691515202410510e-03	2.691534803926917e-03
21551	2.626560504229936e-03	2.630267991895381e-03
21833	2.568799136059230e-03	2.570395782768865e-03
22184	2.496747185067760e-03	2.511886431509579e-03
22434	2.451058008826168e-03	2.454708915685031e-03
22805	2.398816594227582e-03	2.398832919019490e-03
29132	2.341211668540399e-03	2.344228815319923e-03
29448	2.289849326192361e-03	2.290867652767772e-03
29680	2.212678053780670e-03	2.238721138568340e-03
29856	2.178471630237544e-03	2.187761623949552e-03
30088	2.133661027892919e-03	2.137962089502233e-03
30251	2.089055371537918e-03	2.089296130854039e-03
30339	2.040988273151578e-03	2.041737944669530e-03
30598	1.995087375329607e-03	1.995262314968879e-03
30763	1.946909342697367e-03	1.949844599758046e-03
30941	1.899298395642401e-03	1.905460717963246e-03
31056	1.857040991606329e-03	1.862087136662868e-03
31133	1.758808857326044e-03	1.778279410038923e-03
31249	1.736734995469447e-03	1.737800828749376e-03
31703	1.686321274897429e-03	1.698243652461744e-03
32188	1.653375369534915e-03	1.659586907437561e-03
32234	1.598275655620873e-03	1.621810097358930e-03
32405	1.584214337499779e-03	1.584893192461114e-03
32709	1.548198952348923e-03	1.548816618912481e-03
32946	1.496897101301742e-03	1.513561248436209e-03
33173	1.475231305436142e-03	1.479108388168207e-03
33580	1.444382456846305e-03	1.445439770745928e-03
33801	1.406867678664714e-03	1.412537544622754e-03
33974	1.358053790856628e-03	1.380384264602885e-03
34111	1.348787446302402e-03	1.348962882591653e-03
34617	1.318043456149165e-03	1.318256738556408e-03
34989	1.278731298546054e-03	1.288249551693134e-03
35140	1.251433993264550e-03	1.258925411794167e-03
35494	1.227370172148134e-03	1.230268770812381e-03
35965	1.200985653503350e-03	1.202264434617413e-03
36190	1.171773915155994e-03	1.174897554939529e-03
36353	1.133899973333130e-03	1.148153621496883e-03
36359	1.121781302790170e-03	1.122018454301963e-03
36694	1.094074644160670e-03	1.096478196143185e-03
37189	1.070932325272667e-03	1.071519305237606e-03
37601	1.046478795878047e-03	1.047128548050900e-03
38319	1.022504359134646e-03	1.023292992280754e-03
38603	9.995220422894802e-04	1.000000000000000e-03
38829	9.734285361255868e-04	9.772372209558111e-04
39181	9.548446089536755e-04	9.549925860214359e-04
39980	9.314305779412058e-04	9.332543007969915e-04
40916	9.120016248092000e-04	9.120108393559096e-04
41469	8.905720663342498e-04	8.912509381337459e-04
42179	8.604445742071976e-04	8.709635899560805e-04
42318	8.510703400698150e-04	8.511380382023768e-04
43624	8.242494867628514e-04	8.317637711026709e-04
43909	8.121662653498563e-04	8.128305161640995e-04
44313	7.898958192644745e-04	7.943282347242813e-04
44464	7.741130928774487e-04	7.762471166286919e-04
45663	7.580547936534288e-04	7.585775750291835e-04
46465	7.387622700656404e-04	7.413102413009177e-04
46747	7.195934133815696e-04	7.244359600749898e-04
47696	7.059119826943183e-04	7.079457843841380e-04
48560	6.917188559962817e-04	6.918309709189362e-04
50072	6.743112862019895e-04	6.760829753919819e-04
55954	6.598214072582875e-04	6.606934480075957e-04
56202	6.441609264444814e-04	6.456542290346556e-04
56526	6.177204186896823e-04	6.309573444801930e-04
56698	6.115756742615108e-04	6.165950018614823e-04
56820	6.018275734974710e-04	6.025595860743575e-04
57067	5.831669625664393e-04	5.888436553555889e-04
57450	5.754054240804107e-04	5.754399373371566e-04
57957	5.620751033895699e-04	5.623413251903491e-04
58186	5.484331886757010e-04	5.495408738576248e-04
58541	5.362152580811186e-04	5.370317963702527e-04
58591	5.239609817165869e-04	5.248074602497728e-04
58690	5.062598113634298e-04	5.128613839913648e-04
58970	4.969871505274837e-04	5.011872336272725e-04
59192	4.859108314638760e-04	4.897788193684461e-04
59571	4.724270235192396e-04	4.786300923226385e-04
59637	4.643223827847098e-04	4.677351412871981e-04
60246	4.541304390192069e-04	4.570881896148752e-04
60614	4.463045614274685e-04	4.466835921509630e-04
60835	4.365116137293734e-04	4.365158322401661e-04
61630	4.258742491427547e-04	4.265795188015926e-04
62082	4.167274779862673e-04	4.168693834703355e-04
62442	4.067226602192386e-04	4.073802778041126e-04
62752	3.972505885602162e-04	3.981071705534974e-04
63141	3.877552924340666e-04	3.890451449942805e-04
63971	3.801103392084837e-04	3.801893963205612e-04
64732	3.714013346762801e-04	3.715352290971724e-04
64921	3.594970333885561e-04	3.630780547701014e-04
65461	3.532485330978163e-04	3.548133892335753e-04
66065	3.465875018738851e-04	3.467368504525317e-04
66621	3.388403123719685e-04	3.388441561392024e-04
67050	3.265791462438994e-04	3.311311214825911e-04
67441	3.235794787260771e-04	3.235936569296281e-04
68077	3.158890217619392e-04	3.162277660168379e-04
69207	3.087340049808818e-04	3.090295432513592e-04
69851	3.019878050511959e-04	3.019951720402016e-04
70766	2.951163240352273e-04	2.951209226666387e-04
71389	2.878574063214234e-04	2.884031503126605e-04
72808	2.817925055734749e-04	2.818382931264455e-04
72887	2.750523359348334e-04	2.754228703338166e-04
73545	2.679881523629524e-04	2.691534803926917e-04
74476	2.611539936182572e-04	2.630267991895381e-04
75368	2.570239217430936e-04	2.570395782768865e-04
81446	2.511121153372375e-04	2.511886431509580e-04
81829	2.451333625871355e-04	2.454708915685031e-04
81977	2.382747255897932e-04	2.398832919019490e-04
82290	2.343298735862920e-04	2.344228815319923e-04
82915	2.282759632339371e-04	2.290867652767772e-04
83691	2.238537698944221e-04	2.238721138568340e-04
84405	2.183648557043671e-04	2.187761623949552e-04
85035	2.137454980607467e-04	2.137962089502232e-04
86450	2.083735268766373e-04	2.089296130854039e-04
86912	2.039306493601956e-04	2.041737944669530e-04
87789	1.994889986801640e-04	1.995262314968879e-04
89024	1.949678847332770e-04	1.949844599758046e-04
90036	1.877444963932495e-04	1.905460717963246e-04
90693	1.858385781920990e-04	1.862087136662868e-04
91182	1.808626014654369e-04	1.819700858609983e-04
91952	1.776273926048511e-04	1.778279410038923e-04
93540	1.735996204027535e-04	1.737800828749376e-04
95195	1.697089205667801e-04	1.698243652461744e-04
96190	1.643423519934739e-04	1.659586907437562e-04
96949	1.620912455519985e-04	1.621810097358930e-04
99476	1.584722205782985e-04	1.584893192461114e-04
107183	1.548673979216986e-04	1.548816618912481e-04
108409	1.513313905554536e-04	1.513561248436209e-04
109747	1.478253073278202e-04	1.479108388168207e-04
110748	1.445109068741735e-04	1.445439770745928e-04
112466	1.411908315264165e-04	1.412537544622754e-04
114089	1.380260611887341e-04	1.380384264602885e-04
115356	1.347567694064411e-04	1.348962882591653e-04
117277	1.318023573604332e-04	1.318256738556407e-04
119445	1.287809272614293e-04	1.288249551693134e-04
120001	1.277651319244733e-04	1.288249551693134e-04
%
% index = 609, name = bbob_f014_i21_d02__bbob_f014_i22_d02
% instance = 10, reference value = 6.366498625850771e-01
% function evaluation | indicator value | target hit
1	4.459995710619771e+00	4.466835921509632e+00
51	3.758598441151631e+00	3.801893963205611e+00
55	2.745674537518270e+00	2.754228703338166e+00
66	4.909311981938667e-01	5.011872336272722e-01
113	4.865231672229799e-01	4.897788193684462e-01
123	4.698840684698338e-01	4.786300923226383e-01
124	4.646168686209083e-01	4.677351412871982e-01
159	3.927738663735740e-01	3.981071705534972e-01
229	3.811104600277282e-01	3.890451449942806e-01
240	3.565001551175896e-01	3.630780547701014e-01
251	2.504898550655706e-01	2.511886431509580e-01
252	1.804547303131213e-01	1.819700858609984e-01
272	1.717062009604104e-01	1.737800828749375e-01
279	1.468375892399585e-01	1.479108388168208e-01
303	1.444777361722715e-01	1.445439770745928e-01
363	1.335287898806410e-01	1.348962882591654e-01
374	1.267415742010417e-01	1.288249551693134e-01
384	1.246851356857838e-01	1.258925411794167e-01
401	1.184445434662763e-01	1.202264434617413e-01
405	1.163078267697151e-01	1.174897554939529e-01
407	8.697911051279783e-02	8.709635899560805e-02
426	7.966275352614660e-02	8.128305161640990e-02
427	7.889729982944049e-02	7.943282347242814e-02
445	7.579245140860846e-02	7.585775750291836e-02
447	6.721948888122586e-02	6.760829753919818e-02
468	6.585691625955892e-02	6.606934480075961e-02
469	6.456199354300407e-02	6.456542290346556e-02
500	6.282823062496246e-02	6.309573444801933e-02
532	6.114744928961735e-02	6.165950018614822e-02
534	5.941410152406301e-02	6.025595860743578e-02
544	5.759895783360569e-02	5.888436553555890e-02
547	5.267305462933325e-02	5.370317963702527e-02
551	5.244670213081959e-02	5.248074602497726e-02
552	4.625763417481410e-02	4.677351412871981e-02
556	4.497249714141482e-02	4.570881896148749e-02
557	4.450460228276132e-02	4.466835921509630e-02
576	4.341402247065063e-02	4.365158322401658e-02
599	4.258882259002916e-02	4.265795188015926e-02
602	4.162042977963643e-02	4.168693834703355e-02
761	4.009290872952964e-02	4.073802778041128e-02
772	3.943946658350594e-02	3.981071705534973e-02
777	3.862847543777681e-02	3.890451449942807e-02
800	3.467354652440913e-02	3.467368504525317e-02
860	3.328783540755587e-02	3.388441561392026e-02
871	3.284858566793147e-02	3.311311214825911e-02
897	3.235207303875998e-02	3.235936569296283e-02
930	3.140744738814438e-02	3.162277660168379e-02
949	3.083122606658262e-02	3.090295432513590e-02
1309	2.781161618496653e-02	2.818382931264454e-02
1317	2.727429686141425e-02	2.754228703338166e-02
1341	2.683029064234344e-02	2.691534803926915e-02
1371	2.624795732805385e-02	2.630267991895381e-02
1395	2.567905826333305e-02	2.570395782768863e-02
1407	2.419169996311699e-02	2.454708915685030e-02
1414	2.387376279903530e-02	2.398832919019490e-02
1462	2.342280736185043e-02	2.344228815319923e-02
2049	2.276001046276921e-02	2.290867652767773e-02
2061	2.223056365938336e-02	2.238721138568340e-02
2131	2.184762018148767e-02	2.187761623949553e-02
2203	1.990449558404095e-02	1.995262314968880e-02
2260	1.863110147325653e-02	1.905460717963247e-02
2270	1.861832767897365e-02	1.862087136662868e-02
2358	1.787085439964231e-02	1.819700858609984e-02
2371	1.775369680505712e-02	1.778279410038923e-02
2401	1.643994921169190e-02	1.659586907437561e-02
3324	1.618598763354084e-02	1.621810097358930e-02
3343	1.584756131969667e-02	1.584893192461113e-02
3383	1.483747007873804e-02	1.513561248436208e-02
3412	1.477823016890456e-02	1.479108388168207e-02
3441	1.430839085477786e-02	1.445439770745927e-02
3490	1.312035870273054e-02	1.318256738556407e-02
3597	1.288210956008262e-02	1.288249551693134e-02
3681	1.240320324841204e-02	1.258925411794167e-02
4977	1.230259101125197e-02	1.230268770812382e-02
5066	1.061082803206082e-02	1.071519305237606e-02
5074	9.296238923290234e-03	9.332543007969915e-03
5163	9.117083241847013e-03	9.120108393559097e-03
5399	8.510100504843687e-03	8.511380382023767e-03
5432	8.109959742164441e-03	8.128305161640995e-03
5561	7.941903236866721e-03	7.943282347242814e-03
7426	7.153949154300787e-03	7.244359600749898e-03
7489	6.949645711113783e-03	7.079457843841380e-03
7517	6.863372300680237e-03	6.918309709189363e-03
7628	6.703805200710455e-03	6.760829753919818e-03
7744	6.606783849007036e-03	6.606934480075957e-03
7788	6.456048272414749e-03	6.456542290346556e-03
7961	6.263979315254353e-03	6.309573444801930e-03
8240	6.154909778963047e-03	6.165950018614822e-03
8476	6.025374259854277e-03	6.025595860743574e-03
10937	5.815462932423077e-03	5.888436553555890e-03
11115	5.754269292772451e-03	5.754399373371567e-03
11261	5.599596470331925e-03	5.623413251903491e-03
11395	5.482891655945177e-03	5.495408738576248e-03
11418	5.340658312406044e-03	5.370317963702527e-03
11574	5.245090419300658e-03	5.248074602497728e-03
11747	5.126695737165510e-03	5.128613839913648e-03
11775	5.000807477453684e-03	5.011872336272725e-03
11989	4.838880500337095e-03	4.897788193684461e-03
12170	4.785394460863679e-03	4.786300923226385e-03
12692	4.658756554828503e-03	4.677351412871981e-03
12912	4.567773383491014e-03	4.570881896148752e-03
13256	4.299838881084539e-03	4.365158322401661e-03
13525	4.263655795496479e-03	4.265795188015926e-03
17160	4.166221271616588e-03	4.168693834703355e-03
17270	4.072865824535254e-03	4.073802778041126e-03
17482	3.976395487935269e-03	3.981071705534973e-03
17822	3.879094411266659e-03	3.890451449942805e-03
18025	3.774345183963246e-03	3.801893963205613e-03
18145	3.708092035115795e-03	3.715352290971724e-03
18434	3.630052298449926e-03	3.630780547701014e-03
19016	3.541773820867511e-03	3.548133892335753e-03
19433	3.458632509368176e-03	3.467368504525317e-03
20112	3.388236787614907e-03	3.388441561392024e-03
21002	3.310171242943194e-03	3.311311214825911e-03
21736	3.227549315251377e-03	3.235936569296281e-03
22680	3.157192017814836e-03	3.162277660168379e-03
23628	3.089812759838662e-03	3.090295432513592e-03
24305	3.019788210257834e-03	3.019951720402016e-03
25812	2.950734848764291e-03	2.951209226666387e-03
28722	2.884027719529336e-03	2.884031503126605e-03
28789	2.616689794577298e-03	2.630267991895381e-03
30675	2.570265107577296e-03	2.570395782768865e-03
36269	2.511191086668085e-03	2.511886431509579e-03
37212	2.454692321004703e-03	2.454708915685031e-03
38815	2.398828793500951e-03	2.398832919019490e-03
42250	2.343905855712092e-03	2.344228815319923e-03
47220	2.290824689601068e-03	2.290867652767772e-03
56025	2.238686842207516e-03	2.238721138568340e-03
57374	2.162947033806706e-03	2.187761623949552e-03
58655	2.120279204489095e-03	2.137962089502233e-03
69851	2.054050317331080e-03	2.089296130854039e-03
72889	2.041721563908139e-03	2.041737944669530e-03
107411	1.984922053060667e-03	1.995262314968879e-03
120880	1.982918732874150e-03	1.995262314968879e-03
%
% index = 610, name = bbob_f014_i23_d02__bbob_f014_i24_d02
% instance = 11, reference value = 1.000000000000000e+00
% function evaluation | indicator value | target hit
1	2.340331928773510e-01	2.344228815319922e-01
7	2.242332635223928e-01	2.290867652767773e-01
11	2.083143990671054e-01	2.089296130854039e-01
24	1.229505330873919e-01	1.230268770812381e-01
32	1.049021696006782e-01	1.071519305237607e-01
40	1.039487909564113e-01	1.047128548050900e-01
57	9.695057165271936e-02	9.772372209558107e-02
60	9.150419186894543e-02	9.332543007969910e-02
64	8.682353192918657e-02	8.709635899560805e-02
83	8.418047767146275e-02	8.511380382023763e-02
87	8.281164590554624e-02	8.317637711026708e-02
95	7.958021339277588e-02	8.128305161640990e-02
98	7.719962658327228e-02	7.762471166286916e-02
107	7.580065964099769e-02	7.585775750291836e-02
132	7.127255064168270e-02	7.244359600749903e-02
137	7.029118251952959e-02	7.079457843841380e-02
152	6.917700058469090e-02	6.918309709189366e-02
189	6.738877482155969e-02	6.760829753919818e-02
197	6.540525298403010e-02	6.606934480075961e-02
200	6.438617270599412e-02	6.456542290346556e-02
213	6.255960387313109e-02	6.309573444801933e-02
222	6.039785287293964e-02	6.165950018614822e-02
232	6.024575994111325e-02	6.025595860743578e-02
244	5.791416990666498e-02	5.888436553555890e-02
278	5.669344790787023e-02	5.754399373371569e-02
323	5.612973837430557e-02	5.623413251903491e-02
365	5.453821257285441e-02	5.495408738576246e-02
546	5.331628475059902e-02	5.370317963702527e-02
583	5.234744345054498e-02	5.248074602497726e-02
653	5.125709689276048e-02	5.128613839913648e-02
979	5.011113654325339e-02	5.011872336272722e-02
1487	4.894432144823757e-02	4.897788193684462e-02
2170	4.765910554101027e-02	4.786300923226382e-02
2998	4.677217111996423e-02	4.677351412871981e-02
3283	4.567024954050303e-02	4.570881896148749e-02
8835	4.466810572121160e-02	4.466835921509630e-02
120000	4.375551764831365e-02	4.466835921509630e-02
%
% index = 611, name = bbob_f014_i25_d02__bbob_f014_i26_d02
% instance = 12, reference value = 1.000000000000000e+00
% function evaluation | indicator value | target hit
1	4.456007520724813e-01	4.466835921509631e-01
27	9.057103258219168e-02	9.120108393559097e-02
38	8.855248028448370e-02	8.912509381337455e-02
44	7.868590704721434e-02	7.943282347242814e-02
57	7.551525490147493e-02	7.585775750291836e-02
139	7.249552100530354e-02	7.413102413009177e-02
141	6.900661619287352e-02	6.918309709189366e-02
157	6.633619950110703e-02	6.760829753919818e-02
158	6.510373945055037e-02	6.606934480075961e-02
160	6.293365999253564e-02	6.309573444801933e-02
161	5.802343549665645e-02	5.888436553555890e-02
166	5.391847446015463e-02	5.495408738576246e-02
180	5.291831262083790e-02	5.370317963702527e-02
202	4.596210046720062e-02	4.677351412871981e-02
214	4.407297669631438e-02	4.466835921509630e-02
221	4.235065989027575e-02	4.265795188015926e-02
287	4.160619809380062e-02	4.168693834703355e-02
316	4.061246665329576e-02	4.073802778041128e-02
529	3.936343884583493e-02	3.981071705534973e-02
556	3.517089433966403e-02	3.548133892335755e-02
566	3.344598374957652e-02	3.388441561392026e-02
582	3.297680078624188e-02	3.311311214825911e-02
658	3.211304254996183e-02	3.235936569296283e-02
940	3.137054084532642e-02	3.162277660168379e-02
962	3.039047410309337e-02	3.090295432513590e-02
983	3.006501312900822e-02	3.019951720402016e-02
1022	2.916702786280512e-02	2.951209226666385e-02
1068	2.818060577782888e-02	2.818382931264454e-02
1165	2.751458564837439e-02	2.754228703338166e-02
1725	2.678161090665465e-02	2.691534803926915e-02
1813	2.629193357806936e-02	2.630267991895381e-02
2798	2.569629050700484e-02	2.570395782768863e-02
2923	2.510123733398706e-02	2.511886431509579e-02
4115	2.454008839215871e-02	2.454708915685030e-02
8489	2.398182510406133e-02	2.398832919019490e-02
120000	2.344617999147602e-02	2.398832919019490e-02
%
% index = 612, name = bbob_f014_i27_d02__bbob_f014_i28_d02
% instance = 13, reference value = 1.000000000000000e+00
% function evaluation | indicator value | target hit
1	5.252544660607167e-01	5.370317963702527e-01
11	4.889972506553397e-01	4.897788193684462e-01
20	3.282538996810654e-01	3.311311214825911e-01
38	3.160162562737536e-01	3.162277660168379e-01
47	3.090171323905762e-01	3.090295432513591e-01
97	3.018071291709397e-01	3.019951720402016e-01
142	2.139039039142153e-01	2.187761623949552e-01
151	2.137243591066187e-01	2.137962089502232e-01
160	2.044190214924335e-01	2.089296130854039e-01
164	2.038046376831844e-01	2.041737944669530e-01
201	1.959407662180112e-01	1.995262314968880e-01
223	1.948059860504163e-01	1.949844599758045e-01
234	1.813591769669289e-01	1.819700858609984e-01
243	1.772748729757347e-01	1.778279410038923e-01
263	1.648583119406881e-01	1.659586907437560e-01
276	1.621636667093496e-01	1.621810097358930e-01
387	1.566310241168937e-01	1.584893192461113e-01
524	1.546307994117763e-01	1.548816618912481e-01
621	1.510250021864097e-01	1.513561248436208e-01
673	1.456212832580728e-01	1.479108388168208e-01
680	1.442760241084727e-01	1.445439770745928e-01
950	1.405186295708406e-01	1.412537544622754e-01
988	1.373372942868356e-01	1.380384264602885e-01
1480	1.347483354842913e-01	1.348962882591654e-01
1580	1.300885451610088e-01	1.318256738556407e-01
2872	1.288238694584675e-01	1.288249551693134e-01
6240	1.255389845159630e-01	1.258925411794167e-01
17426	1.230211687601374e-01	1.230268770812381e-01
120000	1.214280703523595e-01	1.230268770812381e-01
%
% index = 613, name = bbob_f014_i29_d02__bbob_f014_i30_d02
% instance = 14, reference value = 1.000000000000000e+00
% function evaluation | indicator value | target hit
1	6.526640226010496e-01	6.606934480075960e-01
8	5.976492759153936e-01	6.025595860743578e-01
20	5.645858639599086e-01	5.754399373371569e-01
28	4.829187167288339e-01	4.897788193684462e-01
53	4.742439953967583e-01	4.786300923226383e-01
74	4.623530776112134e-01	4.677351412871982e-01
88	4.447677759332661e-01	4.466835921509631e-01
206	4.327784303432578e-01	4.365158322401660e-01
243	4.257290645692678e-01	4.265795188015927e-01
300	4.145081409084473e-01	4.168693834703354e-01
309	4.073288493362948e-01	4.073802778041127e-01
352	3.980764303148416e-01	3.981071705534972e-01
551	3.880725736987624e-01	3.890451449942806e-01
601	3.798096254191979e-01	3.801893963205612e-01
735	3.709516222275137e-01	3.715352290971726e-01
794	3.626007844877878e-01	3.630780547701014e-01
857	3.543422614345426e-01	3.548133892335755e-01
1297	3.467111719935940e-01	3.467368504525316e-01
1899	3.386855499480304e-01	3.388441561392025e-01
16084	3.311307667932295e-01	3.311311214825911e-01
121828	3.299122273498043e-01	3.311311214825911e-01
%
% index = 614, name = bbob_f014_i31_d02__bbob_f014_i34_d02
% instance = 15, reference value = 1.000000000000000e+00
% function evaluation | indicator value | target hit
1	7.567766406762593e-01	7.585775750291838e-01
2	6.916720373661367e-01	6.918309709189365e-01
33	6.313140948323888e-01	6.456542290346555e-01
37	6.294136618134355e-01	6.309573444801932e-01
58	6.154038410916571e-01	6.165950018614822e-01
69	5.893181739137572e-01	6.025595860743578e-01
84	5.887984366295331e-01	5.888436553555889e-01
114	5.750665382980354e-01	5.754399373371569e-01
343	5.587324407867337e-01	5.623413251903491e-01
409	5.419677368853810e-01	5.495408738576245e-01
494	5.370198068155834e-01	5.370317963702527e-01
933	5.235822826710241e-01	5.248074602497725e-01
1680	5.127881653300498e-01	5.128613839913648e-01
14191	5.011860413761466e-01	5.011872336272722e-01
120001	4.971413461197017e-01	5.011872336272722e-01
