%
% index = 1380, name = bbob_f013_i02_d03__bbob_f017_i04_d03
% instance = 1, reference value = 8.666607502376960e-01
% function evaluation | indicator value | target hit
1	6.631177628028193e-01	6.760829753919817e-01
31	5.807438750199856e-01	5.888436553555889e-01
47	5.515998581856468e-01	5.623413251903491e-01
49	5.001422869336950e-01	5.011872336272722e-01
58	4.869704329500516e-01	4.897788193684462e-01
125	4.531888017806870e-01	4.570881896148750e-01
135	4.394406445380580e-01	4.466835921509631e-01
144	4.022856180067924e-01	4.073802778041127e-01
213	3.950162613431240e-01	3.981071705534972e-01
217	3.700003947461678e-01	3.715352290971726e-01
222	3.472793697875098e-01	3.548133892335755e-01
231	3.457087924969847e-01	3.467368504525316e-01
261	3.274239678565656e-01	3.311311214825911e-01
265	3.221043162551861e-01	3.235936569296283e-01
283	3.073617478040095e-01	3.090295432513591e-01
287	2.469051604356407e-01	2.511886431509580e-01
295	2.385678602038089e-01	2.398832919019490e-01
338	1.672004329823301e-01	1.698243652461744e-01
377	1.651698340777963e-01	1.659586907437560e-01
402	1.605735377596154e-01	1.621810097358930e-01
434	1.584358326705900e-01	1.584893192461113e-01
461	1.534744420967890e-01	1.548816618912481e-01
506	1.499712724664316e-01	1.513561248436208e-01
525	1.469400076966566e-01	1.479108388168208e-01
529	1.440078439426434e-01	1.445439770745928e-01
567	1.398092805594445e-01	1.412537544622754e-01
575	1.375721126774444e-01	1.380384264602885e-01
593	1.175283445703287e-01	1.202264434617413e-01
660	1.159758547091116e-01	1.174897554939529e-01
687	1.139496563415370e-01	1.148153621496883e-01
772	9.197222130639215e-02	9.332543007969910e-02
796	9.068409200986727e-02	9.120108393559097e-02
856	8.622639657640263e-02	8.709635899560805e-02
945	7.757602734796520e-02	7.762471166286916e-02
1169	7.525237354829228e-02	7.585775750291836e-02
1182	7.267145461196389e-02	7.413102413009177e-02
1231	7.229767366479511e-02	7.244359600749903e-02
1238	7.037787230299863e-02	7.079457843841380e-02
1265	6.885822289593801e-02	6.918309709189366e-02
1284	6.718699974491837e-02	6.760829753919818e-02
1372	6.599501229701898e-02	6.606934480075961e-02
1413	4.966470109540688e-02	5.011872336272722e-02
1451	4.776502331472987e-02	4.786300923226382e-02
1494	4.642007598145537e-02	4.677351412871981e-02
1771	4.525638661914733e-02	4.570881896148749e-02
1842	4.432342296840874e-02	4.466835921509630e-02
1981	4.336635586147097e-02	4.365158322401658e-02
1988	4.224400813975449e-02	4.265795188015926e-02
2146	4.043196782438019e-02	4.073802778041128e-02
2630	3.980546058584666e-02	3.981071705534973e-02
2763	3.775410738324025e-02	3.801893963205612e-02
2926	3.706055256699592e-02	3.715352290971726e-02
3053	3.558104959155051e-02	3.630780547701014e-02
3087	3.542856083372559e-02	3.548133892335755e-02
3170	3.453170344628054e-02	3.467368504525317e-02
3631	3.370500581667690e-02	3.388441561392026e-02
3830	3.304125666177016e-02	3.311311214825911e-02
4286	3.145644085304777e-02	3.162277660168379e-02
4512	3.016299994495697e-02	3.019951720402016e-02
5043	2.951005704462073e-02	2.951209226666385e-02
5519	2.882518400633416e-02	2.884031503126606e-02
5569	2.301855377958750e-02	2.344228815319923e-02
5691	2.290108763148158e-02	2.290867652767773e-02
5797	2.176021994801647e-02	2.187761623949553e-02
6410	2.136890999582042e-02	2.137962089502233e-02
6547	1.978078329581023e-02	1.995262314968880e-02
7242	1.927269110085972e-02	1.949844599758046e-02
7478	1.889373348500767e-02	1.905460717963247e-02
8128	1.838805770262064e-02	1.862087136662868e-02
8533	1.817348499259952e-02	1.819700858609984e-02
8827	1.771092647201855e-02	1.778279410038923e-02
9138	1.734747133270931e-02	1.737800828749375e-02
9404	1.649337336954848e-02	1.659586907437561e-02
9499	1.501743731862559e-02	1.513561248436208e-02
9606	1.449649798307440e-02	1.479108388168207e-02
9682	1.445323620043248e-02	1.445439770745927e-02
11236	1.412276317921723e-02	1.412537544622754e-02
12041	1.371403809815386e-02	1.380384264602885e-02
12871	1.321607422870252e-02	1.348962882591653e-02
12966	1.308983282551368e-02	1.318256738556407e-02
14702	1.223363188752324e-02	1.230268770812382e-02
14759	1.083873525540746e-02	1.096478196143185e-02
15036	1.070966393013262e-02	1.071519305237606e-02
16083	1.041195541984552e-02	1.047128548050900e-02
16476	9.928089032644527e-03	1.000000000000000e-02
17778	9.358689955969335e-03	9.549925860214359e-03
18387	9.301336093615942e-03	9.332543007969915e-03
18840	9.092504643911758e-03	9.120108393559097e-03
20032	8.783663559448485e-03	8.912509381337459e-03
20418	8.677091709801132e-03	8.709635899560805e-03
21940	8.465532744891480e-03	8.511380382023767e-03
22867	8.019657118994550e-03	8.128305161640995e-03
24411	7.877111168046902e-03	7.943282347242814e-03
25245	7.740907696507038e-03	7.762471166286920e-03
26046	7.569713264234168e-03	7.585775750291836e-03
26172	7.366582323181214e-03	7.413102413009177e-03
27750	7.243999162451775e-03	7.244359600749898e-03
28104	6.909962023674332e-03	6.918309709189363e-03
30017	6.759922711384037e-03	6.760829753919818e-03
30070	6.562035103465980e-03	6.606934480075957e-03
30347	6.428264324597754e-03	6.456542290346556e-03
30553	6.283843001281264e-03	6.309573444801930e-03
33677	6.157484872562513e-03	6.165950018614822e-03
34903	6.017193884147565e-03	6.025595860743574e-03
36688	5.875254003033570e-03	5.888436553555890e-03
36714	5.616530186851487e-03	5.623413251903491e-03
38163	5.491880953531703e-03	5.495408738576248e-03
38220	5.022100879625957e-03	5.128613839913648e-03
38512	4.996287178439696e-03	5.011872336272725e-03
41931	4.894126668497756e-03	4.897788193684461e-03
47220	4.785001316341964e-03	4.786300923226385e-03
47543	4.640755513580563e-03	4.677351412871981e-03
47788	4.530838884655441e-03	4.570881896148752e-03
50302	4.465874054497720e-03	4.466835921509630e-03
54103	4.365049963621082e-03	4.365158322401661e-03
60052	4.253629892631672e-03	4.265795188015926e-03
67182	4.166166099866531e-03	4.168693834703355e-03
77781	4.073748030341218e-03	4.073802778041126e-03
83220	3.981053553660630e-03	3.981071705534973e-03
100451	3.887875865307144e-03	3.890451449942805e-03
103745	3.675014660397991e-03	3.715352290971724e-03
109745	3.628784359138271e-03	3.630780547701014e-03
116043	3.535456295622352e-03	3.548133892335753e-03
121860	3.456557032492480e-03	3.467368504525317e-03
132180	3.378528031432237e-03	3.388441561392024e-03
134551	3.291289056763902e-03	3.311311214825911e-03
145545	3.233447719977023e-03	3.235936569296281e-03
167919	2.988027279583583e-03	3.019951720402016e-03
180604	2.982458722980641e-03	3.019951720402016e-03
%
% index = 1381, name = bbob_f013_i03_d03__bbob_f017_i05_d03
% instance = 2, reference value = 7.930527243680690e-01
% function evaluation | indicator value | target hit
1	9.416236121380690e-01	9.549925860214360e-01
32	7.615970202208776e-01	7.762471166286917e-01
78	7.552955673336029e-01	7.585775750291838e-01
108	7.390523966660819e-01	7.413102413009175e-01
137	7.226923546957637e-01	7.244359600749900e-01
143	6.873197441871735e-01	6.918309709189365e-01
149	5.109738399862681e-01	5.128613839913648e-01
204	4.872278656947346e-01	4.897788193684462e-01
259	4.712838894564766e-01	4.786300923226383e-01
261	4.656617232138405e-01	4.677351412871982e-01
280	4.429906545822852e-01	4.466835921509631e-01
303	4.326316458346139e-01	4.365158322401660e-01
324	4.150010634701561e-01	4.168693834703354e-01
345	4.042022353380136e-01	4.073802778041127e-01
376	3.943701486088747e-01	3.981071705534972e-01
402	3.567314390828920e-01	3.630780547701014e-01
427	3.484030345010908e-01	3.548133892335755e-01
431	3.352614847349251e-01	3.388441561392025e-01
455	3.247171758374378e-01	3.311311214825911e-01
456	3.230599236972937e-01	3.235936569296283e-01
489	2.414617099111022e-01	2.454708915685030e-01
501	2.227984338379605e-01	2.238721138568339e-01
519	2.126519031605649e-01	2.137962089502232e-01
560	2.076673352566721e-01	2.089296130854039e-01
607	1.925394626963879e-01	1.949844599758045e-01
613	1.798696252409654e-01	1.819700858609984e-01
632	1.777046223254395e-01	1.778279410038923e-01
728	1.734925299128347e-01	1.737800828749375e-01
758	1.661687791322433e-01	1.698243652461744e-01
780	1.656824731601043e-01	1.659586907437560e-01
782	1.517384443493067e-01	1.548816618912481e-01
829	1.481339505594543e-01	1.513561248436208e-01
880	1.474937709191804e-01	1.479108388168208e-01
962	1.381279852767486e-01	1.412537544622754e-01
963	1.362756087340861e-01	1.380384264602885e-01
995	1.164842545320742e-01	1.174897554939529e-01
1015	1.126726427766487e-01	1.148153621496883e-01
1032	1.115550878270744e-01	1.122018454301964e-01
1057	1.085658813101072e-01	1.096478196143185e-01
1076	1.068696230717627e-01	1.071519305237607e-01
1125	9.421548924923473e-02	9.549925860214359e-02
1142	9.305718338324531e-02	9.332543007969910e-02
1204	9.012167088755374e-02	9.120108393559097e-02
1327	8.903438753519632e-02	8.912509381337455e-02
1412	8.706195834462382e-02	8.709635899560805e-02
1471	8.441778852181658e-02	8.511380382023763e-02
1485	8.168967979573183e-02	8.317637711026708e-02
1541	8.117855526005124e-02	8.128305161640990e-02
1600	7.931177040554238e-02	7.943282347242814e-02
1648	7.442148806311588e-02	7.585775750291836e-02
1656	7.393738653109005e-02	7.413102413009177e-02
1898	7.207473562181665e-02	7.244359600749903e-02
2082	7.012334073192206e-02	7.079457843841380e-02
2102	6.866608199285729e-02	6.918309709189366e-02
2243	6.750606659539560e-02	6.760829753919818e-02
2564	6.532690052092271e-02	6.606934480075961e-02
2642	6.444840204840452e-02	6.456542290346556e-02
2785	6.308309498505893e-02	6.309573444801933e-02
3432	6.052430018650223e-02	6.165950018614822e-02
3664	5.911608713345939e-02	6.025595860743578e-02
3866	5.884653347611746e-02	5.888436553555890e-02
4340	5.732421120595588e-02	5.754399373371569e-02
4475	5.558502680651056e-02	5.623413251903491e-02
4722	5.495093505831494e-02	5.495408738576246e-02
5221	5.361995661120489e-02	5.370317963702527e-02
5593	5.248053410872155e-02	5.248074602497726e-02
6749	5.126933075254358e-02	5.128613839913648e-02
7394	4.996456302016206e-02	5.011872336272722e-02
9153	4.815226438529541e-02	4.897788193684462e-02
9448	4.768714081366887e-02	4.786300923226382e-02
10008	4.497461824323368e-02	4.570881896148749e-02
10528	4.458487127922750e-02	4.466835921509630e-02
11794	4.332820896630851e-02	4.365158322401658e-02
13010	4.264446749469186e-02	4.265795188015926e-02
15473	4.162547557119312e-02	4.168693834703355e-02
16733	3.963559966967201e-02	3.981071705534973e-02
19624	3.875622922064270e-02	3.890451449942807e-02
21136	3.513547976233700e-02	3.548133892335755e-02
22545	3.420818304282625e-02	3.467368504525317e-02
23801	3.279663132723731e-02	3.311311214825911e-02
24099	3.235280169299870e-02	3.235936569296283e-02
24469	3.153381980334635e-02	3.162277660168379e-02
27654	3.089757237792301e-02	3.090295432513590e-02
30515	3.002167190142813e-02	3.019951720402016e-02
37266	2.947273101452497e-02	2.951209226666385e-02
37623	2.804384902835788e-02	2.818382931264454e-02
51587	2.678587695193368e-02	2.691534803926915e-02
83829	2.564548971390723e-02	2.570395782768863e-02
123550	2.474609435066955e-02	2.511886431509579e-02
138790	2.453131476926584e-02	2.454708915685030e-02
185824	2.446730186688462e-02	2.454708915685030e-02
%
% index = 1382, name = bbob_f013_i07_d03__bbob_f017_i08_d03
% instance = 3, reference value = 7.533167092105810e-01
% function evaluation | indicator value | target hit
1	5.342383231470057e-01	5.370317963702527e-01
2	4.398876190050473e-01	4.466835921509631e-01
50	4.201149697469317e-01	4.265795188015927e-01
82	4.160562032292344e-01	4.168693834703354e-01
94	3.795460098077070e-01	3.801893963205612e-01
103	3.597437745779557e-01	3.630780547701014e-01
135	3.540849412587044e-01	3.548133892335755e-01
156	3.406728169127080e-01	3.467368504525316e-01
175	3.355703318237143e-01	3.388441561392025e-01
205	3.195430994799882e-01	3.235936569296283e-01
209	3.081040265671421e-01	3.090295432513591e-01
228	2.994446485119048e-01	3.019951720402016e-01
240	2.917994110522470e-01	2.951209226666385e-01
285	2.330464321939560e-01	2.344228815319922e-01
317	2.272220499478047e-01	2.290867652767773e-01
410	2.168992844637740e-01	2.187761623949552e-01
418	2.094466371343333e-01	2.137962089502232e-01
442	2.015074623662446e-01	2.041737944669530e-01
484	1.990359079870307e-01	1.995262314968880e-01
556	1.949745621033013e-01	1.949844599758045e-01
588	1.877987351498768e-01	1.905460717963247e-01
595	1.728159842886534e-01	1.737800828749375e-01
644	1.562840239669300e-01	1.584893192461113e-01
662	1.535424894872048e-01	1.548816618912481e-01
813	1.513546479522021e-01	1.513561248436208e-01
847	1.467981998808904e-01	1.479108388168208e-01
895	1.440960671238602e-01	1.445439770745928e-01
907	1.256308994468195e-01	1.258925411794167e-01
1009	1.211814797792972e-01	1.230268770812381e-01
1074	1.199322813018120e-01	1.202264434617413e-01
1440	1.072668594596331e-01	1.096478196143185e-01
1447	9.985802588132409e-02	1.000000000000000e-01
1510	9.416653893806937e-02	9.549925860214359e-02
1549	9.063748684017914e-02	9.120108393559097e-02
1617	8.906557956408823e-02	8.912509381337455e-02
2136	8.507545265803929e-02	8.511380382023763e-02
3586	8.249994808892314e-02	8.317637711026708e-02
3927	8.043001357690660e-02	8.128305161640990e-02
5147	7.941049084514940e-02	7.943282347242814e-02
7048	7.761294992121570e-02	7.762471166286916e-02
10396	7.551280301306873e-02	7.585775750291836e-02
18357	7.170653232769086e-02	7.244359600749903e-02
20056	6.866271749173647e-02	6.918309709189366e-02
25035	6.672400588729865e-02	6.760829753919818e-02
38834	6.606864869551365e-02	6.606934480075961e-02
63521	6.455755342814529e-02	6.456542290346556e-02
84371	6.309554634481218e-02	6.309573444801933e-02
99082	6.142515502056844e-02	6.165950018614822e-02
163927	6.025530264708179e-02	6.025595860743578e-02
185660	6.000095802601957e-02	6.025595860743578e-02
%
% index = 1383, name = bbob_f013_i09_d03__bbob_f017_i10_d03
% instance = 4, reference value = 8.868565799883150e-01
% function evaluation | indicator value | target hit
1	8.232700012948077e-01	8.317637711026710e-01
38	8.088989928753665e-01	8.128305161640993e-01
61	7.654827288469009e-01	7.762471166286917e-01
66	7.485045212685597e-01	7.585775750291838e-01
82	6.616640841136059e-01	6.760829753919817e-01
125	6.557174959023120e-01	6.606934480075960e-01
138	5.987244318286179e-01	6.025595860743578e-01
180	5.864035689817551e-01	5.888436553555889e-01
193	5.201138754787548e-01	5.248074602497725e-01
194	5.030311869265992e-01	5.128613839913648e-01
204	4.981750305328222e-01	5.011872336272722e-01
241	4.704809627387090e-01	4.786300923226383e-01
254	3.943495981087182e-01	3.981071705534972e-01
273	3.241391126757982e-01	3.311311214825911e-01
276	3.139889820759391e-01	3.162277660168379e-01
280	2.961207280187796e-01	3.019951720402016e-01
290	2.661234346844971e-01	2.691534803926916e-01
357	2.628868004102322e-01	2.630267991895382e-01
378	2.456149118216037e-01	2.511886431509580e-01
381	2.438779553189716e-01	2.454708915685030e-01
396	2.059901475694261e-01	2.089296130854039e-01
402	2.038675967481767e-01	2.041737944669530e-01
417	1.992884766531893e-01	1.995262314968880e-01
427	1.926877857236170e-01	1.949844599758045e-01
480	1.861243173110643e-01	1.862087136662867e-01
548	1.786612470632047e-01	1.819700858609984e-01
571	1.741326303314592e-01	1.778279410038923e-01
573	1.704672197506308e-01	1.737800828749375e-01
580	1.684544789668924e-01	1.698243652461744e-01
582	1.647354451260138e-01	1.659586907437560e-01
621	1.606120431852425e-01	1.621810097358930e-01
646	1.577850963803599e-01	1.584893192461113e-01
652	1.462001686717069e-01	1.479108388168208e-01
681	1.438237699433768e-01	1.445439770745928e-01
699	1.395875347249789e-01	1.412537544622754e-01
721	1.286970022591165e-01	1.288249551693134e-01
763	1.257915148034557e-01	1.258925411794167e-01
803	1.228963396503988e-01	1.230268770812381e-01
829	1.197453607650349e-01	1.202264434617413e-01
870	1.142283807091155e-01	1.148153621496883e-01
886	1.117232469929474e-01	1.122018454301964e-01
892	1.059137507420959e-01	1.071519305237607e-01
903	1.046152212947579e-01	1.047128548050900e-01
909	8.683934073776878e-02	8.709635899560805e-02
968	8.019447008410596e-02	8.128305161640990e-02
987	7.916656136482125e-02	7.943282347242814e-02
992	7.561501398793224e-02	7.585775750291836e-02
999	7.256038233772966e-02	7.413102413009177e-02
1007	7.082643996071680e-02	7.244359600749903e-02
1008	7.076575443448696e-02	7.079457843841380e-02
1020	6.835344086137995e-02	6.918309709189366e-02
1081	6.521217591318729e-02	6.606934480075961e-02
1115	6.448079236893045e-02	6.456542290346556e-02
1196	6.296677269594997e-02	6.309573444801933e-02
1201	6.057031757730125e-02	6.165950018614822e-02
1207	5.979156565467647e-02	6.025595860743578e-02
1244	5.881335575781421e-02	5.888436553555890e-02
1248	5.681492167971502e-02	5.754399373371569e-02
1253	5.394089559045578e-02	5.495408738576246e-02
1263	5.341561032713760e-02	5.370317963702527e-02
1373	5.246188597697188e-02	5.248074602497726e-02
1383	5.119576190599184e-02	5.128613839913648e-02
1391	4.772252887920492e-02	4.786300923226382e-02
1402	4.671497270719538e-02	4.677351412871981e-02
1409	4.351655119633713e-02	4.365158322401658e-02
1459	4.226879794087834e-02	4.265795188015926e-02
1460	4.135106547748713e-02	4.168693834703355e-02
1520	4.058740389983551e-02	4.073802778041128e-02
1791	3.978261888386747e-02	3.981071705534973e-02
1809	3.886599987119954e-02	3.890451449942807e-02
1853	3.702158848421511e-02	3.715352290971726e-02
1946	3.577018397554022e-02	3.630780547701014e-02
1984	3.456195678441953e-02	3.467368504525317e-02
2033	3.370229835307870e-02	3.388441561392026e-02
2085	3.260925884300425e-02	3.311311214825911e-02
2347	3.231212493919944e-02	3.235936569296283e-02
2370	3.141175735784119e-02	3.162277660168379e-02
2376	3.084522527341871e-02	3.090295432513590e-02
2463	3.017728652590790e-02	3.019951720402016e-02
2554	2.937917848150262e-02	2.951209226666385e-02
2626	2.868972198821340e-02	2.884031503126606e-02
2703	2.804164574958901e-02	2.818382931264454e-02
3108	2.746010162113011e-02	2.754228703338166e-02
3174	2.687617730529035e-02	2.691534803926915e-02
3299	2.627949543603736e-02	2.630267991895381e-02
3579	2.568397060743499e-02	2.570395782768863e-02
4020	2.500326619444815e-02	2.511886431509579e-02
4176	2.454430458512324e-02	2.454708915685030e-02
4474	2.387009860534306e-02	2.398832919019490e-02
4673	2.268579651931013e-02	2.290867652767773e-02
4734	2.231392398848653e-02	2.238721138568340e-02
5414	2.183330837961461e-02	2.187761623949553e-02
5671	2.137394668246495e-02	2.137962089502233e-02
5976	2.075470985100369e-02	2.089296130854040e-02
6186	2.022794004488693e-02	2.041737944669529e-02
6803	1.994778062467828e-02	1.995262314968880e-02
7812	1.949403193820309e-02	1.949844599758046e-02
8133	1.905218031261247e-02	1.905460717963247e-02
8883	1.853780429500163e-02	1.862087136662868e-02
9475	1.818674672650067e-02	1.819700858609984e-02
11482	1.777786570121864e-02	1.778279410038923e-02
12482	1.736655456150782e-02	1.737800828749375e-02
13488	1.698099449142021e-02	1.698243652461744e-02
19222	1.658414323578428e-02	1.659586907437561e-02
23242	1.620603380231600e-02	1.621810097358930e-02
36995	1.584537536129282e-02	1.584893192461113e-02
39716	1.535972973862243e-02	1.548816618912481e-02
49344	1.509531008076070e-02	1.513561248436208e-02
57369	1.470692585019573e-02	1.479108388168207e-02
97194	1.445439315385766e-02	1.445439770745927e-02
108830	1.411058953748778e-02	1.412537544622754e-02
166992	1.380255840967826e-02	1.380384264602885e-02
180001	1.379999859427983e-02	1.380384264602885e-02
%
% index = 1384, name = bbob_f013_i11_d03__bbob_f017_i12_d03
% instance = 5, reference value = 9.305590833958300e-01
% function evaluation | indicator value | target hit
1	4.583564365030519e-01	4.677351412871982e-01
37	4.464607856888321e-01	4.466835921509631e-01
68	3.186839706342356e-01	3.235936569296283e-01
113	3.119838277927012e-01	3.162277660168379e-01
130	2.378994291302097e-01	2.398832919019490e-01
151	2.308264142536435e-01	2.344228815319922e-01
168	2.239655420857355e-01	2.290867652767773e-01
171	1.895964603703828e-01	1.905460717963247e-01
173	1.718670085011353e-01	1.737800828749375e-01
184	1.647802610187735e-01	1.659586907437560e-01
187	1.545120239706845e-01	1.548816618912481e-01
195	1.428176868357792e-01	1.445439770745928e-01
198	1.165784267033239e-01	1.174897554939529e-01
204	1.138556342724545e-01	1.148153621496883e-01
224	1.054357924287527e-01	1.071519305237607e-01
232	1.040585584866002e-01	1.047128548050900e-01
240	1.022365620174461e-01	1.023292992280754e-01
259	9.584399764622031e-02	9.772372209558107e-02
263	8.276945824006210e-02	8.317637711026708e-02
297	6.411103208067959e-02	6.456542290346556e-02
300	5.896451426667648e-02	6.025595860743578e-02
313	5.669642740176450e-02	5.754399373371569e-02
323	5.590823966772684e-02	5.623413251903491e-02
325	5.489888422085276e-02	5.495408738576246e-02
343	5.306396974340255e-02	5.370317963702527e-02
348	5.210232188484398e-02	5.248074602497726e-02
355	5.128547421624241e-02	5.128613839913648e-02
411	4.969276489052177e-02	5.011872336272722e-02
432	4.826067775398768e-02	4.897788193684462e-02
462	4.683167342787464e-02	4.786300923226382e-02
477	4.640407435500149e-02	4.677351412871981e-02
491	4.207093973141585e-02	4.265795188015926e-02
527	4.166484276083970e-02	4.168693834703355e-02
562	4.029301345275427e-02	4.073802778041128e-02
574	3.785509334697090e-02	3.801893963205612e-02
617	3.697122917417550e-02	3.715352290971726e-02
624	3.629594209042197e-02	3.630780547701014e-02
661	3.413049472835350e-02	3.467368504525317e-02
673	3.369875277078838e-02	3.388441561392026e-02
725	3.307503528736855e-02	3.311311214825911e-02
771	3.225911500665712e-02	3.235936569296283e-02
774	3.157494523316717e-02	3.162277660168379e-02
967	3.050369974367828e-02	3.090295432513590e-02
995	3.011152620347113e-02	3.019951720402016e-02
1007	2.950381281861592e-02	2.951209226666385e-02
1040	2.798167293183806e-02	2.818382931264454e-02
1084	2.494546701719513e-02	2.511886431509579e-02
1127	2.448829815371112e-02	2.454708915685030e-02
1137	2.344086422618352e-02	2.344228815319923e-02
1187	2.250768352219967e-02	2.290867652767773e-02
1188	2.097120841948497e-02	2.137962089502233e-02
1197	2.084457060284084e-02	2.089296130854040e-02
1275	2.040086186119294e-02	2.041737944669529e-02
1314	1.985246955407782e-02	1.995262314968880e-02
1326	1.929576780396114e-02	1.949844599758046e-02
1356	1.904453629219494e-02	1.905460717963247e-02
1358	1.752535805190303e-02	1.778279410038923e-02
1392	1.713489260810130e-02	1.737800828749375e-02
1430	1.694761752988272e-02	1.698243652461744e-02
1449	1.585077553120140e-02	1.621810097358930e-02
1467	1.580605120259282e-02	1.584893192461113e-02
1533	1.536229364687247e-02	1.548816618912481e-02
1611	1.463308278090369e-02	1.479108388168207e-02
1683	1.400411549524194e-02	1.412537544622754e-02
1878	1.370651840841142e-02	1.380384264602885e-02
1897	1.343879425511219e-02	1.348962882591653e-02
1935	1.316564492536032e-02	1.318256738556407e-02
1965	1.284263779418016e-02	1.288249551693134e-02
2016	1.253629944245760e-02	1.258925411794167e-02
2102	1.227161728613535e-02	1.230268770812382e-02
2252	1.201387102631646e-02	1.202264434617413e-02
2348	1.153066528157554e-02	1.174897554939530e-02
2370	1.132879094694694e-02	1.148153621496883e-02
2440	1.121873009277374e-02	1.122018454301964e-02
2747	1.096380869534508e-02	1.096478196143185e-02
2975	1.058179291913042e-02	1.071519305237606e-02
3018	1.037909897886036e-02	1.047128548050900e-02
3077	1.013562590048411e-02	1.023292992280754e-02
3207	9.658721070123444e-03	9.772372209558112e-03
3518	9.517059032143949e-03	9.549925860214359e-03
3532	9.279890158368609e-03	9.332543007969915e-03
3671	9.103608321981316e-03	9.120108393559097e-03
3887	8.858693809801976e-03	8.912509381337459e-03
4077	8.678846279629671e-03	8.709635899560805e-03
4176	8.481988059636514e-03	8.511380382023767e-03
4343	8.311514164501155e-03	8.317637711026709e-03
4587	8.124253579627316e-03	8.128305161640995e-03
4834	7.922775658389281e-03	7.943282347242814e-03
4860	7.570355886960534e-03	7.585775750291836e-03
5523	7.410933674358300e-03	7.413102413009177e-03
5613	7.236109403536362e-03	7.244359600749898e-03
6037	7.078700508003855e-03	7.079457843841380e-03
6458	6.838222838556285e-03	6.918309709189363e-03
6711	6.755354462942398e-03	6.760829753919818e-03
7648	6.591532259165978e-03	6.606934480075957e-03
8470	6.453991859252439e-03	6.456542290346556e-03
9083	6.202545550555549e-03	6.309573444801930e-03
9279	6.164964738644030e-03	6.165950018614822e-03
9324	5.973144540608488e-03	6.025595860743574e-03
10439	5.888219992491339e-03	5.888436553555890e-03
10844	5.752529945895368e-03	5.754399373371567e-03
12252	5.563480099762930e-03	5.623413251903491e-03
14291	5.494565673316076e-03	5.495408738576248e-03
15238	5.364700465352090e-03	5.370317963702527e-03
15871	5.151664980331816e-03	5.248074602497728e-03
16122	5.128289651312734e-03	5.128613839913648e-03
20401	5.006686510686920e-03	5.011872336272725e-03
20999	4.890690203141590e-03	4.897788193684461e-03
23176	4.783393675775405e-03	4.786300923226385e-03
28431	4.677087557505288e-03	4.677351412871981e-03
30427	4.551875852878084e-03	4.570881896148752e-03
33327	4.466479743530316e-03	4.466835921509630e-03
34235	4.362361888671340e-03	4.365158322401661e-03
34436	4.195433815298522e-03	4.265795188015926e-03
36257	4.168689851843044e-03	4.168693834703355e-03
45212	4.072154328125799e-03	4.073802778041126e-03
59814	3.979480818523395e-03	3.981071705534973e-03
79709	3.795898015687693e-03	3.801893963205613e-03
93037	3.423708451675722e-03	3.467368504525317e-03
96508	3.387767115073603e-03	3.388441561392024e-03
105163	3.226653725510231e-03	3.235936569296281e-03
120795	3.146903376700649e-03	3.162277660168379e-03
130021	3.078828579139548e-03	3.090295432513592e-03
134079	3.018657871788122e-03	3.019951720402016e-03
154142	2.949344483638261e-03	2.951209226666387e-03
180001	2.891557748825102e-03	2.951209226666387e-03
%
% index = 1385, name = bbob_f013_i13_d03__bbob_f017_i14_d03
% instance = 6, reference value = 9.046057290772860e-01
% function evaluation | indicator value | target hit
1	7.453913528627722e-01	7.585775750291838e-01
30	6.454167416504291e-01	6.456542290346555e-01
43	6.236170456340813e-01	6.309573444801932e-01
46	5.990835696463581e-01	6.025595860743578e-01
52	5.874173656389534e-01	5.888436553555889e-01
62	5.429396146485219e-01	5.495408738576245e-01
111	5.331169635210895e-01	5.370317963702527e-01
120	4.846372981379078e-01	4.897788193684462e-01
189	4.456692707803257e-01	4.466835921509631e-01
208	4.245740288976907e-01	4.265795188015927e-01
222	3.898423307082102e-01	3.981071705534972e-01
223	3.883544153277624e-01	3.890451449942806e-01
232	3.576076302961648e-01	3.630780547701014e-01
240	3.084062575852355e-01	3.090295432513591e-01
265	3.007956046017364e-01	3.019951720402016e-01
271	2.941183264732651e-01	2.951209226666385e-01
273	2.733699578855784e-01	2.754228703338166e-01
290	2.646792336893959e-01	2.691534803926916e-01
313	2.405160882984926e-01	2.454708915685030e-01
316	2.392150227041960e-01	2.398832919019490e-01
319	2.129549979078911e-01	2.137962089502232e-01
346	2.081907159969091e-01	2.089296130854039e-01
369	1.545128645389966e-01	1.548816618912481e-01
387	1.397724125643697e-01	1.412537544622754e-01
388	1.376912139484040e-01	1.380384264602885e-01
423	1.246860494612216e-01	1.258925411794167e-01
428	1.168788557942498e-01	1.174897554939529e-01
474	1.135648900837253e-01	1.148153621496883e-01
475	1.117102956807483e-01	1.122018454301964e-01
490	1.058650893683224e-01	1.071519305237607e-01
499	9.364265346091050e-02	9.549925860214359e-02
503	9.325537470072731e-02	9.332543007969910e-02
541	8.551857487769343e-02	8.709635899560805e-02
548	8.431232362230978e-02	8.511380382023763e-02
612	8.271883759111620e-02	8.317637711026708e-02
626	8.116441057251533e-02	8.128305161640990e-02
668	7.914575803504498e-02	7.943282347242814e-02
695	7.553580548971561e-02	7.585775750291836e-02
702	7.306204939201066e-02	7.413102413009177e-02
729	7.212723580090086e-02	7.244359600749903e-02
744	6.920878015319776e-02	7.079457843841380e-02
760	6.914872363936320e-02	6.918309709189366e-02
770	6.210643940672389e-02	6.309573444801933e-02
777	6.098915619494383e-02	6.165950018614822e-02
799	5.847633907251093e-02	5.888436553555890e-02
800	5.729914747650022e-02	5.754399373371569e-02
903	5.621974317774925e-02	5.623413251903491e-02
919	5.268593360956275e-02	5.370317963702527e-02
931	5.215258576635406e-02	5.248074602497726e-02
952	5.119672745669313e-02	5.128613839913648e-02
1053	5.007022611686540e-02	5.011872336272722e-02
1128	4.849144807581229e-02	4.897788193684462e-02
1181	4.780015663614001e-02	4.786300923226382e-02
1192	4.676986112630233e-02	4.677351412871981e-02
1263	4.322484851541952e-02	4.365158322401658e-02
1382	4.194541435215549e-02	4.265795188015926e-02
1427	4.084507854179142e-02	4.168693834703355e-02
1429	4.061121030617310e-02	4.073802778041128e-02
1443	3.967904068833161e-02	3.981071705534973e-02
1575	3.847050004530872e-02	3.890451449942807e-02
1583	3.797970876934520e-02	3.801893963205612e-02
1766	3.682950891673165e-02	3.715352290971726e-02
1775	3.494954899820979e-02	3.548133892335755e-02
1781	3.453547729690731e-02	3.467368504525317e-02
1867	3.345708135434411e-02	3.388441561392026e-02
1960	3.310996342371930e-02	3.311311214825911e-02
1986	2.949218988371638e-02	2.951209226666385e-02
2360	2.832794284565820e-02	2.884031503126606e-02
2412	2.799513777394491e-02	2.818382931264454e-02
2494	2.711631739484965e-02	2.754228703338166e-02
2510	2.676624326498578e-02	2.691534803926915e-02
2677	2.629682392528543e-02	2.630267991895381e-02
2815	2.562232644430806e-02	2.570395782768863e-02
2831	2.472777942470739e-02	2.511886431509579e-02
2858	2.450111935354560e-02	2.454708915685030e-02
3195	2.383322889014294e-02	2.398832919019490e-02
3226	2.315847677229166e-02	2.344228815319923e-02
3251	2.275519491257250e-02	2.290867652767773e-02
3314	2.234041936313802e-02	2.238721138568340e-02
3373	2.171878606970545e-02	2.187761623949553e-02
3398	2.135249442394216e-02	2.137962089502233e-02
3469	1.847286243886315e-02	1.862087136662868e-02
3638	1.802151623470660e-02	1.819700858609984e-02
3861	1.777846242450565e-02	1.778279410038923e-02
4031	1.737543127543473e-02	1.737800828749375e-02
4468	1.683890396259458e-02	1.698243652461744e-02
5092	1.659142975073802e-02	1.659586907437561e-02
5321	1.621497485701240e-02	1.621810097358930e-02
5379	1.563120246834349e-02	1.584893192461113e-02
5484	1.548562820797417e-02	1.548816618912481e-02
5758	1.511832840968186e-02	1.513561248436208e-02
6187	1.460348185737059e-02	1.479108388168207e-02
6960	1.443107507748409e-02	1.445439770745927e-02
7162	1.345863592388208e-02	1.348962882591653e-02
7715	1.318088012402052e-02	1.318256738556407e-02
8427	1.287386819143121e-02	1.288249551693134e-02
9633	1.258544908395631e-02	1.258925411794167e-02
10358	1.216368050806516e-02	1.230268770812382e-02
10592	1.185549726008428e-02	1.202264434617413e-02
11042	1.174309305049881e-02	1.174897554939530e-02
12479	1.147180016481530e-02	1.148153621496883e-02
13659	1.118354397663079e-02	1.122018454301964e-02
14942	1.084379899502486e-02	1.096478196143185e-02
14984	1.047724658949467e-02	1.071519305237606e-02
15176	1.043642052902660e-02	1.047128548050900e-02
17428	1.018307489963677e-02	1.023292992280754e-02
18035	9.933152597710326e-03	1.000000000000000e-02
18807	9.719771546158884e-03	9.772372209558112e-03
19838	9.547853446968957e-03	9.549925860214359e-03
23553	9.318065651008678e-03	9.332543007969915e-03
25535	9.119245084016181e-03	9.120108393559097e-03
27709	8.910666323050820e-03	8.912509381337459e-03
30844	8.646700638712534e-03	8.709635899560805e-03
32689	8.511169054318590e-03	8.511380382023767e-03
34310	8.311164369266710e-03	8.317637711026709e-03
37172	8.127753609204036e-03	8.128305161640995e-03
43789	7.927905825112491e-03	7.943282347242814e-03
48995	7.760047084547583e-03	7.762471166286920e-03
50196	7.584211643040017e-03	7.585775750291836e-03
54937	7.409932788908113e-03	7.413102413009177e-03
66365	7.242561591650598e-03	7.244359600749898e-03
75456	7.078538072951113e-03	7.079457843841380e-03
87488	6.883203260660498e-03	6.918309709189363e-03
105321	6.760602990668385e-03	6.760829753919818e-03
146325	6.592287340594472e-03	6.606934480075957e-03
180001	6.536475936681496e-03	6.606934480075957e-03
%
% index = 1386, name = bbob_f013_i15_d03__bbob_f017_i16_d03
% instance = 7, reference value = 9.506780570696290e-01
% function evaluation | indicator value | target hit
1	1.069588930658129e+00	1.071519305237606e+00
3	8.793498645481419e-01	8.912509381337456e-01
5	8.210863121246639e-01	8.317637711026710e-01
13	7.619894315361555e-01	7.762471166286917e-01
14	6.608148446774765e-01	6.760829753919817e-01
20	6.482077218582208e-01	6.606934480075960e-01
37	6.394210248448171e-01	6.456542290346555e-01
43	1.743422755217353e-01	1.778279410038923e-01
65	1.712329053559946e-01	1.737800828749375e-01
101	1.370027361518094e-01	1.380384264602885e-01
135	1.338918472519310e-01	1.348962882591654e-01
177	1.226830922735537e-01	1.230268770812381e-01
227	1.050462991827235e-01	1.071519305237607e-01
232	9.856391543281207e-02	1.000000000000000e-01
301	9.675117992426630e-02	9.772372209558107e-02
314	8.725708507636321e-02	8.912509381337455e-02
324	8.174747274512650e-02	8.317637711026708e-02
326	8.077735067807246e-02	8.128305161640990e-02
336	7.509836476322806e-02	7.585775750291836e-02
372	6.857225401229861e-02	6.918309709189366e-02
500	6.124965128813009e-02	6.165950018614822e-02
594	6.020582857136869e-02	6.025595860743578e-02
867	5.887348218646526e-02	5.888436553555890e-02
890	5.607334042301504e-02	5.623413251903491e-02
1120	5.443273607533661e-02	5.495408738576246e-02
1215	5.317113236396243e-02	5.370317963702527e-02
1575	5.016271355283719e-02	5.128613839913648e-02
1639	5.011848859904700e-02	5.011872336272722e-02
2839	4.878769811613148e-02	4.897788193684462e-02
2965	4.760289800124584e-02	4.786300923226382e-02
3847	4.598816250958238e-02	4.677351412871981e-02
10109	4.522004555607262e-02	4.570881896148749e-02
17306	4.279263570016967e-02	4.365158322401658e-02
18805	4.262651356931679e-02	4.265795188015926e-02
54892	4.155628593920679e-02	4.168693834703355e-02
82793	4.050232222450967e-02	4.073802778041128e-02
87944	3.976577079584542e-02	3.981071705534973e-02
163204	3.874659865724239e-02	3.890451449942807e-02
184374	3.852903096738303e-02	3.890451449942807e-02
%
% index = 1387, name = bbob_f013_i17_d03__bbob_f017_i18_d03
% instance = 8, reference value = 8.432363316883890e-01
% function evaluation | indicator value | target hit
1	9.274603968833889e-01	9.332543007969910e-01
13	9.048633441493888e-01	9.120108393559098e-01
16	7.659479794580787e-01	7.762471166286917e-01
47	7.401457741592200e-01	7.413102413009175e-01
62	6.139268115458518e-01	6.165950018614822e-01
68	5.981723847505849e-01	6.025595860743578e-01
94	5.777528727259639e-01	5.888436553555889e-01
117	5.495918760530225e-01	5.623413251903491e-01
122	5.391417903784161e-01	5.495408738576245e-01
180	5.292127055358149e-01	5.370317963702527e-01
189	4.704873012697472e-01	4.786300923226383e-01
245	4.021852607893185e-01	4.073802778041127e-01
287	3.972330199297499e-01	3.981071705534972e-01
307	3.848632745657143e-01	3.890451449942806e-01
315	3.794872778515124e-01	3.801893963205612e-01
496	3.650910121823176e-01	3.715352290971726e-01
514	3.553454423813859e-01	3.630780547701014e-01
549	3.531569827853653e-01	3.548133892335755e-01
864	3.413334011573342e-01	3.467368504525316e-01
1116	3.386873302467550e-01	3.388441561392025e-01
1474	3.306588910644824e-01	3.311311214825911e-01
1827	3.004190152956894e-01	3.019951720402016e-01
2589	2.943047129955110e-01	2.951209226666385e-01
2707	2.768901486834703e-01	2.818382931264454e-01
2736	2.650487469954349e-01	2.691534803926916e-01
2760	2.531930157736139e-01	2.570395782768864e-01
3030	2.511618888672346e-01	2.511886431509580e-01
4021	2.453480770992882e-01	2.454708915685030e-01
5005	2.398641022628550e-01	2.398832919019490e-01
5968	2.344222551243174e-01	2.344228815319922e-01
6410	2.057787578710187e-01	2.089296130854039e-01
6540	2.039744779724056e-01	2.041737944669530e-01
6831	1.993969078101521e-01	1.995262314968880e-01
7002	1.839041724203359e-01	1.862087136662867e-01
7021	1.807337914825049e-01	1.819700858609984e-01
7030	1.723211745286640e-01	1.737800828749375e-01
7093	1.666441706271100e-01	1.698243652461744e-01
7299	1.651329648754035e-01	1.659586907437560e-01
7452	1.615199158615824e-01	1.621810097358930e-01
7456	1.527987546135645e-01	1.548816618912481e-01
7785	1.512946576910021e-01	1.513561248436208e-01
7903	1.437451700208141e-01	1.445439770745928e-01
8095	1.391505449193681e-01	1.412537544622754e-01
8096	1.378287347154341e-01	1.380384264602885e-01
8360	1.336455999817695e-01	1.348962882591654e-01
8402	1.316243189085696e-01	1.318256738556407e-01
8426	1.272714159545932e-01	1.288249551693134e-01
8464	1.256818316627402e-01	1.258925411794167e-01
8597	1.225470149656309e-01	1.230268770812381e-01
8711	1.201331605124063e-01	1.202264434617413e-01
8759	1.174659780674532e-01	1.174897554939529e-01
9316	1.148002279494226e-01	1.148153621496883e-01
9356	1.092277026923142e-01	1.096478196143185e-01
9370	1.063672201867185e-01	1.071519305237607e-01
9382	1.003749019746629e-01	1.023292992280754e-01
9513	9.955470446479120e-02	1.000000000000000e-01
10206	9.598683125513385e-02	9.772372209558107e-02
10230	9.408402945783789e-02	9.549925860214359e-02
10308	9.121998449654212e-02	9.332543007969910e-02
10313	9.115545438784056e-02	9.120108393559097e-02
11177	8.714368281171159e-02	8.912509381337455e-02
11402	8.702247011852771e-02	8.709635899560805e-02
12960	8.357064637588429e-02	8.511380382023763e-02
14856	8.301687133854263e-02	8.317637711026708e-02
22105	8.127972567749853e-02	8.128305161640990e-02
33582	7.737992776184177e-02	7.762471166286916e-02
37492	7.580389943776999e-02	7.585775750291836e-02
64070	7.412475177928035e-02	7.413102413009177e-02
88957	7.181538611582305e-02	7.244359600749903e-02
92779	7.020892001547407e-02	7.079457843841380e-02
95378	6.857101713265934e-02	6.918309709189366e-02
108563	6.757267951382351e-02	6.760829753919818e-02
146185	6.157495679972480e-02	6.165950018614822e-02
158133	6.013911870119359e-02	6.025595860743578e-02
158789	5.625466309399352e-02	5.754399373371569e-02
159112	5.622262818164270e-02	5.623413251903491e-02
180000	5.590689115055547e-02	5.623413251903491e-02
%
% index = 1388, name = bbob_f013_i19_d03__bbob_f017_i21_d03
% instance = 9, reference value = 9.451759533843470e-01
% function evaluation | indicator value | target hit
1	6.644230623694539e-01	6.760829753919817e-01
13	4.770337769937977e-01	4.786300923226383e-01
19	4.429190024666121e-01	4.466835921509631e-01
40	3.817484149038023e-01	3.890451449942806e-01
71	3.217512854631653e-01	3.235936569296283e-01
132	2.849507447609669e-01	2.884031503126606e-01
135	2.417649612775905e-01	2.454708915685030e-01
165	2.394860014546299e-01	2.398832919019490e-01
181	1.866008023947278e-01	1.905460717963247e-01
247	1.851113743979133e-01	1.862087136662867e-01
280	1.742733989906585e-01	1.778279410038923e-01
290	1.715490394402889e-01	1.737800828749375e-01
296	1.686562526620285e-01	1.698243652461744e-01
350	1.650015063470134e-01	1.659586907437560e-01
388	1.620639611732814e-01	1.621810097358930e-01
425	1.518670585171805e-01	1.548816618912481e-01
476	1.511542148939700e-01	1.513561248436208e-01
562	1.477567718897314e-01	1.479108388168208e-01
571	1.435164727144129e-01	1.445439770745928e-01
620	1.411039239307766e-01	1.412537544622754e-01
623	1.327224575318815e-01	1.348962882591654e-01
676	1.318041880994252e-01	1.318256738556407e-01
718	1.288077481412586e-01	1.288249551693134e-01
802	1.223560820106718e-01	1.230268770812381e-01
830	1.201166792415632e-01	1.202264434617413e-01
860	1.093121039468551e-01	1.096478196143185e-01
871	9.415399226842180e-02	9.549925860214359e-02
937	9.260832474394387e-02	9.332543007969910e-02
977	9.079686295184941e-02	9.120108393559097e-02
984	8.831379769549674e-02	8.912509381337455e-02
1084	8.704806143119137e-02	8.709635899560805e-02
1114	8.477977764538080e-02	8.511380382023763e-02
1137	8.288708083217711e-02	8.317637711026708e-02
1160	7.685389476198157e-02	7.762471166286916e-02
1264	7.484150196528416e-02	7.585775750291836e-02
1296	7.107268621961982e-02	7.244359600749903e-02
1302	6.262069070232479e-02	6.309573444801933e-02
1378	6.131540479782305e-02	6.165950018614822e-02
1551	6.007618506149914e-02	6.025595860743578e-02
1631	5.887320551540387e-02	5.888436553555890e-02
1634	5.737795835154302e-02	5.754399373371569e-02
1678	5.618768500309390e-02	5.623413251903491e-02
1730	4.997502374876850e-02	5.011872336272722e-02
1745	4.791499120778675e-02	4.897788193684462e-02
1748	4.778614214504184e-02	4.786300923226382e-02
1795	4.634536413626944e-02	4.677351412871981e-02
1805	4.561716389405079e-02	4.570881896148749e-02
1962	4.428136333805177e-02	4.466835921509630e-02
1981	4.333304628724455e-02	4.365158322401658e-02
2067	4.258321096326667e-02	4.265795188015926e-02
2504	4.162994189444302e-02	4.168693834703355e-02
2720	4.016881856177701e-02	4.073802778041128e-02
3164	3.976462326478014e-02	3.981071705534973e-02
3305	3.889121497125392e-02	3.890451449942807e-02
3320	3.783362799355350e-02	3.801893963205612e-02
3377	3.682638109392955e-02	3.715352290971726e-02
3573	3.618797585857025e-02	3.630780547701014e-02
3846	3.542463563544196e-02	3.548133892335755e-02
4457	3.408644877754374e-02	3.467368504525317e-02
4878	3.317968399426652e-02	3.388441561392026e-02
4900	3.298806197579363e-02	3.311311214825911e-02
5497	3.131824142180462e-02	3.162277660168379e-02
6150	3.070285958940244e-02	3.090295432513590e-02
7513	3.019587889147668e-02	3.019951720402016e-02
8100	2.949657766024449e-02	2.951209226666385e-02
10418	2.842724233668559e-02	2.884031503126606e-02
12759	2.816933835405255e-02	2.818382931264454e-02
24396	2.754172459950555e-02	2.754228703338166e-02
42155	2.638418693889066e-02	2.691534803926915e-02
43351	2.629071054717136e-02	2.630267991895381e-02
54193	2.554301899046663e-02	2.570395782768863e-02
70692	2.502993207337667e-02	2.511886431509579e-02
76546	2.446733796543465e-02	2.454708915685030e-02
78432	2.373267940487245e-02	2.398832919019490e-02
78496	2.341522083030745e-02	2.344228815319923e-02
79184	2.289646479934360e-02	2.290867652767773e-02
79795	2.237464938848599e-02	2.238721138568340e-02
80784	2.185657696928689e-02	2.187761623949553e-02
83029	2.103181224887385e-02	2.137962089502233e-02
83088	2.065879389653136e-02	2.089296130854040e-02
83248	1.993932332276749e-02	1.995262314968880e-02
86565	1.948758286470798e-02	1.949844599758046e-02
112939	1.905438840118645e-02	1.905460717963247e-02
180001	1.890199489388034e-02	1.905460717963247e-02
%
% index = 1389, name = bbob_f013_i21_d03__bbob_f017_i22_d03
% instance = 10, reference value = 9.084464407954650e-01
% function evaluation | indicator value | target hit
1	6.946481041049979e-01	7.079457843841379e-01
3	4.827634831148060e-01	4.897788193684462e-01
8	3.776945601581431e-01	3.801893963205612e-01
15	2.978364692056888e-01	3.019951720402016e-01
20	2.740354819433332e-01	2.754228703338166e-01
28	2.236821093223632e-01	2.238721138568339e-01
70	2.110019699719267e-01	2.137962089502232e-01
75	2.031992772168546e-01	2.041737944669530e-01
124	1.991368350902850e-01	1.995262314968880e-01
178	1.942097998065683e-01	1.949844599758045e-01
188	1.861406843348818e-01	1.862087136662867e-01
191	1.699851336523133e-01	1.737800828749375e-01
201	1.696089124593404e-01	1.698243652461744e-01
308	1.656783806754100e-01	1.659586907437560e-01
367	1.604522106951062e-01	1.621810097358930e-01
432	1.487684784115418e-01	1.513561248436208e-01
435	1.425084312207967e-01	1.445439770745928e-01
455	1.392615552636993e-01	1.412537544622754e-01
568	1.377564475117494e-01	1.380384264602885e-01
614	1.296095521544959e-01	1.318256738556407e-01
634	1.259312088266086e-01	1.288249551693134e-01
653	1.244467879172918e-01	1.258925411794167e-01
669	1.219388394537825e-01	1.230268770812381e-01
703	1.200964504242873e-01	1.202264434617413e-01
766	1.152792067963458e-01	1.174897554939529e-01
784	6.008194731402694e-02	6.025595860743578e-02
811	5.869210960910642e-02	5.888436553555890e-02
828	5.571682454124371e-02	5.623413251903491e-02
847	5.463109586965886e-02	5.495408738576246e-02
859	5.308841332108349e-02	5.370317963702527e-02
886	5.197333068523624e-02	5.248074602497726e-02
1056	5.057474690453345e-02	5.128613839913648e-02
1057	4.996121245313956e-02	5.011872336272722e-02
1066	4.809131836902392e-02	4.897788193684462e-02
1078	4.758003682384782e-02	4.786300923226382e-02
1136	4.663031818376551e-02	4.677351412871981e-02
1198	4.551618544408786e-02	4.570881896148749e-02
1205	4.312966736543955e-02	4.365158322401658e-02
1247	4.258997850677149e-02	4.265795188015926e-02
1369	4.143278679585782e-02	4.168693834703355e-02
1401	4.073135660746008e-02	4.073802778041128e-02
1526	3.930151809618554e-02	3.981071705534973e-02
1595	3.889987169280251e-02	3.890451449942807e-02
1731	3.780387885761072e-02	3.801893963205612e-02
1876	3.464417537573894e-02	3.467368504525317e-02
2100	3.376310742359034e-02	3.388441561392026e-02
2135	3.299981420913789e-02	3.311311214825911e-02
2815	3.233810374004054e-02	3.235936569296283e-02
2870	3.157260137362883e-02	3.162277660168379e-02
2871	2.620136384850513e-02	2.630267991895381e-02
3148	2.565394561901957e-02	2.570395782768863e-02
3214	1.801163118464011e-02	1.819700858609984e-02
3261	1.735273686533390e-02	1.737800828749375e-02
3502	1.697235484507376e-02	1.698243652461744e-02
3936	1.659468287032739e-02	1.659586907437561e-02
4067	1.485283562701145e-02	1.513561248436208e-02
4077	1.447039686399543e-02	1.479108388168207e-02
4092	1.430377858135101e-02	1.445439770745927e-02
4164	1.401008908682044e-02	1.412537544622754e-02
4319	1.380141379350808e-02	1.380384264602885e-02
4374	1.313305111995067e-02	1.318256738556407e-02
4555	1.256087137013129e-02	1.258925411794167e-02
4556	1.194250284387399e-02	1.202264434617413e-02
4849	1.148273014947965e-02	1.174897554939530e-02
4858	1.147398330782501e-02	1.148153621496883e-02
5767	1.119468742429053e-02	1.122018454301964e-02
6102	1.094740256653592e-02	1.096478196143185e-02
6369	1.062025240343933e-02	1.071519305237606e-02
6450	1.046543574081737e-02	1.047128548050900e-02
6651	1.016849161036604e-02	1.023292992280754e-02
7586	9.931360659755084e-03	1.000000000000000e-02
7716	9.772037571709857e-03	9.772372209558112e-03
7749	9.536257399733405e-03	9.549925860214359e-03
7943	9.319422094964169e-03	9.332543007969915e-03
8111	9.044939543648378e-03	9.120108393559097e-03
8727	8.904859878997806e-03	8.912509381337459e-03
10012	8.708014549211218e-03	8.709635899560805e-03
10420	8.502699025278115e-03	8.511380382023767e-03
11038	8.255973594667232e-03	8.317637711026709e-03
11281	8.122483948073800e-03	8.128305161640995e-03
11971	7.907781929272661e-03	7.943282347242814e-03
14190	7.759023850788860e-03	7.762471166286920e-03
14930	7.570886314280822e-03	7.585775750291836e-03
15955	7.413096482339676e-03	7.413102413009177e-03
17657	7.240397724107117e-03	7.244359600749898e-03
19896	7.039418834159816e-03	7.079457843841380e-03
22404	6.820254582166840e-03	6.918309709189363e-03
23067	6.759841071115713e-03	6.760829753919818e-03
23809	6.593546201862033e-03	6.606934480075957e-03
24090	6.455403969107709e-03	6.456542290346556e-03
27198	6.245901072527094e-03	6.309573444801930e-03
31652	6.157218968734446e-03	6.165950018614822e-03
33738	6.024014779073439e-03	6.025595860743574e-03
37071	5.888105742897554e-03	5.888436553555890e-03
40525	5.754081690119595e-03	5.754399373371567e-03
42272	5.622990608884049e-03	5.623413251903491e-03
45531	5.455412446228713e-03	5.495408738576248e-03
46827	5.321225631671145e-03	5.370317963702527e-03
49354	5.238427231160525e-03	5.248074602497728e-03
56785	5.125544541520699e-03	5.128613839913648e-03
58201	4.999781052762664e-03	5.011872336272725e-03
61233	4.876895933486947e-03	4.897788193684461e-03
63236	4.786286646805138e-03	4.786300923226385e-03
65085	4.673374116893947e-03	4.677351412871981e-03
68394	4.557490782080231e-03	4.570881896148752e-03
73075	4.466292129628346e-03	4.466835921509630e-03
81010	4.362676355394224e-03	4.365158322401661e-03
82298	4.260939860404767e-03	4.265795188015926e-03
83959	4.165288131580458e-03	4.168693834703355e-03
90200	4.073592821214778e-03	4.073802778041126e-03
96487	3.979107027697104e-03	3.981071705534973e-03
109827	3.890400376754144e-03	3.890451449942805e-03
128986	3.785876281592659e-03	3.801893963205613e-03
135906	3.707282883294694e-03	3.715352290971724e-03
143436	3.582416301384228e-03	3.630780547701014e-03
153495	3.533549007436410e-03	3.548133892335753e-03
165965	3.460815295408537e-03	3.467368504525317e-03
180001	3.398009100421207e-03	3.467368504525317e-03
%
% index = 1390, name = bbob_f013_i23_d03__bbob_f017_i24_d03
% instance = 11, reference value = 1.000000000000000e+00
% function evaluation | indicator value | target hit
1	9.045472099391023e-01	9.120108393559098e-01
7	8.894508882712517e-01	8.912509381337456e-01
24	8.243356425370989e-01	8.317637711026710e-01
36	7.925525064194053e-01	7.943282347242815e-01
43	6.973259149225817e-01	7.079457843841379e-01
48	6.725587785083045e-01	6.760829753919817e-01
52	6.598688822473365e-01	6.606934480075960e-01
53	6.419076800133672e-01	6.456542290346555e-01
57	6.195229687830386e-01	6.309573444801932e-01
85	4.948299113066775e-01	5.011872336272722e-01
90	4.566298006005242e-01	4.570881896148750e-01
118	4.392407598162741e-01	4.466835921509631e-01
162	3.971579717218857e-01	3.981071705534972e-01
187	3.756489754805303e-01	3.801893963205612e-01
189	3.662616154856708e-01	3.715352290971726e-01
240	3.630103014458024e-01	3.630780547701014e-01
269	3.410743060047162e-01	3.467368504525316e-01
325	3.383373594260958e-01	3.388441561392025e-01
346	3.250191983402304e-01	3.311311214825911e-01
349	3.229467334592172e-01	3.235936569296283e-01
396	2.853596413601582e-01	2.884031503126606e-01
492	2.743822847382450e-01	2.754228703338166e-01
584	2.680505595059774e-01	2.691534803926916e-01
701	2.610199863737580e-01	2.630267991895382e-01
716	2.547870801933961e-01	2.570395782768864e-01
781	2.503790596408009e-01	2.511886431509580e-01
820	2.451622551401256e-01	2.454708915685030e-01
879	2.396340332942644e-01	2.398832919019490e-01
978	2.320206316839306e-01	2.344228815319922e-01
1210	2.289712089750844e-01	2.290867652767773e-01
1246	2.228403370502351e-01	2.238721138568339e-01
1325	2.185713275671178e-01	2.187761623949552e-01
1386	2.136049598349028e-01	2.137962089502232e-01
1708	2.086392268666317e-01	2.089296130854039e-01
1835	2.025980928006577e-01	2.041737944669530e-01
1943	1.994482979551301e-01	1.995262314968880e-01
2202	1.949238615232268e-01	1.949844599758045e-01
2711	1.875219158166733e-01	1.905460717963247e-01
2803	1.857914937584856e-01	1.862087136662867e-01
3146	1.819242486072473e-01	1.819700858609984e-01
3718	1.775702731537853e-01	1.778279410038923e-01
4139	1.737611922013231e-01	1.737800828749375e-01
7990	1.693778649873333e-01	1.698243652461744e-01
13586	1.654761755837065e-01	1.659586907437560e-01
85330	1.620264152540449e-01	1.621810097358930e-01
183079	1.604197558658047e-01	1.621810097358930e-01
%
% index = 1391, name = bbob_f013_i25_d03__bbob_f017_i26_d03
% instance = 12, reference value = 1.000000000000000e+00
% function evaluation | indicator value | target hit
1	6.913577386498275e-01	6.918309709189365e-01
113	6.345588015637853e-01	6.456542290346555e-01
138	6.261199513263638e-01	6.309573444801932e-01
139	3.359434495761444e-01	3.388441561392025e-01
165	2.611185859121257e-01	2.630267991895382e-01
182	2.535463232407660e-01	2.570395782768864e-01
246	2.256168730624011e-01	2.290867652767773e-01
261	2.142983919683671e-01	2.187761623949552e-01
273	2.122114755043981e-01	2.137962089502232e-01
328	2.082280187551652e-01	2.089296130854039e-01
345	1.934928464304915e-01	1.949844599758045e-01
380	1.903408669470064e-01	1.905460717963247e-01
402	1.839180613722294e-01	1.862087136662867e-01
423	1.701158788078655e-01	1.737800828749375e-01
431	1.691317307117263e-01	1.698243652461744e-01
448	1.649856154461984e-01	1.659586907437560e-01
452	1.543058916435288e-01	1.548816618912481e-01
468	1.499932699512678e-01	1.513561248436208e-01
470	1.472524933516292e-01	1.479108388168208e-01
524	1.338770403647829e-01	1.348962882591654e-01
549	1.313155547277987e-01	1.318256738556407e-01
569	1.153562381881346e-01	1.174897554939529e-01
576	1.134800704515410e-01	1.148153621496883e-01
600	1.106085380244868e-01	1.122018454301964e-01
634	9.945677717006063e-02	1.000000000000000e-01
703	9.759792079570673e-02	9.772372209558107e-02
732	9.208318215234645e-02	9.332543007969910e-02
748	9.051973298145477e-02	9.120108393559097e-02
773	8.732319991773918e-02	8.912509381337455e-02
784	8.677776953482630e-02	8.709635899560805e-02
846	8.091886632586875e-02	8.128305161640990e-02
908	7.829069133108080e-02	7.943282347242814e-02
912	7.677442122455413e-02	7.762471166286916e-02
957	7.352126922118618e-02	7.413102413009177e-02
997	7.166729150581264e-02	7.244359600749903e-02
1053	6.935263371213662e-02	7.079457843841380e-02
1063	6.732311247175016e-02	6.760829753919818e-02
1157	6.601693548853038e-02	6.606934480075961e-02
1407	6.385279692692336e-02	6.456542290346556e-02
1490	6.305934412132919e-02	6.309573444801933e-02
1599	5.697801503933864e-02	5.754399373371569e-02
1653	5.620120408798623e-02	5.623413251903491e-02
1831	5.334272350731328e-02	5.370317963702527e-02
1857	4.996062341957541e-02	5.011872336272722e-02
2015	4.758625625068680e-02	4.786300923226382e-02
2404	4.664465661757755e-02	4.677351412871981e-02
2436	4.559018507091162e-02	4.570881896148749e-02
2954	4.465833811069786e-02	4.466835921509630e-02
3815	4.342088183649440e-02	4.365158322401658e-02
3915	4.239810806822908e-02	4.265795188015926e-02
4163	4.164488647701114e-02	4.168693834703355e-02
5828	4.068091923023387e-02	4.073802778041128e-02
6487	3.954439808165844e-02	3.981071705534973e-02
7962	3.890149432166801e-02	3.890451449942807e-02
12863	3.796385046423634e-02	3.801893963205612e-02
26272	3.715071377439860e-02	3.715352290971726e-02
67779	3.624891128228891e-02	3.630780547701014e-02
167050	3.547018316146822e-02	3.548133892335755e-02
180000	3.520552456872728e-02	3.548133892335755e-02
%
% index = 1392, name = bbob_f013_i27_d03__bbob_f017_i28_d03
% instance = 13, reference value = 1.000000000000000e+00
% function evaluation | indicator value | target hit
1	6.512095043645090e-01	6.606934480075960e-01
8	6.165686785366118e-01	6.165950018614822e-01
24	3.685698330588183e-01	3.715352290971726e-01
37	3.368052037946292e-01	3.388441561392025e-01
110	3.257217641264619e-01	3.311311214825911e-01
129	3.179276339096068e-01	3.235936569296283e-01
145	3.054624220525842e-01	3.090295432513591e-01
156	2.931307861314415e-01	2.951209226666385e-01
216	2.754006391285146e-01	2.754228703338166e-01
267	2.670006100473693e-01	2.691534803926916e-01
271	2.562829916294361e-01	2.570395782768864e-01
468	2.508300897831606e-01	2.511886431509580e-01
498	2.383180271842771e-01	2.398832919019490e-01
560	2.336863222297698e-01	2.344228815319922e-01
692	2.274894369951163e-01	2.290867652767773e-01
746	2.207269430180314e-01	2.238721138568339e-01
780	2.156077773402187e-01	2.187761623949552e-01
887	2.117072894278399e-01	2.137962089502232e-01
907	2.071702486770964e-01	2.089296130854039e-01
971	1.690053937334225e-01	1.698243652461744e-01
1074	1.657899306687586e-01	1.659586907437560e-01
1114	1.570411463379621e-01	1.584893192461113e-01
1126	1.544058495652347e-01	1.548816618912481e-01
1345	1.508050529693248e-01	1.513561248436208e-01
1553	1.452120959504118e-01	1.479108388168208e-01
1650	1.426689070470706e-01	1.445439770745928e-01
1768	1.410102248025723e-01	1.412537544622754e-01
2241	1.370489192409879e-01	1.380384264602885e-01
2943	1.347700190582117e-01	1.348962882591654e-01
3565	1.313796096258300e-01	1.318256738556407e-01
3799	1.285922457017433e-01	1.288249551693134e-01
4008	1.257212324520941e-01	1.258925411794167e-01
5389	1.227708655341075e-01	1.230268770812381e-01
5465	1.083339081831116e-01	1.096478196143185e-01
6322	1.060353511142824e-01	1.071519305237607e-01
6656	1.046879289892194e-01	1.047128548050900e-01
7216	9.509878985346232e-02	9.549925860214359e-02
9477	9.095124991539272e-02	9.120108393559097e-02
10484	8.912457073545832e-02	8.912509381337455e-02
16947	8.601228717771392e-02	8.709635899560805e-02
20323	8.399465762335034e-02	8.511380382023763e-02
25205	8.313565399960343e-02	8.317637711026708e-02
35896	8.127966435170486e-02	8.128305161640990e-02
100921	7.940510476415064e-02	7.943282347242814e-02
180001	7.885740382284046e-02	7.943282347242814e-02
%
% index = 1393, name = bbob_f013_i29_d03__bbob_f017_i30_d03
% instance = 14, reference value = 1.000000000000000e+00
% function evaluation | indicator value | target hit
1	3.189175127924219e+00	3.235936569296283e+00
22	2.614992065881776e+00	2.630267991895382e+00
30	1.940882830424500e+00	1.949844599758045e+00
85	1.822280094152000e+00	1.862087136662868e+00
171	1.443218010394500e+00	1.445439770745927e+00
179	1.380079820303500e+00	1.380384264602885e+00
208	1.113234104670000e+00	1.122018454301963e+00
365	9.092068361752371e-01	9.120108393559098e-01
383	8.818761861565056e-01	8.912509381337456e-01
577	8.573443374734105e-01	8.709635899560807e-01
584	8.016139203012952e-01	8.128305161640993e-01
586	7.913907471005281e-01	7.943282347242815e-01
600	7.704993149483357e-01	7.762471166286917e-01
634	7.392498381564768e-01	7.413102413009175e-01
637	6.728964305916179e-01	6.760829753919817e-01
706	6.605974108936860e-01	6.606934480075960e-01
707	6.419893571015185e-01	6.456542290346555e-01
714	4.080647064531366e-01	4.168693834703354e-01
755	4.064314832522342e-01	4.073802778041127e-01
827	3.264432449694741e-01	3.311311214825911e-01
883	3.072913028159949e-01	3.090295432513591e-01
884	3.014124913551045e-01	3.019951720402016e-01
919	2.932665724904109e-01	2.951209226666385e-01
986	2.830706562649228e-01	2.884031503126606e-01
987	2.680549854826932e-01	2.691534803926916e-01
997	2.599176665257052e-01	2.630267991895382e-01
1001	2.357563117112713e-01	2.398832919019490e-01
1021	2.343667474822989e-01	2.344228815319922e-01
1103	2.288068745758058e-01	2.290867652767773e-01
1221	2.096027689783989e-01	2.137962089502232e-01
1282	2.087679350696108e-01	2.089296130854039e-01
1413	2.037990555442848e-01	2.041737944669530e-01
1460	1.989430903610361e-01	1.995262314968880e-01
1826	1.947557392217593e-01	1.949844599758045e-01
2133	1.863960452696356e-01	1.905460717963247e-01
2231	1.862078248333304e-01	1.862087136662867e-01
2958	1.816768552887849e-01	1.819700858609984e-01
4207	1.776222436616751e-01	1.778279410038923e-01
20223	1.736377736888384e-01	1.737800828749375e-01
87622	1.697280812489745e-01	1.698243652461744e-01
103331	1.659567336447139e-01	1.659586907437560e-01
128303	1.621443572039878e-01	1.621810097358930e-01
130571	1.580158241889487e-01	1.584893192461113e-01
131055	1.535028482225025e-01	1.548816618912481e-01
131959	1.505677575060257e-01	1.513561248436208e-01
138106	1.478243342844107e-01	1.479108388168208e-01
180000	1.456898878913306e-01	1.479108388168208e-01
%
% index = 1394, name = bbob_f013_i31_d03__bbob_f017_i34_d03
% instance = 15, reference value = 1.000000000000000e+00
% function evaluation | indicator value | target hit
1	6.428349616533120e-01	6.456542290346555e-01
11	6.307826160482204e-01	6.309573444801932e-01
30	5.852608907295509e-01	5.888436553555889e-01
68	5.705627101486748e-01	5.754399373371569e-01
76	5.622452848237799e-01	5.623413251903491e-01
83	5.024023744982576e-01	5.128613839913648e-01
90	5.011731532797066e-01	5.011872336272722e-01
109	4.450990960551381e-01	4.466835921509631e-01
211	4.359079639411619e-01	4.365158322401660e-01
212	4.030656969071249e-01	4.073802778041127e-01
213	3.836735869256380e-01	3.890451449942806e-01
219	3.726960591814716e-01	3.801893963205612e-01
254	3.675122672378672e-01	3.715352290971726e-01
258	3.603265077394702e-01	3.630780547701014e-01
275	3.395259302567453e-01	3.467368504525316e-01
314	3.384686266530216e-01	3.388441561392025e-01
316	3.301571917986759e-01	3.311311214825911e-01
404	3.215076928150143e-01	3.235936569296283e-01
460	3.138443497263743e-01	3.162277660168379e-01
542	3.030671450957590e-01	3.090295432513591e-01
543	3.013918760540236e-01	3.019951720402016e-01
575	2.923576724178705e-01	2.951209226666385e-01
621	2.843174091740504e-01	2.884031503126606e-01
625	2.802732787674660e-01	2.818382931264454e-01
805	2.754094271765161e-01	2.754228703338166e-01
841	2.650701836723665e-01	2.691534803926916e-01
904	2.628709281564398e-01	2.630267991895382e-01
971	2.553915247324454e-01	2.570395782768864e-01
1002	2.511440158570687e-01	2.511886431509580e-01
1108	2.453656154658367e-01	2.454708915685030e-01
1412	2.375807633804301e-01	2.398832919019490e-01
1468	2.343722449703909e-01	2.344228815319922e-01
1588	2.287463227464027e-01	2.290867652767773e-01
1761	2.225961089923979e-01	2.238721138568339e-01
1875	2.176838473785040e-01	2.187761623949552e-01
2118	2.136203291781090e-01	2.137962089502232e-01
2213	2.072303351244951e-01	2.089296130854039e-01
2338	2.039921476677710e-01	2.041737944669530e-01
2555	1.994916629378733e-01	1.995262314968880e-01
2945	1.943932439021240e-01	1.949844599758045e-01
3096	1.867990154500335e-01	1.905460717963247e-01
3406	1.832517173983798e-01	1.862087136662867e-01
3407	1.813461758971496e-01	1.819700858609984e-01
3978	1.771872123630086e-01	1.778279410038923e-01
4884	1.733613363178749e-01	1.737800828749375e-01
7881	1.698239309933507e-01	1.698243652461744e-01
29716	1.659583169892640e-01	1.659586907437560e-01
180000	1.642543336483628e-01	1.659586907437560e-01
