%
% index = 1125, name = bbob_f006_i02_d03__bbob_f008_i04_d03
% instance = 1, reference value = 9.115437288636800e-01
% function evaluation | indicator value | target hit
1	1.559607964139180e+00	1.584893192461114e+00
20	1.464582717404180e+00	1.479108388168207e+00
43	1.293529374903680e+00	1.318256738556407e+00
44	9.012651927615838e-01	9.120108393559098e-01
63	7.753066702112624e-01	7.762471166286917e-01
71	6.760336222106212e-01	6.760829753919817e-01
145	6.224639889711189e-01	6.309573444801932e-01
167	5.993437695893238e-01	6.025595860743578e-01
208	5.816868914706779e-01	5.888436553555889e-01
269	5.710084778251746e-01	5.754399373371569e-01
330	5.469317397534412e-01	5.495408738576245e-01
361	5.363113566180762e-01	5.370317963702527e-01
1202	5.147803373218249e-01	5.248074602497725e-01
1307	5.101057116365650e-01	5.128613839913648e-01
1321	4.696555592118141e-01	4.786300923226383e-01
1852	4.365593866196838e-01	4.466835921509631e-01
1861	4.356809600561637e-01	4.365158322401660e-01
2476	3.795630562997312e-01	3.801893963205612e-01
2623	3.570414250164593e-01	3.630780547701014e-01
2768	3.545812683176514e-01	3.548133892335755e-01
3055	3.362487209878028e-01	3.388441561392025e-01
3819	3.305679264904114e-01	3.311311214825911e-01
11530	3.235911767423061e-01	3.235936569296283e-01
17048	3.089041309468862e-01	3.090295432513591e-01
53143	3.007569706638902e-01	3.019951720402016e-01
81237	2.940810347911595e-01	2.951209226666385e-01
180001	2.914497055801187e-01	2.951209226666385e-01
%
% index = 1126, name = bbob_f006_i03_d03__bbob_f008_i05_d03
% instance = 2, reference value = 9.807847057945011e-01
% function evaluation | indicator value | target hit
1	1.068506123684850e+01	1.071519305237607e+01
6	6.767078013835731e+00	6.918309709189364e+00
54	4.226730284082000e+00	4.265795188015927e+00
70	6.474608572846781e-01	6.606934480075960e-01
85	5.790708779360333e-01	5.888436553555889e-01
110	5.370448869564581e-01	5.495408738576245e-01
121	5.283102084795605e-01	5.370317963702527e-01
136	5.244995320175152e-01	5.248074602497725e-01
167	5.087088972061834e-01	5.128613839913648e-01
256	4.925255972202164e-01	5.011872336272722e-01
259	4.351855963657567e-01	4.365158322401660e-01
262	3.939555726475567e-01	3.981071705534972e-01
264	3.774926593104172e-01	3.801893963205612e-01
265	2.906836930475849e-01	2.951209226666385e-01
271	2.859712901933736e-01	2.884031503126606e-01
291	2.712529752665508e-01	2.754228703338166e-01
318	2.322866485095407e-01	2.344228815319922e-01
397	1.837398154237181e-01	1.862087136662867e-01
424	1.601597552173787e-01	1.621810097358930e-01
457	1.442112857507454e-01	1.445439770745928e-01
552	1.382630454841125e-01	1.412537544622754e-01
554	1.378665097028122e-01	1.380384264602885e-01
579	1.343882612921248e-01	1.348962882591654e-01
582	1.138234096916145e-01	1.148153621496883e-01
589	1.103699934943168e-01	1.122018454301964e-01
614	1.084616474846329e-01	1.096478196143185e-01
642	7.619940076138731e-02	7.762471166286916e-02
654	7.401259913214642e-02	7.413102413009177e-02
770	6.442318354255849e-02	6.456542290346556e-02
796	5.875232989029633e-02	5.888436553555890e-02
800	5.710527308631486e-02	5.754399373371569e-02
810	5.364950474113128e-02	5.370317963702527e-02
814	5.194950312757118e-02	5.248074602497726e-02
862	5.066226593754353e-02	5.128613839913648e-02
870	4.423808467293378e-02	4.466835921509630e-02
884	4.259441615940884e-02	4.265795188015926e-02
911	4.167431533417898e-02	4.168693834703355e-02
913	3.871484898785160e-02	3.890451449942807e-02
934	3.450180532470848e-02	3.467368504525317e-02
942	2.983664879409109e-02	3.019951720402016e-02
997	2.949076653768889e-02	2.951209226666385e-02
1014	2.882689661456472e-02	2.884031503126606e-02
1035	2.687725628616255e-02	2.691534803926915e-02
1078	2.541962047634871e-02	2.570395782768863e-02
1131	2.249404629240270e-02	2.290867652767773e-02
1135	2.205446884788231e-02	2.238721138568340e-02
1156	2.178544018731077e-02	2.187761623949553e-02
1169	1.956201267253233e-02	1.995262314968880e-02
1189	1.921829382845353e-02	1.949844599758046e-02
1190	1.860900873857241e-02	1.862087136662868e-02
1204	1.726650181586920e-02	1.737800828749375e-02
1206	1.666758786674338e-02	1.698243652461744e-02
1213	1.653631975599490e-02	1.659586907437561e-02
1218	1.564595486385401e-02	1.584893192461113e-02
1247	1.535496960941451e-02	1.548816618912481e-02
1252	1.458868705843241e-02	1.479108388168207e-02
1292	1.417870149410072e-02	1.445439770745927e-02
1313	1.379813175220146e-02	1.380384264602885e-02
1325	1.339585705782043e-02	1.348962882591653e-02
1362	1.315298748278093e-02	1.318256738556407e-02
1375	1.283183987616354e-02	1.288249551693134e-02
1554	1.238264280883772e-02	1.258925411794167e-02
1578	1.220454136711158e-02	1.230268770812382e-02
1585	7.374128628344079e-03	7.413102413009177e-03
1612	7.231775009244656e-03	7.244359600749898e-03
1627	7.076690386352391e-03	7.079457843841380e-03
1631	6.527773668438042e-03	6.606934480075957e-03
1649	6.437237902225723e-03	6.456542290346556e-03
1668	6.306882259219493e-03	6.309573444801930e-03
1696	6.091063730999879e-03	6.165950018614822e-03
1715	6.023484602983631e-03	6.025595860743574e-03
1716	5.805460693221964e-03	5.888436553555890e-03
1723	5.753935032291491e-03	5.754399373371567e-03
2036	5.623025948898186e-03	5.623413251903491e-03
2051	5.472596882234892e-03	5.495408738576248e-03
2074	5.339186265700957e-03	5.370317963702527e-03
2110	5.238718011762011e-03	5.248074602497728e-03
2165	5.107103795792267e-03	5.128613839913648e-03
2221	5.000480823252329e-03	5.011872336272725e-03
2673	4.895607635731825e-03	4.897788193684461e-03
2688	3.682557602161296e-03	3.715352290971724e-03
2697	3.610820404625126e-03	3.630780547701014e-03
2722	3.542480198680198e-03	3.548133892335753e-03
2741	3.400071634862889e-03	3.467368504525317e-03
2756	3.373840905114167e-03	3.388441561392024e-03
2808	3.300810517841479e-03	3.311311214825911e-03
2847	3.192365477259651e-03	3.235936569296281e-03
3468	3.155376173028746e-03	3.162277660168379e-03
3510	3.017208019583606e-03	3.019951720402016e-03
3553	2.950079154146246e-03	2.951209226666387e-03
3585	2.882278262590465e-03	2.884031503126605e-03
3651	2.816499740112444e-03	2.818382931264455e-03
3661	2.685948366362267e-03	2.691534803926917e-03
3718	2.623017647005677e-03	2.630267991895381e-03
3733	2.563277642335104e-03	2.570395782768865e-03
3820	2.511594246484394e-03	2.511886431509579e-03
4956	2.454677962977936e-03	2.454708915685031e-03
5088	2.390978188336890e-03	2.398832919019490e-03
5201	2.336625268273607e-03	2.344228815319923e-03
6756	2.290518236424122e-03	2.290867652767772e-03
6984	2.167466688710262e-03	2.187761623949552e-03
8934	2.137629168440736e-03	2.137962089502233e-03
9335	2.089262765988642e-03	2.089296130854039e-03
12399	2.041236950948377e-03	2.041737944669530e-03
16905	1.995239120993642e-03	1.995262314968879e-03
23604	1.949646057477938e-03	1.949844599758046e-03
34929	1.905456464616595e-03	1.905460717963246e-03
61863	1.862083079821053e-03	1.862087136662868e-03
180000	1.850173996172044e-03	1.862087136662868e-03
%
% index = 1127, name = bbob_f006_i07_d03__bbob_f008_i08_d03
% instance = 3, reference value = 9.689543203231920e-01
% function evaluation | indicator value | target hit
1	1.738481993545192e+00	1.778279410038923e+00
12	1.673248512497192e+00	1.698243652461744e+00
16	1.017452067227192e+00	1.023292992280754e+00
53	9.239381894544395e-01	9.332543007969910e-01
65	3.915481426854183e-01	3.981071705534972e-01
85	3.754691932653321e-01	3.801893963205612e-01
113	3.611130085076044e-01	3.630780547701014e-01
120	1.803371418162470e-01	1.819700858609984e-01
123	1.600568045480162e-01	1.621810097358930e-01
124	1.567015902488363e-01	1.584893192461113e-01
133	1.371349003109442e-01	1.380384264602885e-01
135	1.342204758810132e-01	1.348962882591654e-01
156	1.314577039921562e-01	1.318256738556407e-01
180	1.266324216733135e-01	1.288249551693134e-01
186	6.131533790477073e-02	6.165950018614822e-02
187	5.416911538930935e-02	5.495408738576246e-02
193	5.305023808140463e-02	5.370317963702527e-02
220	5.207942626783535e-02	5.248074602497726e-02
240	3.971719075643465e-02	3.981071705534973e-02
241	3.645819596326716e-02	3.715352290971726e-02
263	3.574150249949737e-02	3.630780547701014e-02
268	3.540448316938749e-02	3.548133892335755e-02
286	3.464553955228544e-02	3.467368504525317e-02
291	3.225087048278685e-02	3.235936569296283e-02
297	3.147538303480302e-02	3.162277660168379e-02
305	2.555477387834781e-02	2.570395782768863e-02
307	2.241553786345074e-02	2.290867652767773e-02
324	2.204488440828711e-02	2.238721138568340e-02
338	1.809882518380113e-02	1.819700858609984e-02
340	1.761304591582091e-02	1.778279410038923e-02
343	1.499966415775944e-02	1.513561248436208e-02
345	1.425748178020847e-02	1.445439770745927e-02
347	1.388621956888858e-02	1.412537544622754e-02
367	1.375381526030595e-02	1.380384264602885e-02
380	1.301869831038438e-02	1.318256738556407e-02
381	1.199027239737549e-02	1.202264434617413e-02
393	1.009994555599758e-02	1.023292992280754e-02
401	8.296039295712987e-03	8.317637711026709e-03
412	8.023517939129254e-03	8.128305161640995e-03
413	7.751849073384443e-03	7.762471166286920e-03
414	7.543363890016197e-03	7.585775750291836e-03
416	7.382915142161495e-03	7.413102413009177e-03
424	7.103911526195383e-03	7.244359600749898e-03
438	7.073242130810287e-03	7.079457843841380e-03
467	6.869244876217540e-03	6.918309709189363e-03
485	6.757920535693906e-03	6.760829753919818e-03
491	6.594546974477034e-03	6.606934480075957e-03
517	6.443457594447199e-03	6.456542290346556e-03
523	6.290117901666004e-03	6.309573444801930e-03
532	5.873382410160888e-03	5.888436553555890e-03
535	5.485908264952100e-03	5.495408738576248e-03
552	5.345617286052318e-03	5.370317963702527e-03
583	5.171816150719821e-03	5.248074602497728e-03
592	4.928607537302954e-03	5.011872336272725e-03
598	4.673071637221415e-03	4.677351412871981e-03
828	4.558923947369009e-03	4.570881896148752e-03
846	4.466278532167745e-03	4.466835921509630e-03
868	4.357066474923621e-03	4.365158322401661e-03
902	4.258930069056532e-03	4.265795188015926e-03
915	3.664608655345125e-03	3.715352290971724e-03
916	3.624861238722188e-03	3.630780547701014e-03
953	3.540067624257515e-03	3.548133892335753e-03
991	3.312962699604238e-03	3.388441561392024e-03
998	3.302542978663281e-03	3.311311214825911e-03
1319	3.213699638785594e-03	3.235936569296281e-03
1337	3.159157659473166e-03	3.162277660168379e-03
1372	3.019336492710911e-03	3.019951720402016e-03
1391	2.758531451342194e-03	2.818382931264455e-03
1395	2.744918414750219e-03	2.754228703338166e-03
1416	2.690401583321012e-03	2.691534803926917e-03
1462	2.599271452547347e-03	2.630267991895381e-03
1470	2.567102692095591e-03	2.570395782768865e-03
1494	2.483644110041872e-03	2.511886431509579e-03
1925	2.453983260252368e-03	2.454708915685031e-03
1981	2.308852827738184e-03	2.344228815319923e-03
1996	2.276277033947061e-03	2.290867652767772e-03
2016	2.144756219469635e-03	2.187761623949552e-03
2040	2.134333336886285e-03	2.137962089502233e-03
2072	2.084702040607844e-03	2.089296130854039e-03
2076	1.997062006839800e-03	2.041737944669530e-03
2078	1.966478469307531e-03	1.995262314968879e-03
2080	1.939156983670975e-03	1.949844599758046e-03
2082	1.853972865707765e-03	1.862087136662868e-03
2144	1.816464404380769e-03	1.819700858609983e-03
2164	1.719968539368288e-03	1.737800828749376e-03
2182	1.658055927771906e-03	1.659586907437561e-03
2195	1.559719682939997e-03	1.584893192461114e-03
2203	1.540632707430212e-03	1.548816618912481e-03
2219	1.511405965475388e-03	1.513561248436209e-03
2234	1.478531955815598e-03	1.479108388168207e-03
2262	1.411686557170277e-03	1.412537544622754e-03
2284	1.361899508617537e-03	1.380384264602885e-03
2302	1.087442926688609e-03	1.096478196143185e-03
2311	1.066118680521977e-03	1.071519305237606e-03
2986	1.042384685384534e-03	1.047128548050900e-03
3011	1.004144949769969e-03	1.023292992280754e-03
3013	9.970518683751761e-04	1.000000000000000e-03
3024	9.614510055485637e-04	9.772372209558111e-04
3026	9.489349719455920e-04	9.549925860214359e-04
3042	9.319793738002957e-04	9.332543007969915e-04
3073	9.105715508325174e-04	9.120108393559096e-04
3102	8.872149340166668e-04	8.912509381337459e-04
3114	8.682009243566879e-04	8.709635899560805e-04
3134	8.506564834495078e-04	8.511380382023768e-04
3198	8.268725612311512e-04	8.317637711026709e-04
3229	8.065508220259643e-04	8.128305161640995e-04
3253	7.930176328421190e-04	7.943282347242813e-04
3258	7.748343335698404e-04	7.762471166286919e-04
3279	7.533676059447991e-04	7.585775750291835e-04
3291	7.367204593146104e-04	7.413102413009177e-04
3296	7.235339548772313e-04	7.244359600749898e-04
3335	7.076254913515045e-04	7.079457843841380e-04
3372	6.891799843151691e-04	6.918309709189362e-04
4405	6.747538576902246e-04	6.760829753919819e-04
4440	6.363588526556718e-04	6.456542290346556e-04
4445	6.273108423977547e-04	6.309573444801930e-04
4462	6.146462928344754e-04	6.165950018614823e-04
4506	6.024835892698421e-04	6.025595860743575e-04
4533	5.869744101878460e-04	5.888436553555889e-04
4576	5.749905653170684e-04	5.754399373371566e-04
4607	5.504378354972417e-04	5.623413251903491e-04
4620	5.486952996531791e-04	5.495408738576248e-04
4654	5.365254074660708e-04	5.370317963702527e-04
4683	5.246887734835504e-04	5.248074602497728e-04
4736	5.128333804118590e-04	5.128613839913648e-04
4744	5.010930688288395e-04	5.011872336272725e-04
4763	4.896534281449982e-04	4.897788193684461e-04
6238	4.777523899084368e-04	4.786300923226385e-04
6263	4.676986074299005e-04	4.677351412871981e-04
6290	4.570350126786860e-04	4.570881896148752e-04
6322	4.466505530902332e-04	4.466835921509630e-04
6352	4.361948981722596e-04	4.365158322401661e-04
6398	4.253396756114247e-04	4.265795188015926e-04
6431	4.168093161561748e-04	4.168693834703355e-04
6490	4.071292836784757e-04	4.073802778041126e-04
6516	3.976631809384790e-04	3.981071705534974e-04
6573	3.868962303600343e-04	3.890451449942805e-04
6588	3.785733773996602e-04	3.801893963205612e-04
6635	3.712282940838696e-04	3.715352290971724e-04
6691	3.627053373536082e-04	3.630780547701014e-04
6717	3.540943701236809e-04	3.548133892335753e-04
6757	3.462770904282264e-04	3.467368504525317e-04
8939	3.387666203298334e-04	3.388441561392024e-04
8998	3.273483717048942e-04	3.311311214825911e-04
9051	3.229850459960382e-04	3.235936569296281e-04
9103	3.159514296492416e-04	3.162277660168379e-04
9174	3.089053131831720e-04	3.090295432513592e-04
9249	3.015894088574944e-04	3.019951720402016e-04
9324	2.950871099053343e-04	2.951209226666387e-04
9373	2.826189423915659e-04	2.884031503126605e-04
9383	2.814411223087676e-04	2.818382931264455e-04
9463	2.741293953772983e-04	2.754228703338166e-04
9501	2.688326178571510e-04	2.691534803926917e-04
9588	2.622964279619389e-04	2.630267991895381e-04
9652	2.551112929681798e-04	2.570395782768865e-04
9689	2.505258748355388e-04	2.511886431509580e-04
12678	2.454483122619200e-04	2.454708915685031e-04
12748	2.398569626259617e-04	2.398832919019490e-04
12835	2.338609233911715e-04	2.344228815319923e-04
12899	2.288157678431713e-04	2.290867652767772e-04
12954	2.238401268676027e-04	2.238721138568340e-04
12987	2.185390397950737e-04	2.187761623949552e-04
13063	2.136005224631088e-04	2.137962089502232e-04
13153	2.088558198978241e-04	2.089296130854039e-04
13266	2.041539698969252e-04	2.041737944669530e-04
13380	1.994483224440069e-04	1.995262314968879e-04
13504	1.942729832172807e-04	1.949844599758046e-04
13602	1.897097668239756e-04	1.905460717963246e-04
17695	1.861110873722094e-04	1.862087136662868e-04
17813	1.819417378341459e-04	1.819700858609983e-04
17954	1.777786690658756e-04	1.778279410038923e-04
17981	1.736540112698970e-04	1.737800828749376e-04
18096	1.698241730934136e-04	1.698243652461744e-04
18206	1.659547794212735e-04	1.659586907437562e-04
18370	1.621558789761668e-04	1.621810097358930e-04
18470	1.584457189359734e-04	1.584893192461114e-04
18616	1.542897562818446e-04	1.548816618912481e-04
18758	1.510898408121353e-04	1.513561248436209e-04
18896	1.476821279761120e-04	1.479108388168207e-04
19029	1.445251445442164e-04	1.445439770745928e-04
24606	1.412094786183982e-04	1.412537544622754e-04
24762	1.380028065186556e-04	1.380384264602885e-04
24930	1.347071427629798e-04	1.348962882591653e-04
25148	1.317894374549544e-04	1.318256738556407e-04
25337	1.287399662803779e-04	1.288249551693134e-04
25552	1.258892207693929e-04	1.258925411794167e-04
25678	1.230148541244702e-04	1.230268770812381e-04
25860	1.202224756002845e-04	1.202264434617413e-04
26099	1.174856039348748e-04	1.174897554939529e-04
26310	1.148055300411732e-04	1.148153621496883e-04
28372	1.115626980608964e-04	1.122018454301963e-04
34165	1.096454771843947e-04	1.096478196143185e-04
34308	1.071464991702076e-04	1.071519305237606e-04
34531	1.047043262328851e-04	1.047128548050900e-04
34674	1.022657972579166e-04	1.023292992280754e-04
34885	9.967406059396833e-05	1.000000000000000e-04
35095	9.771094979371675e-05	9.772372209558111e-05
35323	9.523412734513403e-05	9.549925860214369e-05
35553	9.330990059386313e-05	9.332543007969905e-05
35895	9.118341249858553e-05	9.120108393559096e-05
36233	8.875375049754997e-05	8.912509381337459e-05
36426	8.708842917415360e-05	8.709635899560814e-05
36782	8.509758946062540e-05	8.511380382023759e-05
37170	8.307164323051452e-05	8.317637711026709e-05
37605	8.127902311938495e-05	8.128305161640995e-05
37800	7.937756829123899e-05	7.943282347242822e-05
38143	7.744849211022142e-05	7.762471166286911e-05
38570	7.573576574593233e-05	7.585775750291836e-05
39024	7.409098654109769e-05	7.413102413009176e-05
39507	7.241658412682206e-05	7.244359600749906e-05
40029	7.077276805766974e-05	7.079457843841373e-05
40520	6.918145178991253e-05	6.918309709189363e-05
41107	6.760510441372602e-05	6.760829753919819e-05
41801	6.606675124709582e-05	6.606934480075965e-05
42314	6.456152697154049e-05	6.456542290346549e-05
43089	6.309526934156207e-05	6.309573444801929e-05
43696	6.165591164120077e-05	6.165950018614822e-05
44379	6.022469719668688e-05	6.025595860743581e-05
45129	5.876607398369593e-05	5.888436553555884e-05
45752	5.753723722246029e-05	5.754399373371566e-05
45919	5.623050208369840e-05	5.623413251903491e-05
46786	5.492840940257704e-05	5.495408738576248e-05
47555	5.369673477428893e-05	5.370317963702532e-05
48116	5.248054171358429e-05	5.248074602497723e-05
48971	5.128511551089066e-05	5.128613839913648e-05
49935	5.011046450253964e-05	5.011872336272725e-05
51080	4.897211358612097e-05	4.897788193684466e-05
52104	4.786211843454957e-05	4.786300923226380e-05
53249	4.677189729795916e-05	4.677351412871981e-05
56065	4.570649151280914e-05	4.570881896148752e-05
57198	4.466724062901495e-05	4.466835921509635e-05
58326	4.364949473611990e-05	4.365158322401657e-05
59457	4.265538498582355e-05	4.265795188015926e-05
60749	4.168268176640844e-05	4.168693834703355e-05
61983	4.073801633897034e-05	4.073802778041130e-05
63257	3.981056091195700e-05	3.981071705534969e-05
64842	3.890412653184683e-05	3.890451449942805e-05
66296	3.799602987741846e-05	3.801893963205612e-05
67958	3.715333634835005e-05	3.715352290971728e-05
69750	3.630679649713198e-05	3.630780547701010e-05
71944	3.547944485582377e-05	3.548133892335753e-05
74251	3.467308460558538e-05	3.467368504525317e-05
77036	3.388370572354749e-05	3.388441561392028e-05
79360	3.310667485290075e-05	3.311311214825908e-05
82455	3.235900920894874e-05	3.235936569296281e-05
85890	3.162183508698124e-05	3.162277660168380e-05
89467	3.090295186258807e-05	3.090295432513592e-05
93605	3.019748915966680e-05	3.019951720402019e-05
98606	2.951168747789001e-05	2.951209226666384e-05
104413	2.884015486026570e-05	2.884031503126606e-05
110910	2.818260522885474e-05	2.818382931264455e-05
117895	2.754204232102708e-05	2.754228703338169e-05
126941	2.691156176248821e-05	2.691534803926914e-05
137166	2.630220393007310e-05	2.630267991895381e-05
152547	2.570395461798380e-05	2.570395782768864e-05
171975	2.511858436438086e-05	2.511886431509582e-05
180001	2.493555278237913e-05	2.511886431509582e-05
%
% index = 1128, name = bbob_f006_i09_d03__bbob_f008_i10_d03
% instance = 4, reference value = 9.540749685970770e-01
% function evaluation | indicator value | target hit
1	2.098464855600077e+00	2.137962089502232e+00
30	1.134582468947077e+00	1.148153621496883e+00
38	7.193704747583953e-01	7.244359600749900e-01
112	6.473045951426113e-01	6.606934480075960e-01
175	6.029336075207397e-01	6.165950018614822e-01
180	5.785414298922852e-01	5.888436553555889e-01
311	5.746884682127706e-01	5.754399373371569e-01
332	2.321716835481816e-01	2.344228815319922e-01
339	1.457997377781757e-01	1.479108388168208e-01
346	1.347918517277185e-01	1.348962882591654e-01
383	1.118252604112635e-01	1.122018454301964e-01
411	1.058373516236975e-01	1.071519305237607e-01
426	9.836288562353623e-02	1.000000000000000e-01
427	7.092210644304597e-02	7.244359600749903e-02
435	6.983580903921349e-02	7.079457843841380e-02
485	4.560906848885715e-02	4.570881896148749e-02
488	4.209044468456324e-02	4.265795188015926e-02
514	4.013290514763646e-02	4.073802778041128e-02
519	3.901102584279115e-02	3.981071705534973e-02
523	3.174050644802018e-02	3.235936569296283e-02
528	2.993794631427360e-02	3.019951720402016e-02
531	2.930274682216116e-02	2.951209226666385e-02
559	2.881384214093108e-02	2.884031503126606e-02
581	2.750008064215570e-02	2.754228703338166e-02
592	2.532759051375955e-02	2.570395782768863e-02
598	2.439128606321839e-02	2.454708915685030e-02
613	2.353285953629125e-02	2.398832919019490e-02
621	2.287644889166540e-02	2.290867652767773e-02
625	2.206284882918197e-02	2.238721138568340e-02
630	2.033363779622788e-02	2.041737944669529e-02
636	1.797588792308291e-02	1.819700858609984e-02
638	1.717399048926971e-02	1.737800828749375e-02
656	1.668147378939466e-02	1.698243652461744e-02
660	1.628574133913430e-02	1.659586907437561e-02
665	1.609318209670951e-02	1.621810097358930e-02
676	1.570436603408598e-02	1.584893192461113e-02
680	1.357389554149491e-02	1.380384264602885e-02
688	1.328963007048045e-02	1.348962882591653e-02
694	1.308666101594047e-02	1.318256738556407e-02
719	1.276595695723692e-02	1.288249551693134e-02
724	1.235391145531384e-02	1.258925411794167e-02
726	1.218954185445409e-02	1.230268770812382e-02
731	1.184058312102965e-02	1.202264434617413e-02
744	1.146555094650770e-02	1.148153621496883e-02
748	1.082686278662581e-02	1.096478196143185e-02
759	1.068841083337146e-02	1.071519305237606e-02
777	1.044437709407231e-02	1.047128548050900e-02
784	1.007896495693827e-02	1.023292992280754e-02
790	9.644500924663402e-03	9.772372209558112e-03
798	9.470408132861263e-03	9.549925860214359e-03
975	8.620844562758356e-03	8.709635899560805e-03
979	8.269023930043029e-03	8.317637711026709e-03
986	7.885407792702193e-03	7.943282347242814e-03
1008	7.364034043862100e-03	7.413102413009177e-03
1010	6.866132560702565e-03	6.918309709189363e-03
1033	6.729728414088920e-03	6.760829753919818e-03
1035	6.557161385186361e-03	6.606934480075957e-03
1037	6.356466206789535e-03	6.456542290346556e-03
1047	6.258862585013625e-03	6.309573444801930e-03
1059	5.993725030544517e-03	6.025595860743574e-03
1072	5.781090600360139e-03	5.888436553555890e-03
1094	5.746078739448768e-03	5.754399373371567e-03
1106	5.616325258884669e-03	5.623413251903491e-03
1121	5.493646339319591e-03	5.495408738576248e-03
1132	5.369167070428338e-03	5.370317963702527e-03
1424	5.218904645255540e-03	5.248074602497728e-03
1425	5.072422237041740e-03	5.128613839913648e-03
1428	4.990830187142414e-03	5.011872336272725e-03
1444	4.896084275312407e-03	4.897788193684461e-03
1459	4.764931537600825e-03	4.786300923226385e-03
1464	4.657927020678909e-03	4.677351412871981e-03
1465	4.554914781411457e-03	4.570881896148752e-03
1482	4.456882668063322e-03	4.466835921509630e-03
1493	4.358838863477987e-03	4.365158322401661e-03
1509	4.258776449747037e-03	4.265795188015926e-03
1521	4.117968187121956e-03	4.168693834703355e-03
1543	4.057093353007857e-03	4.073802778041126e-03
1555	3.962722044097755e-03	3.981071705534973e-03
1565	3.888861841712332e-03	3.890451449942805e-03
1597	3.790253120592557e-03	3.801893963205613e-03
1608	3.692332544000587e-03	3.715352290971724e-03
1617	3.630004173075019e-03	3.630780547701014e-03
2041	3.520877881977635e-03	3.548133892335753e-03
2050	3.433042810165432e-03	3.467368504525317e-03
2060	3.370247250632397e-03	3.388441561392024e-03
2073	3.299228785626496e-03	3.311311214825911e-03
2121	3.235219202823547e-03	3.235936569296281e-03
2136	3.132097448416804e-03	3.162277660168379e-03
2153	3.087562876954886e-03	3.090295432513592e-03
2170	3.015020286048831e-03	3.019951720402016e-03
2182	2.936794065203863e-03	2.951209226666387e-03
2201	2.883630410434712e-03	2.884031503126605e-03
2208	2.814006925209389e-03	2.818382931264455e-03
2218	2.752599750260543e-03	2.754228703338166e-03
2271	2.680943433063243e-03	2.691534803926917e-03
2298	2.461336114464308e-03	2.511886431509579e-03
2301	2.449920234873004e-03	2.454708915685031e-03
2327	2.397986970111288e-03	2.398832919019490e-03
2357	2.335127825366157e-03	2.344228815319923e-03
2388	2.271036255052428e-03	2.290867652767772e-03
2395	2.238557608982061e-03	2.238721138568340e-03
2402	2.175345757491121e-03	2.187761623949552e-03
2423	2.105891761037926e-03	2.137962089502233e-03
2428	2.010427181881158e-03	2.041737944669530e-03
3156	1.993421688195052e-03	1.995262314968879e-03
3166	1.927996066147575e-03	1.949844599758046e-03
3179	1.903611623208179e-03	1.905460717963246e-03
3192	1.856303986045083e-03	1.862087136662868e-03
3217	1.819534352196950e-03	1.819700858609983e-03
3241	1.778262219323645e-03	1.778279410038923e-03
3252	1.736554299365811e-03	1.737800828749376e-03
3282	1.697111782027361e-03	1.698243652461744e-03
3337	1.648106257270632e-03	1.659586907437561e-03
3371	1.621250254317030e-03	1.621810097358930e-03
3412	1.574617212677709e-03	1.584893192461114e-03
3424	1.498165173828281e-03	1.513561248436209e-03
3467	1.478881315193026e-03	1.479108388168207e-03
3470	1.444008150860987e-03	1.445439770745928e-03
3538	1.412368855019497e-03	1.412537544622754e-03
4627	1.371399608665946e-03	1.380384264602885e-03
4638	1.345509171203130e-03	1.348962882591653e-03
4663	1.316818851715418e-03	1.318256738556408e-03
4697	1.277326632655673e-03	1.288249551693134e-03
4711	1.242440540347611e-03	1.258925411794167e-03
4728	1.218163279003592e-03	1.230268770812381e-03
4759	1.201375435242458e-03	1.202264434617413e-03
4808	1.173057932587929e-03	1.174897554939529e-03
4855	1.146634792393186e-03	1.148153621496883e-03
4869	1.102551651197659e-03	1.122018454301963e-03
4875	1.093859260845154e-03	1.096478196143185e-03
4894	1.071255805660365e-03	1.071519305237606e-03
4915	1.036337738563819e-03	1.047128548050900e-03
4956	1.022816954717842e-03	1.023292992280754e-03
6445	9.997510154029499e-04	1.000000000000000e-03
6498	9.755746085876593e-04	9.772372209558111e-04
6562	9.543389416442061e-04	9.549925860214359e-04
6631	9.331384374478002e-04	9.332543007969915e-04
6702	9.115233805783163e-04	9.120108393559096e-04
6792	8.910282864710295e-04	8.912509381337459e-04
8859	8.683650938146048e-04	8.709635899560805e-04
8955	8.507818797565125e-04	8.511380382023768e-04
9051	8.314227576066147e-04	8.317637711026709e-04
9107	8.127025510955566e-04	8.128305161640995e-04
9236	7.937578405549095e-04	7.943282347242813e-04
9345	7.745098954791141e-04	7.762471166286919e-04
12154	7.543961993938808e-04	7.585775750291835e-04
12295	7.412963194785016e-04	7.413102413009177e-04
12331	7.229672039287260e-04	7.244359600749898e-04
12412	7.075375938179196e-04	7.079457843841380e-04
12572	6.914654274503551e-04	6.918309709189362e-04
12728	6.760583894446226e-04	6.760829753919819e-04
12827	6.594460887983100e-04	6.606934480075957e-04
16679	6.455151167727990e-04	6.456542290346556e-04
16854	6.309073826176181e-04	6.309573444801930e-04
17083	6.164421961374345e-04	6.165950018614823e-04
17196	6.025136032319356e-04	6.025595860743575e-04
17457	5.888017834608794e-04	5.888436553555889e-04
22756	5.753474343388465e-04	5.754399373371566e-04
23010	5.616074130302406e-04	5.623413251903491e-04
23306	5.494765754844311e-04	5.495408738576248e-04
23716	5.369866717744864e-04	5.370317963702527e-04
24180	5.248014080065921e-04	5.248074602497728e-04
31536	5.128051943459333e-04	5.128613839913648e-04
31909	4.883215423164833e-04	4.897788193684461e-04
32506	4.784399371979831e-04	4.786300923226385e-04
33304	4.677243146521404e-04	4.677351412871981e-04
34368	4.568851577596567e-04	4.570881896148752e-04
34576	4.466404553290504e-04	4.466835921509630e-04
35907	4.365012731382123e-04	4.365158322401661e-04
37342	4.265688327398376e-04	4.265795188015926e-04
39252	4.168691468844354e-04	4.168693834703355e-04
42185	4.073774840731570e-04	4.073802778041126e-04
45169	3.980445156118728e-04	3.981071705534974e-04
49312	3.890272577380394e-04	3.890451449942805e-04
54104	3.780401737537575e-04	3.801893963205612e-04
58406	3.715349333770490e-04	3.715352290971724e-04
63700	3.581489422442852e-04	3.630780547701014e-04
65718	3.540018740969542e-04	3.548133892335753e-04
75721	3.467314652838560e-04	3.467368504525317e-04
99556	3.388413076038654e-04	3.388441561392024e-04
180000	3.313642149623819e-04	3.388441561392024e-04
%
% index = 1129, name = bbob_f006_i11_d03__bbob_f008_i12_d03
% instance = 5, reference value = 9.995733772490351e-01
% function evaluation | indicator value | target hit
1	7.294674875293479e+00	7.413102413009175e+00
3	2.323617197351035e+00	2.344228815319922e+00
13	1.469426320678535e+00	1.479108388168207e+00
26	1.396046262836535e+00	1.412537544622754e+00
65	1.042303647497535e+00	1.047128548050900e+00
73	1.022312328017035e+00	1.023292992280754e+00
132	7.907352954288727e-02	7.943282347242814e-02
138	7.453381102262435e-02	7.585775750291836e-02
216	7.365444233856311e-02	7.413102413009177e-02
238	7.145208747555354e-02	7.244359600749903e-02
348	6.853796989532090e-02	6.918309709189366e-02
397	4.956928595002219e-02	5.011872336272722e-02
417	4.163931977606905e-02	4.168693834703355e-02
457	3.371463595880975e-02	3.388441561392026e-02
508	2.971377541745424e-02	3.019951720402016e-02
542	2.052534138229123e-02	2.089296130854040e-02
590	3.434089674169027e-03	3.467368504525317e-03
660	3.132080748563415e-03	3.162277660168379e-03
663	2.597177264137107e-03	2.630267991895381e-03
674	2.567037341127953e-03	2.570395782768865e-03
675	2.387388507441912e-03	2.398832919019490e-03
731	2.344126955171610e-03	2.344228815319923e-03
732	2.202391480217836e-03	2.238721138568340e-03
808	2.183209354861049e-03	2.187761623949552e-03
953	2.137243701208491e-03	2.137962089502233e-03
961	1.879053893946603e-03	1.905460717963246e-03
1179	1.858011484997757e-03	1.862087136662868e-03
1258	1.153094806000232e-03	1.174897554939529e-03
1335	1.143378647606497e-03	1.148153621496883e-03
1617	1.069508586410861e-03	1.071519305237606e-03
1620	1.043112206401187e-03	1.047128548050900e-03
1731	1.012081347895100e-03	1.023292992280754e-03
1823	9.917011325684122e-04	1.000000000000000e-03
1882	9.305305711553302e-04	9.332543007969915e-04
2055	8.835448278746716e-04	8.912509381337459e-04
2523	7.175231239746616e-04	7.244359600749898e-04
2819	7.057274229431698e-04	7.079457843841380e-04
2843	5.746907599951667e-04	5.754399373371566e-04
3693	4.730961146833801e-04	4.786300923226385e-04
4122	4.641321740317395e-04	4.677351412871981e-04
5226	4.567907465331533e-04	4.570881896148752e-04
5274	4.326315001834669e-04	4.365158322401661e-04
5299	4.148515685254983e-04	4.168693834703355e-04
5365	4.030492905194860e-04	4.073802778041126e-04
5721	3.981047193266640e-04	3.981071705534974e-04
6224	3.827163624463559e-04	3.890451449942805e-04
7398	3.800992761255895e-04	3.801893963205612e-04
9898	3.714535672828534e-04	3.715352290971724e-04
14085	3.630643304367576e-04	3.630780547701014e-04
19044	3.547684424873854e-04	3.548133892335753e-04
19056	3.382631509839529e-04	3.388441561392024e-04
19902	3.307441810243006e-04	3.311311214825911e-04
21829	3.225809562763526e-04	3.235936569296281e-04
29922	3.160188515604068e-04	3.162277660168379e-04
37996	3.088804257910249e-04	3.090295432513592e-04
72410	3.011289344189150e-04	3.019951720402016e-04
180000	2.952012683474781e-04	3.019951720402016e-04
%
% index = 1130, name = bbob_f006_i13_d03__bbob_f008_i14_d03
% instance = 6, reference value = 8.986981793133270e-01
% function evaluation | indicator value | target hit
1	4.667521469518913e-01	4.677351412871982e-01
14	2.593235306177987e-01	2.630267991895382e-01
23	2.335598894132351e-01	2.344228815319922e-01
78	2.082724286982049e-01	2.089296130854039e-01
90	1.797195241630112e-01	1.819700858609984e-01
124	1.466572235828650e-01	1.479108388168208e-01
145	1.392935210801427e-01	1.412537544622754e-01
200	1.379630278992777e-01	1.380384264602885e-01
276	1.244035737351156e-01	1.258925411794167e-01
285	9.061044960513953e-02	9.120108393559097e-02
317	8.900366643962321e-02	8.912509381337455e-02
318	8.478221179758194e-02	8.511380382023763e-02
335	7.187609185388122e-02	7.244359600749903e-02
353	6.794007051185635e-02	6.918309709189366e-02
354	6.731560703170558e-02	6.760829753919818e-02
375	6.369793464546336e-02	6.456542290346556e-02
397	6.297780399894148e-02	6.309573444801933e-02
401	6.161579967908404e-02	6.165950018614822e-02
532	6.019031075563708e-02	6.025595860743578e-02
555	5.875521145381191e-02	5.888436553555890e-02
587	5.749710212450121e-02	5.754399373371569e-02
592	5.473689755944056e-02	5.495408738576246e-02
593	5.232993936260544e-02	5.248074602497726e-02
598	4.853815531664996e-02	4.897788193684462e-02
666	4.779809100686194e-02	4.786300923226382e-02
691	4.634657979827661e-02	4.677351412871981e-02
697	4.343938531255387e-02	4.365158322401658e-02
733	4.065208272103027e-02	4.073802778041128e-02
751	3.975470363274181e-02	3.981071705534973e-02
766	3.845556249802629e-02	3.890451449942807e-02
785	3.661165957657198e-02	3.715352290971726e-02
796	3.286671922878603e-02	3.311311214825911e-02
803	2.957324752948476e-02	3.019951720402016e-02
818	2.936803034505875e-02	2.951209226666385e-02
856	2.873994533237734e-02	2.884031503126606e-02
876	2.760820876643622e-02	2.818382931264454e-02
877	2.736378517297244e-02	2.754228703338166e-02
898	2.617758382255586e-02	2.630267991895381e-02
900	2.460155678862797e-02	2.511886431509579e-02
901	2.384806364200531e-02	2.398832919019490e-02
914	2.343012224860241e-02	2.344228815319923e-02
1130	2.262579608031978e-02	2.290867652767773e-02
1153	2.215159432637059e-02	2.238721138568340e-02
1158	2.020249877219293e-02	2.041737944669529e-02
1182	1.989253582363903e-02	1.995262314968880e-02
1233	1.943134694453974e-02	1.949844599758046e-02
1280	1.901413995624512e-02	1.905460717963247e-02
1320	1.821308930664900e-02	1.862087136662868e-02
1328	1.757738123164487e-02	1.778279410038923e-02
1339	1.730050826614904e-02	1.737800828749375e-02
1474	1.662754032381053e-02	1.698243652461744e-02
1495	1.650608255576935e-02	1.659586907437561e-02
1878	1.621733685606763e-02	1.621810097358930e-02
1897	1.567751150754759e-02	1.584893192461113e-02
1898	1.544831190775886e-02	1.548816618912481e-02
1955	1.503176301257714e-02	1.513561248436208e-02
1986	1.464093370340613e-02	1.479108388168207e-02
1992	1.399368930464284e-02	1.412537544622754e-02
2024	1.330425459470896e-02	1.348962882591653e-02
2056	1.247166722159398e-02	1.258925411794167e-02
2065	1.225961106497664e-02	1.230268770812382e-02
2117	1.107606633084202e-02	1.122018454301964e-02
2150	1.088799730961165e-02	1.096478196143185e-02
2193	1.048084037985453e-02	1.071519305237606e-02
2198	1.043551543695576e-02	1.047128548050900e-02
2246	1.022009044822136e-02	1.023292992280754e-02
2328	9.782287206383300e-03	1.000000000000000e-02
2348	9.687878874413358e-03	9.772372209558112e-03
2368	9.443040139635372e-03	9.549925860214359e-03
2370	9.327096890834108e-03	9.332543007969915e-03
2387	9.083011940875685e-03	9.120108393559097e-03
2447	8.883724882186583e-03	8.912509381337459e-03
2450	8.478390549459314e-03	8.511380382023767e-03
3040	8.279449390045546e-03	8.317637711026709e-03
3059	8.004498230700485e-03	8.128305161640995e-03
3086	7.930299199695012e-03	7.943282347242814e-03
3106	7.756035288482899e-03	7.762471166286920e-03
3173	7.531396234854992e-03	7.585775750291836e-03
3194	7.386524671952666e-03	7.413102413009177e-03
3234	7.164507934720343e-03	7.244359600749898e-03
3257	6.904791788118980e-03	6.918309709189363e-03
3334	6.686099981135007e-03	6.760829753919818e-03
3397	6.509004034594312e-03	6.606934480075957e-03
3431	6.435291275927235e-03	6.456542290346556e-03
3539	6.299352969023508e-03	6.309573444801930e-03
3572	6.144630527644357e-03	6.165950018614822e-03
4434	6.004052327226561e-03	6.025595860743574e-03
4445	5.626946886879702e-03	5.754399373371567e-03
4446	5.566398961381336e-03	5.623413251903491e-03
4458	5.493331457570139e-03	5.495408738576248e-03
4507	5.369611007996600e-03	5.370317963702527e-03
4514	5.246611634980192e-03	5.248074602497728e-03
4529	5.073026408882853e-03	5.128613839913648e-03
4576	5.002350049468474e-03	5.011872336272725e-03
4626	4.842917058629603e-03	4.897788193684461e-03
4639	4.782381424865090e-03	4.786300923226385e-03
4720	4.607733566057259e-03	4.677351412871981e-03
4753	4.491743974449847e-03	4.570881896148752e-03
4762	4.452261224058840e-03	4.466835921509630e-03
4800	4.335385408211878e-03	4.365158322401661e-03
4879	4.263018143877861e-03	4.265795188015926e-03
4927	4.156193475840730e-03	4.168693834703355e-03
4973	4.072255575474193e-03	4.073802778041126e-03
6157	3.930944581935214e-03	3.981071705534973e-03
6170	3.885962792451902e-03	3.890451449942805e-03
6203	3.778154875893613e-03	3.801893963205613e-03
6249	3.712213387741525e-03	3.715352290971724e-03
6345	3.630293734409484e-03	3.630780547701014e-03
6432	3.538696706187228e-03	3.548133892335753e-03
6484	3.462692852732596e-03	3.467368504525317e-03
6508	3.363499212413745e-03	3.388441561392024e-03
6537	3.308418054162265e-03	3.311311214825911e-03
6590	3.230058723170726e-03	3.235936569296281e-03
6661	3.161886420770865e-03	3.162277660168379e-03
6713	3.089404173804433e-03	3.090295432513592e-03
6739	3.004251423674664e-03	3.019951720402016e-03
8356	2.893616682102751e-03	2.951209226666387e-03
8370	2.882844265304496e-03	2.884031503126605e-03
8468	2.818002660563201e-03	2.818382931264455e-03
8552	2.750189620473575e-03	2.754228703338166e-03
8614	2.667704078199051e-03	2.691534803926917e-03
8636	2.606796436572356e-03	2.630267991895381e-03
8719	2.566573601345823e-03	2.570395782768865e-03
8796	2.511541992965882e-03	2.511886431509579e-03
8831	2.454087027020657e-03	2.454708915685031e-03
8863	2.373639544375417e-03	2.398832919019490e-03
8902	2.341059815910373e-03	2.344228815319923e-03
8946	2.280915323948696e-03	2.290867652767772e-03
9039	2.235740107087048e-03	2.238721138568340e-03
9111	2.187061491401243e-03	2.187761623949552e-03
11403	2.136756360051728e-03	2.137962089502233e-03
11454	2.085600178281632e-03	2.089296130854039e-03
11581	2.038876040893367e-03	2.041737944669530e-03
11679	1.991760938335307e-03	1.995262314968879e-03
11788	1.913296375301576e-03	1.949844599758046e-03
11794	1.904589555003722e-03	1.905460717963246e-03
11833	1.854391137231071e-03	1.862087136662868e-03
11876	1.814920832720390e-03	1.819700858609983e-03
12000	1.766057255071063e-03	1.778279410038923e-03
12042	1.736688326695268e-03	1.737800828749376e-03
12154	1.696997830302305e-03	1.698243652461744e-03
12163	1.659080476380304e-03	1.659586907437561e-03
12276	1.619340941121372e-03	1.621810097358930e-03
12371	1.584731817467988e-03	1.584893192461114e-03
15470	1.548255698586853e-03	1.548816618912481e-03
15544	1.512714345091815e-03	1.513561248436209e-03
15643	1.475046122201062e-03	1.479108388168207e-03
15748	1.439014089657076e-03	1.445439770745928e-03
15786	1.411110911246349e-03	1.412537544622754e-03
15875	1.380026475241602e-03	1.380384264602885e-03
15936	1.348452695587365e-03	1.348962882591653e-03
16035	1.313786308816511e-03	1.318256738556408e-03
16039	1.282513889424575e-03	1.288249551693134e-03
16080	1.254013491723160e-03	1.258925411794167e-03
16170	1.228973417206403e-03	1.230268770812381e-03
16277	1.202261791995340e-03	1.202264434617413e-03
16354	1.171113632507437e-03	1.174897554939529e-03
16511	1.144089229822232e-03	1.148153621496883e-03
16575	1.116251307060612e-03	1.122018454301963e-03
20874	1.096411878015902e-03	1.096478196143185e-03
20985	1.070589044472103e-03	1.071519305237606e-03
21080	1.044488504736929e-03	1.047128548050900e-03
21205	1.021093868891265e-03	1.023292992280754e-03
21322	9.969519273379523e-04	1.000000000000000e-03
21350	9.761932680363294e-04	9.772372209558111e-04
21430	9.520596459585695e-04	9.549925860214359e-04
21485	9.331134224711546e-04	9.332543007969915e-04
21552	9.022766923562076e-04	9.120108393559096e-04
21651	8.905742355552748e-04	8.912509381337459e-04
22002	8.702842244174835e-04	8.709635899560805e-04
22166	8.484995141292417e-04	8.511380382023768e-04
22256	8.317366716182883e-04	8.317637711026709e-04
22395	8.128107453970745e-04	8.128305161640995e-04
22573	7.900054855422001e-04	7.943282347242813e-04
28347	7.761220799824553e-04	7.762471166286919e-04
28572	7.585707435248112e-04	7.585775750291835e-04
28809	7.407733773123759e-04	7.413102413009177e-04
29061	7.233183688818423e-04	7.244359600749898e-04
29253	7.062791276051250e-04	7.079457843841380e-04
29465	6.917328754789676e-04	6.918309709189362e-04
29611	6.742299742282798e-04	6.760829753919819e-04
29842	6.599297042229058e-04	6.606934480075957e-04
30027	6.450779181600419e-04	6.456542290346556e-04
30223	6.298923874790141e-04	6.309573444801930e-04
30400	6.161872517116418e-04	6.165950018614823e-04
30674	6.024834179210181e-04	6.025595860743575e-04
30961	5.885285738101986e-04	5.888436553555889e-04
31136	5.753333792913873e-04	5.754399373371566e-04
31234	5.617941375843927e-04	5.623413251903491e-04
31470	5.482693070901767e-04	5.495408738576248e-04
31799	5.367164413289105e-04	5.370317963702527e-04
31901	5.244824082722976e-04	5.248074602497728e-04
32220	5.104434346236975e-04	5.128613839913648e-04
32509	5.004912234551906e-04	5.011872336272725e-04
32779	4.894502227126285e-04	4.897788193684461e-04
33013	4.781094923577145e-04	4.786300923226385e-04
33335	4.673339852294678e-04	4.677351412871981e-04
33828	4.568307740101529e-04	4.570881896148752e-04
33982	4.466821734574467e-04	4.466835921509630e-04
34307	4.364070015769883e-04	4.365158322401661e-04
34737	4.265586133013199e-04	4.265795188015926e-04
35256	4.161751162443661e-04	4.168693834703355e-04
35449	4.064704971206146e-04	4.073802778041126e-04
35773	3.979115297442215e-04	3.981071705534974e-04
36149	3.889679603982232e-04	3.890451449942805e-04
36470	3.797373865231934e-04	3.801893963205612e-04
36823	3.711816915578092e-04	3.715352290971724e-04
37267	3.629388095403030e-04	3.630780547701014e-04
37881	3.547910416215050e-04	3.548133892335753e-04
38321	3.467233049271323e-04	3.467368504525317e-04
39007	3.387104297145616e-04	3.388441561392024e-04
39265	3.309565612525933e-04	3.311311214825911e-04
39838	3.235204813888393e-04	3.235936569296281e-04
40256	3.162221612211802e-04	3.162277660168379e-04
40976	3.090212869913955e-04	3.090295432513592e-04
41560	3.019646763736672e-04	3.019951720402016e-04
42076	2.939749275137071e-04	2.951209226666387e-04
42401	2.883475311898920e-04	2.884031503126605e-04
43046	2.815867392830240e-04	2.818382931264455e-04
43627	2.748858750017957e-04	2.754228703338166e-04
44474	2.691352429347038e-04	2.691534803926917e-04
45208	2.629872371343600e-04	2.630267991895381e-04
45689	2.570116816851264e-04	2.570395782768865e-04
46518	2.511677779837296e-04	2.511886431509580e-04
47527	2.454423959080687e-04	2.454708915685031e-04
48163	2.398784520185604e-04	2.398832919019490e-04
51001	2.343655448124871e-04	2.344228815319923e-04
51393	2.290507551939713e-04	2.290867652767772e-04
51969	2.234495815233162e-04	2.238721138568340e-04
52503	2.187714315734501e-04	2.187761623949552e-04
53209	2.137911445501128e-04	2.137962089502232e-04
53718	2.083845757073766e-04	2.089296130854039e-04
54519	2.041733036020066e-04	2.041737944669530e-04
55516	1.993201401958578e-04	1.995262314968879e-04
56126	1.949633324508371e-04	1.949844599758046e-04
57039	1.904973297406354e-04	1.905460717963246e-04
58055	1.861851852854590e-04	1.862087136662868e-04
58934	1.818433417193344e-04	1.819700858609983e-04
60186	1.778192175103666e-04	1.778279410038923e-04
60961	1.737721666484893e-04	1.737800828749376e-04
61968	1.695932511036613e-04	1.698243652461744e-04
63083	1.659477701769774e-04	1.659586907437562e-04
64272	1.621543780665480e-04	1.621810097358930e-04
65479	1.584440964855771e-04	1.584893192461114e-04
66699	1.548324655450406e-04	1.548816618912481e-04
67947	1.511695139589930e-04	1.513561248436209e-04
69401	1.479106385553486e-04	1.479108388168207e-04
70892	1.445139261273543e-04	1.445439770745928e-04
72905	1.412312121785719e-04	1.412537544622754e-04
74761	1.379778972644408e-04	1.380384264602885e-04
76527	1.348838947069497e-04	1.348962882591653e-04
78350	1.317876335182877e-04	1.318256738556407e-04
81097	1.288226246413116e-04	1.288249551693134e-04
83243	1.258923763610698e-04	1.258925411794167e-04
85975	1.229727402923819e-04	1.230268770812381e-04
88496	1.201980108928025e-04	1.202264434617413e-04
92537	1.174236314975818e-04	1.174897554939529e-04
95362	1.147402831691569e-04	1.148153621496883e-04
99378	1.121995123860575e-04	1.122018454301963e-04
103897	1.095373956369050e-04	1.096478196143185e-04
108808	1.070904546872642e-04	1.071519305237606e-04
114768	1.047126386363173e-04	1.047128548050900e-04
120420	1.023176857728458e-04	1.023292992280754e-04
128400	9.999509887070879e-05	1.000000000000000e-04
140771	9.772371476213237e-05	9.772372209558111e-05
152943	9.512390376686941e-05	9.549925860214369e-05
165015	9.330867379131469e-05	9.332543007969905e-05
180000	9.171570675403640e-05	9.332543007969905e-05
%
% index = 1131, name = bbob_f006_i15_d03__bbob_f008_i16_d03
% instance = 7, reference value = 9.947668672824090e-01
% function evaluation | indicator value | target hit
1	6.896428601890382e-01	6.918309709189365e-01
7	5.764844358828424e-01	5.888436553555889e-01
12	5.344385001628057e-01	5.370317963702527e-01
35	4.813427256627733e-01	4.897788193684462e-01
48	4.571235975390406e-01	4.677351412871982e-01
55	4.557476253123283e-01	4.570881896148750e-01
57	1.439575463756136e-01	1.445439770745928e-01
80	1.135327438366219e-01	1.148153621496883e-01
133	9.463104200042105e-02	9.549925860214359e-02
141	8.129518295303861e-02	8.317637711026708e-02
152	7.299882616820252e-02	7.413102413009177e-02
163	5.916839668820861e-02	6.025595860743578e-02
206	5.868803842340853e-02	5.888436553555890e-02
247	5.387721974373516e-02	5.495408738576246e-02
260	4.967428374978700e-02	5.011872336272722e-02
317	4.688579317573582e-02	4.786300923226382e-02
331	4.487663865629921e-02	4.570881896148749e-02
332	4.436876433866899e-02	4.466835921509630e-02
366	4.037845429837572e-02	4.073802778041128e-02
415	3.920223808852241e-02	3.981071705534973e-02
421	3.865265005949770e-02	3.890451449942807e-02
422	2.683705707371487e-02	2.691534803926915e-02
473	2.571768775108318e-02	2.630267991895381e-02
477	2.570100586514856e-02	2.570395782768863e-02
514	2.506256148242292e-02	2.511886431509579e-02
522	2.130553091356413e-02	2.137962089502233e-02
534	2.075605044589379e-02	2.089296130854040e-02
557	2.020843093773195e-02	2.041737944669529e-02
560	1.882293251216050e-02	1.905460717963247e-02
593	1.830694809685052e-02	1.862087136662868e-02
662	1.808038171685544e-02	1.819700858609984e-02
764	1.705363526229553e-02	1.737800828749375e-02
929	1.682661089587312e-02	1.698243652461744e-02
975	1.593502003982883e-02	1.621810097358930e-02
981	1.534133177095753e-02	1.548816618912481e-02
999	1.452099189312994e-02	1.479108388168207e-02
1028	1.443845399262922e-02	1.445439770745927e-02
1285	1.410149111986758e-02	1.412537544622754e-02
1392	1.346197627942936e-02	1.348962882591653e-02
1421	1.301572885774660e-02	1.318256738556407e-02
1453	1.258134134663291e-02	1.258925411794167e-02
1872	1.169891648758070e-02	1.174897554939530e-02
2272	1.145741487820329e-02	1.148153621496883e-02
2296	1.120822475368244e-02	1.122018454301964e-02
2659	1.084004780548642e-02	1.096478196143185e-02
3304	1.071488312535307e-02	1.071519305237606e-02
4550	1.046880380229442e-02	1.047128548050900e-02
4731	1.016092386437106e-02	1.023292992280754e-02
4826	9.999788941337129e-03	1.000000000000000e-02
7112	9.741219998644746e-03	9.772372209558112e-03
9158	7.479369909745515e-03	7.585775750291836e-03
9161	7.210121348618870e-03	7.244359600749898e-03
13613	7.079330266005934e-03	7.079457843841380e-03
14844	6.737546765612556e-03	6.760829753919818e-03
18413	6.590999460040936e-03	6.606934480075957e-03
21352	6.438467661070257e-03	6.456542290346556e-03
29514	5.464310942265627e-03	5.495408738576248e-03
31905	4.701453961475477e-03	4.786300923226385e-03
33100	4.475047296931489e-03	4.570881896148752e-03
39435	4.091695872960877e-03	4.168693834703355e-03
42244	3.481587923889529e-03	3.548133892335753e-03
42909	3.445223759437788e-03	3.467368504525317e-03
43242	3.173127009178378e-03	3.235936569296281e-03
43513	2.976047160488715e-03	3.019951720402016e-03
43736	2.550475216837600e-03	2.570395782768865e-03
44729	2.504449799272335e-03	2.511886431509579e-03
45456	2.427588512026402e-03	2.454708915685031e-03
55634	2.386422848662084e-03	2.398832919019490e-03
60257	2.340334448871051e-03	2.344228815319923e-03
60294	2.278315352471250e-03	2.290867652767772e-03
68114	2.220781886762446e-03	2.238721138568340e-03
82894	2.171905011038477e-03	2.187761623949552e-03
88096	2.082805224951079e-03	2.089296130854039e-03
105980	2.033996405521821e-03	2.041737944669530e-03
180000	2.008178511137437e-03	2.041737944669530e-03
%
% index = 1132, name = bbob_f006_i17_d03__bbob_f008_i18_d03
% instance = 8, reference value = 9.996314632144440e-01
% function evaluation | indicator value | target hit
1	6.465006542710529e+00	6.606934480075959e+00
11	6.365825693296216e+00	6.456542290346556e+00
20	5.452384424015144e+00	5.495408738576246e+00
27	3.235682568614741e+00	3.235936569296283e+00
33	3.137738398384444e+00	3.162277660168380e+00
73	3.008232134432944e+00	3.019951720402016e+00
100	3.181910132358555e-01	3.235936569296283e-01
139	2.872081363393740e-01	2.884031503126606e-01
204	2.716562756285327e-01	2.754228703338166e-01
216	2.498585657815632e-01	2.511886431509580e-01
269	2.351572616949295e-01	2.398832919019490e-01
309	2.280733736562671e-01	2.290867652767773e-01
334	2.889741127861734e-02	2.951209226666385e-02
343	2.150666013368929e-02	2.187761623949553e-02
387	2.051032800343444e-02	2.089296130854040e-02
389	1.702974478798203e-02	1.737800828749375e-02
394	1.109591791569253e-02	1.122018454301964e-02
422	1.076709569144430e-02	1.096478196143185e-02
440	1.054241900208619e-02	1.071519305237606e-02
461	1.035520008410307e-02	1.047128548050900e-02
472	7.142210732715482e-03	7.244359600749898e-03
491	7.055914611259650e-03	7.079457843841380e-03
511	6.754592893973954e-03	6.760829753919818e-03
517	6.035674783228751e-03	6.165950018614822e-03
534	6.011142555718108e-03	6.025595860743574e-03
544	5.824069094691797e-03	5.888436553555890e-03
636	5.549699264687069e-03	5.623413251903491e-03
679	4.448403945181201e-03	4.466835921509630e-03
754	4.362852982604970e-03	4.365158322401661e-03
757	4.161130788849277e-03	4.168693834703355e-03
777	3.909295372367949e-03	3.981071705534973e-03
803	3.871822659448076e-03	3.890451449942805e-03
849	3.757270243301081e-03	3.801893963205613e-03
860	2.676350689732820e-03	2.691534803926917e-03
883	1.882172475485944e-03	1.905460717963246e-03
885	1.753690940197394e-03	1.778279410038923e-03
887	1.467626039395320e-03	1.479108388168207e-03
891	1.319230237244784e-03	1.348962882591653e-03
899	1.250747107423122e-03	1.258925411794167e-03
976	1.123599562715349e-03	1.148153621496883e-03
994	1.097818935249184e-03	1.122018454301963e-03
1084	1.095144395182879e-03	1.096478196143185e-03
1218	7.368125762876598e-04	7.413102413009177e-04
1260	7.060052172868092e-04	7.079457843841380e-04
1269	6.888639371186445e-04	6.918309709189362e-04
1287	6.213590438696182e-04	6.309573444801930e-04
1479	5.889697435841335e-04	6.025595860743575e-04
1482	5.888420411410689e-04	5.888436553555889e-04
1564	4.326550034859933e-04	4.365158322401661e-04
1592	4.247459366512052e-04	4.265795188015926e-04
1907	4.143983295299414e-04	4.168693834703355e-04
1914	4.000994468855712e-04	4.073802778041126e-04
1925	3.944188359913392e-04	3.981071705534974e-04
1928	3.852502324528384e-04	3.890451449942805e-04
1968	3.750845005310310e-04	3.801893963205612e-04
1969	3.485343934276353e-04	3.548133892335753e-04
2030	3.466366893365436e-04	3.467368504525317e-04
2208	3.291964483588261e-04	3.311311214825911e-04
2241	3.099682880047805e-04	3.162277660168379e-04
2271	3.065997191763481e-04	3.090295432513592e-04
2734	3.014656649753533e-04	3.019951720402016e-04
2792	2.941372502017758e-04	2.951209226666387e-04
2932	2.873220080207295e-04	2.884031503126605e-04
2946	2.688623005308033e-04	2.691534803926917e-04
3022	2.545440731475113e-04	2.570395782768865e-04
3035	2.484237067230666e-04	2.511886431509580e-04
3076	2.451812381714102e-04	2.454708915685031e-04
3676	2.391084977702018e-04	2.398832919019490e-04
3858	2.324755384895960e-04	2.344228815319923e-04
3976	2.110114670428320e-04	2.137962089502232e-04
4907	2.026625047918396e-04	2.041737944669530e-04
4929	1.994729581163979e-04	1.995262314968879e-04
4999	1.946323033863440e-04	1.949844599758046e-04
5057	1.877119474549271e-04	1.905460717963246e-04
5164	1.848429127081497e-04	1.862087136662868e-04
6146	1.763471224051072e-04	1.778279410038923e-04
6537	1.737116070171796e-04	1.737800828749376e-04
6955	1.691416824696201e-04	1.698243652461744e-04
8721	1.593315705016307e-04	1.621810097358930e-04
9165	1.583331314836123e-04	1.584893192461114e-04
11993	1.547551881476705e-04	1.548816618912481e-04
12493	1.503860417896297e-04	1.513561248436209e-04
16955	1.478916102550798e-04	1.479108388168207e-04
23203	1.445404496037694e-04	1.445439770745928e-04
31319	1.412205922245446e-04	1.412537544622754e-04
46931	1.377962499090613e-04	1.380384264602885e-04
54584	1.324953601037349e-04	1.348962882591653e-04
56470	1.316167702645199e-04	1.318256738556407e-04
72648	1.204619036353494e-04	1.230268770812381e-04
75051	1.199006804011304e-04	1.202264434617413e-04
86648	1.141868921089584e-04	1.148153621496883e-04
106864	1.120699525082314e-04	1.122018454301963e-04
142106	1.096015309669518e-04	1.096478196143185e-04
180001	1.079844984520628e-04	1.096478196143185e-04
%
% index = 1133, name = bbob_f006_i19_d03__bbob_f008_i21_d03
% instance = 9, reference value = 9.985003737453830e-01
% function evaluation | indicator value | target hit
1	1.959472476124277e-01	1.995262314968880e-01
2	1.476294814119860e-01	1.479108388168208e-01
5	1.409304038246530e-01	1.412537544622754e-01
6	1.358799455252321e-01	1.380384264602885e-01
47	1.142793624409142e-01	1.148153621496883e-01
57	9.841073948938162e-02	1.000000000000000e-01
60	9.630306625477636e-02	9.772372209558107e-02
74	9.134217286660840e-02	9.332543007969910e-02
84	3.956009963788687e-02	3.981071705534973e-02
140	3.824194777902445e-02	3.890451449942807e-02
149	3.740822940852129e-02	3.801893963205612e-02
195	3.125116337645095e-02	3.162277660168379e-02
201	5.730320440749614e-03	5.754399373371567e-03
204	4.827166573163399e-03	4.897788193684461e-03
211	3.375425656816256e-03	3.388441561392024e-03
227	2.023987495745616e-03	2.041737944669530e-03
228	1.894679855513837e-03	1.905460717963246e-03
295	1.846395174633475e-03	1.862087136662868e-03
331	1.806824370741089e-03	1.819700858609983e-03
333	1.651857470021389e-03	1.659586907437561e-03
334	1.403016619240138e-03	1.412537544622754e-03
344	1.226980206405104e-03	1.230268770812381e-03
369	1.198766899397352e-03	1.202264434617413e-03
414	1.138130188619413e-03	1.148153621496883e-03
426	1.103906727726534e-03	1.122018454301963e-03
439	9.968622866961541e-04	1.000000000000000e-03
481	9.557893926643857e-04	9.772372209558111e-04
496	9.519485582953902e-04	9.549925860214359e-04
503	9.141503701429743e-04	9.332543007969915e-04
504	9.070106267407008e-04	9.120108393559096e-04
507	8.853328040372421e-04	8.912509381337459e-04
521	8.438116544351448e-04	8.511380382023768e-04
535	8.213729308157447e-04	8.317637711026709e-04
542	7.845327545301650e-04	7.943282347242813e-04
552	7.739199844967182e-04	7.762471166286919e-04
598	7.487389686733348e-04	7.585775750291835e-04
763	7.119945791539406e-04	7.244359600749898e-04
786	6.646859194947563e-04	6.760829753919819e-04
793	6.474378023003657e-04	6.606934480075957e-04
802	6.426306791014191e-04	6.456542290346556e-04
836	6.288318102259938e-04	6.309573444801930e-04
846	6.067411738893691e-04	6.165950018614823e-04
891	5.732055161160599e-04	5.754399373371566e-04
911	5.621233431563066e-04	5.623413251903491e-04
932	5.427606552053099e-04	5.495408738576248e-04
938	5.368514477918085e-04	5.370317963702527e-04
1161	5.190376298700450e-04	5.248074602497728e-04
1176	5.124606202944193e-04	5.128613839913648e-04
1177	5.001616931290531e-04	5.011872336272725e-04
1201	4.852580975089893e-04	4.897788193684461e-04
1238	4.748875452798007e-04	4.786300923226385e-04
1277	4.636159307879195e-04	4.677351412871981e-04
1289	4.496839925208773e-04	4.570881896148752e-04
1290	4.396427270869641e-04	4.466835921509630e-04
1320	4.299379401824233e-04	4.365158322401661e-04
1322	4.258693117374923e-04	4.265795188015926e-04
1338	3.869162364757983e-04	3.890451449942805e-04
1351	3.753257827698864e-04	3.801893963205612e-04
1377	3.698650591403840e-04	3.715352290971724e-04
1416	3.623836062379704e-04	3.630780547701014e-04
1453	3.540119907124994e-04	3.548133892335753e-04
1485	3.450085941538727e-04	3.467368504525317e-04
1509	3.210421866612911e-04	3.235936569296281e-04
1543	3.158555954326792e-04	3.162277660168379e-04
1875	3.043828162914153e-04	3.090295432513592e-04
1880	2.982117566446840e-04	3.019951720402016e-04
1915	2.947044001487820e-04	2.951209226666387e-04
1921	2.827155316320606e-04	2.884031503126605e-04
1930	2.816779626534371e-04	2.818382931264455e-04
1933	2.744388051288960e-04	2.754228703338166e-04
1942	2.205485610425884e-04	2.238721138568340e-04
1956	2.187203212966615e-04	2.187761623949552e-04
1994	2.108929983235530e-04	2.137962089502232e-04
2003	2.074469533527301e-04	2.089296130854039e-04
2034	2.028116649457345e-04	2.041737944669530e-04
2046	1.984714734969417e-04	1.995262314968879e-04
2048	1.943046535097803e-04	1.949844599758046e-04
2069	1.881399810860218e-04	1.905460717963246e-04
2072	1.860129111275199e-04	1.862087136662868e-04
2516	1.816314732574487e-04	1.819700858609983e-04
2542	1.776220635459902e-04	1.778279410038923e-04
2559	1.727726876233904e-04	1.737800828749376e-04
2573	1.695770805684171e-04	1.698243652461744e-04
2598	1.659569658789550e-04	1.659586907437562e-04
2615	1.585493695744900e-04	1.621810097358930e-04
2628	1.580243429568640e-04	1.584893192461114e-04
2643	1.542066426324373e-04	1.548816618912481e-04
3313	1.483348506323701e-04	1.513561248436209e-04
3321	1.469548649528640e-04	1.479108388168207e-04
3348	1.366656415892065e-04	1.380384264602885e-04
3355	1.348740661871739e-04	1.348962882591653e-04
3413	1.315379669050154e-04	1.318256738556407e-04
3456	1.287678112897872e-04	1.288249551693134e-04
3508	1.258257012111130e-04	1.258925411794167e-04
3541	1.229418635257939e-04	1.230268770812381e-04
3599	1.201918222328846e-04	1.202264434617413e-04
3641	1.174523351720191e-04	1.174897554939529e-04
3693	1.147808987941312e-04	1.148153621496883e-04
4590	1.117884693975224e-04	1.122018454301963e-04
4629	1.095824401082801e-04	1.096478196143185e-04
4678	1.065180666701693e-04	1.071519305237606e-04
4706	1.046689373009890e-04	1.047128548050900e-04
4754	1.021312135376373e-04	1.023292992280754e-04
4809	9.989126948972693e-05	1.000000000000000e-04
4867	9.765739054479194e-05	9.772372209558111e-05
4919	9.548005134762949e-05	9.549925860214369e-05
5022	9.330923327766083e-05	9.332543007969905e-05
5114	9.119895933407118e-05	9.120108393559096e-05
6477	8.908622538872368e-05	8.912509381337459e-05
6514	8.686467419338761e-05	8.709635899560814e-05
6555	8.510410139306313e-05	8.511380382023759e-05
6704	8.294032345390612e-05	8.317637711026709e-05
6848	8.127659340539939e-05	8.128305161640995e-05
8752	7.921104062891260e-05	7.943282347242822e-05
8837	7.760744326723579e-05	7.762471166286911e-05
9037	7.581692667979478e-05	7.585775750291836e-05
9139	7.410794790496666e-05	7.413102413009176e-05
9210	7.230624063658819e-05	7.244359600749906e-05
9462	7.078908321955790e-05	7.079457843841373e-05
11889	6.908300302721493e-05	6.918309709189363e-05
12020	6.756889698456003e-05	6.760829753919819e-05
12247	6.602884696826905e-05	6.606934480075965e-05
12609	6.454481195217188e-05	6.456542290346549e-05
15891	6.306551228152379e-05	6.309573444801929e-05
16279	6.164714008771721e-05	6.165950018614822e-05
16933	6.022627080815024e-05	6.025595860743581e-05
21587	5.887938898829770e-05	5.888436553555884e-05
22438	5.754214840458793e-05	5.754399373371566e-05
28940	5.623341197391607e-05	5.623413251903491e-05
29922	5.492394950235013e-05	5.495408738576248e-05
38740	5.369462127524649e-05	5.370317963702532e-05
40457	5.243882425232105e-05	5.248074602497723e-05
43083	5.128380815766498e-05	5.128613839913648e-05
48033	5.011870461990586e-05	5.011872336272725e-05
56467	4.897727271924168e-05	4.897788193684466e-05
77856	4.786297594183697e-05	4.786300923226380e-05
180000	4.720684278480825e-05	4.786300923226380e-05
%
% index = 1134, name = bbob_f006_i21_d03__bbob_f008_i22_d03
% instance = 10, reference value = 9.493638790495120e-01
% function evaluation | indicator value | target hit
1	3.836753897712512e+00	3.890451449942806e+00
6	2.246562756824012e+00	2.290867652767773e+00
9	8.317818295901537e-01	8.511380382023764e-01
89	7.620330291657653e-01	7.762471166286917e-01
91	6.877707035521862e-01	6.918309709189365e-01
113	6.562172008320142e-01	6.606934480075960e-01
130	6.271248546177359e-01	6.309573444801932e-01
138	4.800602944438920e-01	4.897788193684462e-01
289	3.546628819316113e-01	3.548133892335755e-01
348	2.622092687859983e-01	2.630267991895382e-01
349	2.182854844842341e-01	2.187761623949552e-01
359	2.125194881851329e-01	2.137962089502232e-01
360	1.724297667144428e-01	1.737800828749375e-01
361	1.327983769387273e-01	1.348962882591654e-01
371	1.005605522272255e-01	1.023292992280754e-01
391	9.915356339887837e-02	1.000000000000000e-01
438	8.348509980364505e-02	8.511380382023763e-02
440	8.061778768640915e-02	8.128305161640990e-02
462	7.819871295926384e-02	7.943282347242814e-02
464	7.411230634785204e-02	7.413102413009177e-02
481	6.987761278026750e-02	7.079457843841380e-02
491	6.881956927494493e-02	6.918309709189366e-02
512	6.654770951743105e-02	6.760829753919818e-02
523	6.221338261488840e-02	6.309573444801933e-02
524	6.038891455496187e-02	6.165950018614822e-02
531	5.940752858197773e-02	6.025595860743578e-02
532	5.706301847627815e-02	5.754399373371569e-02
534	4.967955066383423e-02	5.011872336272722e-02
555	4.872858816789505e-02	4.897788193684462e-02
591	4.757594916926600e-02	4.786300923226382e-02
598	4.665615122979627e-02	4.677351412871981e-02
614	4.515217911801461e-02	4.570881896148749e-02
632	4.182944422644608e-02	4.265795188015926e-02
634	4.143633384774958e-02	4.168693834703355e-02
637	4.054995187268706e-02	4.073802778041128e-02
657	3.963853628578262e-02	3.981071705534973e-02
676	3.219396955518106e-02	3.235936569296283e-02
686	3.139273594690895e-02	3.162277660168379e-02
735	2.939908431479044e-02	2.951209226666385e-02
736	2.843652309837474e-02	2.884031503126606e-02
746	2.729322276893820e-02	2.754228703338166e-02
768	2.682381425405433e-02	2.691534803926915e-02
783	2.536863276277224e-02	2.570395782768863e-02
804	2.422698781677157e-02	2.454708915685030e-02
808	2.388425064968558e-02	2.398832919019490e-02
822	2.333379071146313e-02	2.344228815319923e-02
835	2.186962754090205e-02	2.187761623949553e-02
843	2.114764062916663e-02	2.137962089502233e-02
858	2.082812539991263e-02	2.089296130854040e-02
864	2.036572238599565e-02	2.041737944669529e-02
865	1.993865227257019e-02	1.995262314968880e-02
907	1.902805615946801e-02	1.905460717963247e-02
921	1.715274130765732e-02	1.737800828749375e-02
924	1.693678760954398e-02	1.698243652461744e-02
928	1.637479321925484e-02	1.659586907437561e-02
935	1.554786160741961e-02	1.584893192461113e-02
937	1.536536035821534e-02	1.548816618912481e-02
938	1.454400030663994e-02	1.479108388168207e-02
942	1.424312546586182e-02	1.445439770745927e-02
948	1.412264677164610e-02	1.412537544622754e-02
954	1.335680591067090e-02	1.348962882591653e-02
963	1.314022015703564e-02	1.318256738556407e-02
1142	1.232241433094372e-02	1.258925411794167e-02
1143	1.228616176408026e-02	1.230268770812382e-02
1187	1.201897715880929e-02	1.202264434617413e-02
1201	1.173955210588162e-02	1.174897554939530e-02
1222	1.092220956754009e-02	1.096478196143185e-02
1226	1.048083030100289e-02	1.071519305237606e-02
1227	1.035033122838425e-02	1.047128548050900e-02
1239	1.014674198915444e-02	1.023292992280754e-02
1253	9.987667337171380e-03	1.000000000000000e-02
1256	9.677647166588810e-03	9.772372209558112e-03
1270	9.423129064136004e-03	9.549925860214359e-03
1281	9.262530846192996e-03	9.332543007969915e-03
1294	9.104529385301152e-03	9.120108393559097e-03
1303	8.873962786436707e-03	8.912509381337459e-03
1316	8.528090854340031e-03	8.709635899560805e-03
1322	8.495769921903706e-03	8.511380382023767e-03
1327	8.275313791258454e-03	8.317637711026709e-03
1566	8.037048388608303e-03	8.128305161640995e-03
1587	7.928802329744911e-03	7.943282347242814e-03
1632	7.750834386377914e-03	7.762471166286920e-03
1675	7.533118579383880e-03	7.585775750291836e-03
1697	7.412280566970186e-03	7.413102413009177e-03
1703	7.198865076379457e-03	7.244359600749898e-03
1712	7.078094042462291e-03	7.079457843841380e-03
1729	6.904541542434139e-03	6.918309709189363e-03
1748	6.547810637451024e-03	6.606934480075957e-03
1749	6.435540535942086e-03	6.456542290346556e-03
2061	6.297928973649780e-03	6.309573444801930e-03
2129	6.148233328242436e-03	6.165950018614822e-03
2159	5.049644407879583e-03	5.128613839913648e-03
2166	5.008307268635881e-03	5.011872336272725e-03
2186	4.846341931846521e-03	4.897788193684461e-03
2190	4.777055365493998e-03	4.786300923226385e-03
2206	4.664343849358432e-03	4.677351412871981e-03
2222	4.409508951663255e-03	4.466835921509630e-03
2233	4.347679461961351e-03	4.365158322401661e-03
2249	4.262137419291268e-03	4.265795188015926e-03
2254	4.044691059352457e-03	4.073802778041126e-03
2266	3.974810931867467e-03	3.981071705534973e-03
2278	3.750340234250138e-03	3.801893963205613e-03
2286	3.389009536076570e-03	3.467368504525317e-03
2289	3.354333605231408e-03	3.388441561392024e-03
2300	3.305791265570401e-03	3.311311214825911e-03
2324	3.222125253478536e-03	3.235936569296281e-03
2350	3.131075509085646e-03	3.162277660168379e-03
2360	3.060344892133804e-03	3.090295432513592e-03
2380	2.995926906853130e-03	3.019951720402016e-03
2392	2.943499214662082e-03	2.951209226666387e-03
2396	2.851455461640229e-03	2.884031503126605e-03
2428	2.806116770686873e-03	2.818382931264455e-03
2440	2.753848464430608e-03	2.754228703338166e-03
2451	2.683004625302687e-03	2.691534803926917e-03
3049	2.618539434792400e-03	2.630267991895381e-03
3083	2.566750268773288e-03	2.570395782768865e-03
3111	2.508515223969221e-03	2.511886431509579e-03
3132	2.452126489164930e-03	2.454708915685031e-03
3144	2.389270901202334e-03	2.398832919019490e-03
3168	2.342289280073295e-03	2.344228815319923e-03
3181	2.271187199489599e-03	2.290867652767772e-03
3193	2.227520529772598e-03	2.238721138568340e-03
3202	2.186897468052673e-03	2.187761623949552e-03
3220	2.133996511532454e-03	2.137962089502233e-03
3231	2.071294867955986e-03	2.089296130854039e-03
3241	2.041181554011562e-03	2.041737944669530e-03
3267	1.979553331626582e-03	1.995262314968879e-03
3298	1.857839887177692e-03	1.862087136662868e-03
3339	1.814603189498887e-03	1.819700858609983e-03
3377	1.775193251851492e-03	1.778279410038923e-03
3400	1.735932382844418e-03	1.737800828749376e-03
3442	1.691552980973787e-03	1.698243652461744e-03
4302	1.652439635745240e-03	1.659586907437561e-03
4332	1.618636493052050e-03	1.621810097358930e-03
4349	1.584412021890635e-03	1.584893192461114e-03
4363	1.544340621652540e-03	1.548816618912481e-03
4386	1.511658649936853e-03	1.513561248436209e-03
4406	1.478927108557904e-03	1.479108388168207e-03
4410	1.445314045302903e-03	1.445439770745928e-03
4439	1.410694847951421e-03	1.412537544622754e-03
4485	1.380128429222194e-03	1.380384264602885e-03
4529	1.348754949666353e-03	1.348962882591653e-03
4569	1.242451653173049e-03	1.258925411794167e-03
4595	1.229863323092495e-03	1.230268770812381e-03
4653	1.201251501114609e-03	1.202264434617413e-03
4659	1.168476277889741e-03	1.174897554939529e-03
5901	1.147809943450762e-03	1.148153621496883e-03
5979	1.121746704135562e-03	1.122018454301963e-03
6050	1.095889034914976e-03	1.096478196143185e-03
6109	1.070610713182596e-03	1.071519305237606e-03
6152	1.037095928713150e-03	1.047128548050900e-03
6177	1.012718452506722e-03	1.023292992280754e-03
6206	9.946150198123505e-04	1.000000000000000e-03
6237	9.771707155169507e-04	9.772372209558111e-04
6279	9.545356334231814e-04	9.549925860214359e-04
8016	9.327550422034703e-04	9.332543007969915e-04
8058	8.949424861531829e-04	9.120108393559096e-04
8074	8.749317131936385e-04	8.912509381337459e-04
8086	8.707729425089239e-04	8.709635899560805e-04
8141	8.510884862986678e-04	8.511380382023768e-04
8258	8.314703456661077e-04	8.317637711026709e-04
8304	8.093826757944456e-04	8.128305161640995e-04
8360	7.934437974178588e-04	7.943282347242813e-04
8469	7.761214003263461e-04	7.762471166286919e-04
8523	7.565073194700789e-04	7.585775750291835e-04
8570	7.225969816366806e-04	7.244359600749898e-04
10928	7.064647329660945e-04	7.079457843841380e-04
11008	6.916878675674587e-04	6.918309709189362e-04
11047	6.757442127662827e-04	6.760829753919819e-04
11099	6.606728436621134e-04	6.606934480075957e-04
11187	6.450077624989836e-04	6.456542290346556e-04
11241	6.290979487298953e-04	6.309573444801930e-04
11304	6.106851472080788e-04	6.165950018614823e-04
11383	5.953230140681720e-04	6.025595860743575e-04
11418	5.886267582780880e-04	5.888436553555889e-04
11533	5.728459382362550e-04	5.754399373371566e-04
11644	5.623391914910680e-04	5.623413251903491e-04
15025	5.460746571473996e-04	5.495408738576248e-04
15104	5.348434615196629e-04	5.370317963702527e-04
15161	5.247468990196014e-04	5.248074602497728e-04
15231	5.120440286036088e-04	5.128613839913648e-04
15365	4.991929461770628e-04	5.011872336272725e-04
15466	4.897692860726943e-04	4.897788193684461e-04
15617	4.764300180071235e-04	4.786300923226385e-04
15727	4.668111657252227e-04	4.677351412871981e-04
15828	4.570795955249896e-04	4.570881896148752e-04
20423	4.464117068352369e-04	4.466835921509630e-04
20531	4.365064648497174e-04	4.365158322401661e-04
20664	4.265586909714125e-04	4.265795188015926e-04
20777	4.168268802313690e-04	4.168693834703355e-04
20939	4.064805937182836e-04	4.073802778041126e-04
21107	3.965378294625843e-04	3.981071705534974e-04
21241	3.888343336262423e-04	3.890451449942805e-04
21340	3.801040389834753e-04	3.801893963205612e-04
21458	3.654669557163759e-04	3.715352290971724e-04
21525	3.630627556279187e-04	3.630780547701014e-04
27711	3.548052315299755e-04	3.548133892335753e-04
27915	3.467358837581092e-04	3.467368504525317e-04
28115	3.388424618718799e-04	3.388441561392024e-04
28243	3.146413764540945e-04	3.162277660168379e-04
28378	3.084218650343251e-04	3.090295432513592e-04
28604	3.019615416269827e-04	3.019951720402016e-04
28728	2.950991734685937e-04	2.951209226666387e-04
29015	2.883628938052940e-04	2.884031503126605e-04
29358	2.817204893863501e-04	2.818382931264455e-04
29733	2.450643592990520e-04	2.454708915685031e-04
29964	2.389916362018907e-04	2.398832919019490e-04
30342	2.343733005236714e-04	2.344228815319923e-04
30683	2.290845460726221e-04	2.290867652767772e-04
30997	2.238426514626912e-04	2.238721138568340e-04
31387	2.182141155288031e-04	2.187761623949552e-04
31790	2.137706801177419e-04	2.137962089502232e-04
32351	2.089293415417082e-04	2.089296130854039e-04
32831	2.040081228357193e-04	2.041737944669530e-04
33547	1.988382614478423e-04	1.995262314968879e-04
34001	1.943199214237135e-04	1.949844599758046e-04
34518	1.904760629231061e-04	1.905460717963246e-04
35229	1.862025172622017e-04	1.862087136662868e-04
35859	1.819652342488487e-04	1.819700858609983e-04
36533	1.777875000578133e-04	1.778279410038923e-04
36855	1.737609333630763e-04	1.737800828749376e-04
37736	1.697773481805775e-04	1.698243652461744e-04
38619	1.659195580170358e-04	1.659586907437562e-04
39474	1.621444290462737e-04	1.621810097358930e-04
40419	1.584698687540076e-04	1.584893192461114e-04
41188	1.547237988804850e-04	1.548816618912481e-04
42182	1.513539693116517e-04	1.513561248436209e-04
43552	1.478815969978564e-04	1.479108388168207e-04
45041	1.445099151999862e-04	1.445439770745928e-04
46353	1.412434394038042e-04	1.412537544622754e-04
48454	1.380238059509598e-04	1.380384264602885e-04
50609	1.348677231605144e-04	1.348962882591653e-04
52309	1.318249367115998e-04	1.318256738556407e-04
54335	1.175650509470660e-04	1.202264434617413e-04
54478	1.174718992769108e-04	1.174897554939529e-04
55595	1.133240368406119e-04	1.148153621496883e-04
56704	1.121895962949981e-04	1.122018454301963e-04
58879	1.095434010363050e-04	1.096478196143185e-04
61694	1.071411327531191e-04	1.071519305237606e-04
64862	1.046977676877336e-04	1.047128548050900e-04
69035	1.023067705604452e-04	1.023292992280754e-04
73520	9.999794298554132e-05	1.000000000000000e-04
80101	9.772323422407858e-05	9.772372209558111e-05
86759	9.549269377406855e-05	9.549925860214369e-05
96769	9.332384578653041e-05	9.332543007969905e-05
112652	9.120090920655688e-05	9.120108393559096e-05
137331	8.910773915338233e-05	8.912509381337459e-05
178893	8.709565456777035e-05	8.709635899560814e-05
180001	8.705801544728331e-05	8.709635899560814e-05
%
% index = 1135, name = bbob_f006_i23_d03__bbob_f008_i24_d03
% instance = 11, reference value = 1.000000000000000e+00
% function evaluation | indicator value | target hit
1	2.129963273926780e+02	2.137962089502232e+02
4	6.361520309503871e-01	6.456542290346555e-01
67	5.239187429801009e-01	5.248074602497725e-01
105	2.979886044772884e-01	3.019951720402016e-01
119	2.824775284798108e-01	2.884031503126606e-01
139	9.560412451683031e-02	9.772372209558107e-02
143	6.193293196974636e-02	6.309573444801933e-02
153	5.718483922881157e-02	5.754399373371569e-02
160	5.398915648352176e-02	5.495408738576246e-02
166	3.480628424732879e-02	3.548133892335755e-02
172	2.966397474473192e-02	3.019951720402016e-02
191	2.951113172974540e-02	2.951209226666385e-02
210	2.752051341288375e-02	2.754228703338166e-02
238	2.660815505340675e-02	2.691534803926915e-02
267	2.606466900671434e-02	2.630267991895381e-02
279	2.505136105627015e-02	2.511886431509579e-02
317	2.454170163204095e-02	2.454708915685030e-02
430	2.359370950709927e-02	2.398832919019490e-02
437	2.170128814948091e-02	2.187761623949553e-02
441	1.822610613064668e-02	1.862087136662868e-02
447	1.814728726142789e-02	1.819700858609984e-02
473	1.633077366347402e-02	1.659586907437561e-02
489	1.620371720050229e-02	1.621810097358930e-02
495	1.475004508146349e-02	1.479108388168207e-02
598	1.244877839452796e-02	1.258925411794167e-02
742	1.198572254996955e-02	1.202264434617413e-02
778	1.061004721597203e-02	1.071519305237606e-02
781	1.033513096508187e-02	1.047128548050900e-02
907	1.022666480348111e-02	1.023292992280754e-02
1158	9.377682369467344e-03	9.549925860214359e-03
1191	9.331117396255917e-03	9.332543007969915e-03
1215	9.048092270278696e-03	9.120108393559097e-03
1290	8.676129208889494e-03	8.709635899560805e-03
1686	8.032029453917899e-03	8.128305161640995e-03
1743	7.299944324216323e-03	7.413102413009177e-03
2372	7.243906463754390e-03	7.244359600749898e-03
3445	6.364856341596892e-03	6.456542290346556e-03
4724	6.145966087959920e-03	6.165950018614822e-03
4840	5.997451253408337e-03	6.025595860743574e-03
9278	5.886131929163541e-03	5.888436553555890e-03
26779	5.754097897505694e-03	5.754399373371567e-03
180001	5.695752093861972e-03	5.754399373371567e-03
%
% index = 1136, name = bbob_f006_i25_d03__bbob_f008_i26_d03
% instance = 12, reference value = 1.000000000000000e+00
% function evaluation | indicator value | target hit
1	7.758997481309757e-01	7.762471166286917e-01
3	5.741478975488479e-02	5.754399373371569e-02
16	5.179552411299615e-02	5.248074602497726e-02
18	4.603614890454866e-02	4.677351412871981e-02
19	4.184890135373598e-02	4.265795188015926e-02
29	1.426692226522452e-02	1.445439770745927e-02
36	1.386650294162439e-02	1.412537544622754e-02
41	1.017067191163645e-02	1.023292992280754e-02
58	9.837480746789473e-03	1.000000000000000e-02
60	9.570490751142580e-03	9.772372209558112e-03
67	9.262588528049620e-03	9.332543007969915e-03
111	8.824773792446283e-03	8.912509381337459e-03
120	8.229809168410540e-03	8.317637711026709e-03
122	8.071527587764971e-03	8.128305161640995e-03
152	7.696545061004811e-03	7.762471166286920e-03
210	4.293752405354789e-03	4.365158322401661e-03
215	3.858819321067908e-03	3.890451449942805e-03
236	3.732319307242937e-03	3.801893963205613e-03
243	3.665079722558695e-03	3.715352290971724e-03
253	3.627995034480525e-03	3.630780547701014e-03
255	3.381693611563485e-03	3.388441561392024e-03
304	2.835096691691463e-03	2.884031503126605e-03
321	2.781619006780756e-03	2.818382931264455e-03
322	2.624978872638462e-03	2.630267991895381e-03
335	2.262722011999174e-03	2.290867652767772e-03
359	1.607192915023536e-03	1.621810097358930e-03
394	1.551824557982528e-03	1.584893192461114e-03
397	1.525179813417599e-03	1.548816618912481e-03
421	1.418291286055418e-03	1.445439770745928e-03
431	1.330406556986463e-03	1.348962882591653e-03
433	1.288368717935029e-03	1.318256738556408e-03
436	1.283403299567221e-03	1.288249551693134e-03
480	8.964732828631305e-04	9.120108393559096e-04
540	8.041950833417300e-04	8.128305161640995e-04
584	7.517363132170107e-04	7.585775750291835e-04
630	5.913054867129341e-04	6.025595860743575e-04
631	4.841489331849358e-04	4.897788193684461e-04
694	4.693912740129091e-04	4.786300923226385e-04
696	4.625326854555967e-04	4.677351412871981e-04
780	4.311287629308325e-04	4.365158322401661e-04
840	4.263224767865337e-04	4.265795188015926e-04
919	3.724058126775009e-04	3.801893963205612e-04
1218	3.714320966271556e-04	3.715352290971724e-04
1254	3.384046874453928e-04	3.388441561392024e-04
1473	3.269646780249547e-04	3.311311214825911e-04
1517	3.107077880269982e-04	3.162277660168379e-04
1529	3.055267350098312e-04	3.090295432513592e-04
2005	2.819972003832438e-04	2.884031503126605e-04
2009	2.562807927138921e-04	2.570395782768865e-04
2350	2.509630584227596e-04	2.511886431509580e-04
2456	2.347468883198145e-04	2.398832919019490e-04
2923	2.180412345004212e-04	2.187761623949552e-04
3010	2.130268615289088e-04	2.137962089502232e-04
3115	2.080455394869452e-04	2.089296130854039e-04
3324	2.022479133149124e-04	2.041737944669530e-04
4117	1.985142472676893e-04	1.995262314968879e-04
4341	1.946923412655677e-04	1.949844599758046e-04
5594	1.903261928443145e-04	1.905460717963246e-04
6126	1.857632561587108e-04	1.862087136662868e-04
8042	1.819478060273161e-04	1.819700858609983e-04
11304	1.759489960710958e-04	1.778279410038923e-04
12501	1.732796840611117e-04	1.737800828749376e-04
16609	1.694155133548092e-04	1.698243652461744e-04
34144	1.649610271866608e-04	1.659586907437562e-04
63906	1.621809034015875e-04	1.621810097358930e-04
180001	1.607815432123072e-04	1.621810097358930e-04
%
% index = 1137, name = bbob_f006_i27_d03__bbob_f008_i28_d03
% instance = 13, reference value = 1.000000000000000e+00
% function evaluation | indicator value | target hit
1	3.663902305320600e+01	3.715352290971726e+01
38	1.225891430421500e+00	1.230268770812382e+00
43	1.168257065500000e+00	1.174897554939530e+00
44	1.094393702942906e+00	1.096478196143185e+00
205	8.736397842692131e-01	8.912509381337456e-01
243	7.873727391636324e-01	7.943282347242815e-01
250	6.033546840818312e-01	6.165950018614822e-01
281	5.135941552051538e-01	5.248074602497725e-01
317	5.103526226769849e-01	5.128613839913648e-01
338	3.898886749783695e-01	3.981071705534972e-01
388	3.890228478470364e-01	3.890451449942806e-01
471	3.771985895097273e-01	3.801893963205612e-01
472	3.693957635377392e-01	3.715352290971726e-01
511	3.549428738392305e-01	3.630780547701014e-01
533	3.547075535587049e-01	3.548133892335755e-01
632	3.416436344457332e-01	3.467368504525316e-01
725	3.337452571044480e-01	3.388441561392025e-01
764	3.276934666100013e-01	3.311311214825911e-01
833	3.199373887549394e-01	3.235936569296283e-01
937	3.138195779087859e-01	3.162277660168379e-01
983	3.050699975051280e-01	3.090295432513591e-01
1026	2.878736870428951e-01	2.884031503126606e-01
1052	2.730779097781604e-01	2.754228703338166e-01
1057	2.352578376776316e-01	2.398832919019490e-01
1092	2.344158098715067e-01	2.344228815319922e-01
1130	2.245434835539707e-01	2.290867652767773e-01
1246	2.198600186631622e-01	2.238721138568339e-01
1267	2.066404084769413e-01	2.089296130854039e-01
1299	2.036002818290981e-01	2.041737944669530e-01
1314	1.986904333045584e-01	1.995262314968880e-01
1358	1.879613909154069e-01	1.905460717963247e-01
1368	1.859102124145595e-01	1.862087136662867e-01
1393	1.811896906500630e-01	1.819700858609984e-01
1574	1.769564327927764e-01	1.778279410038923e-01
1586	1.736069214183307e-01	1.737800828749375e-01
1648	1.689916830751387e-01	1.698243652461744e-01
1667	1.652985321011117e-01	1.659586907437560e-01
1687	1.595306352363564e-01	1.621810097358930e-01
1717	1.580897497170904e-01	1.584893192461113e-01
1976	1.548764178579189e-01	1.548816618912481e-01
2063	1.456841003635687e-01	1.479108388168208e-01
2384	1.444937874676707e-01	1.445439770745928e-01
2399	1.398300572298707e-01	1.412537544622754e-01
2415	1.379797842673732e-01	1.380384264602885e-01
2549	1.346659811722617e-01	1.348962882591654e-01
2699	1.316650812469067e-01	1.318256738556407e-01
2750	1.288049740217732e-01	1.288249551693134e-01
3207	1.258575992332942e-01	1.258925411794167e-01
3267	1.230217841816313e-01	1.230268770812381e-01
3620	1.202107656635688e-01	1.202264434617413e-01
3683	1.174849130584409e-01	1.174897554939529e-01
3888	1.097078322795999e-01	1.122018454301964e-01
3895	1.095483323153440e-01	1.096478196143185e-01
4812	1.070112572648392e-01	1.071519305237607e-01
5704	1.041275801888091e-01	1.047128548050900e-01
5963	1.022738712019511e-01	1.023292992280754e-01
8004	9.996909766559758e-02	1.000000000000000e-01
10639	9.767959357885547e-02	9.772372209558107e-02
14950	9.549871384050634e-02	9.549925860214359e-02
24533	9.332282700422700e-02	9.332543007969910e-02
41607	9.119996770889949e-02	9.120108393559097e-02
79553	8.912176751288170e-02	8.912509381337455e-02
180001	8.855286483742608e-02	8.912509381337455e-02
%
% index = 1138, name = bbob_f006_i29_d03__bbob_f008_i30_d03
% instance = 14, reference value = 1.000000000000000e+00
% function evaluation | indicator value | target hit
1	5.996275695765491e-01	6.025595860743578e-01
12	1.006152503177107e-01	1.023292992280754e-01
17	9.923890382639555e-02	1.000000000000000e-01
24	9.174631839003944e-02	9.332543007969910e-02
39	9.057800302291363e-02	9.120108393559097e-02
54	7.113195393145288e-02	7.244359600749903e-02
62	3.687699491655150e-03	3.715352290971724e-03
91	3.097456467806903e-03	3.162277660168379e-03
118	2.868626038638022e-03	2.884031503126605e-03
128	2.785939553748396e-03	2.818382931264455e-03
147	2.753261354054404e-03	2.754228703338166e-03
154	2.503132967977217e-03	2.511886431509579e-03
155	2.321194372564950e-03	2.344228815319923e-03
184	2.266588424558957e-03	2.290867652767772e-03
201	2.219345988760280e-03	2.238721138568340e-03
231	1.543255414390821e-03	1.548816618912481e-03
244	1.511858540943378e-03	1.513561248436209e-03
251	1.221719494542417e-03	1.230268770812381e-03
259	1.183280154162580e-03	1.202264434617413e-03
275	1.162112193959564e-03	1.174897554939529e-03
285	1.125515373829544e-03	1.148153621496883e-03
313	9.698117357904712e-04	9.772372209558111e-04
344	9.165736439862293e-04	9.332543007969915e-04
366	9.117628894831364e-04	9.120108393559096e-04
583	8.520186921441297e-04	8.709635899560805e-04
608	8.501564804862527e-04	8.511380382023768e-04
642	7.898136570226866e-04	7.943282347242813e-04
913	7.415210994569099e-04	7.585775750291835e-04
915	7.374626924915306e-04	7.413102413009177e-04
961	5.939853590959387e-04	6.025595860743575e-04
1069	5.885701754607675e-04	5.888436553555889e-04
1618	5.750870550863540e-04	5.754399373371566e-04
1762	5.587394031947301e-04	5.623413251903491e-04
2429	5.493925734686433e-04	5.495408738576248e-04
3392	5.368875776813331e-04	5.370317963702527e-04
4637	5.244176766314723e-04	5.248074602497728e-04
9442	5.121704026428420e-04	5.128613839913648e-04
25667	4.955009589904247e-04	5.011872336272725e-04
47039	4.887035540944717e-04	4.897788193684461e-04
127261	4.399454580343853e-04	4.466835921509630e-04
180001	4.395553520177842e-04	4.466835921509630e-04
%
% index = 1139, name = bbob_f006_i31_d03__bbob_f008_i34_d03
% instance = 15, reference value = 1.000000000000000e+00
% function evaluation | indicator value | target hit
1	8.843569778668003e-02	8.912509381337455e-02
11	8.543637289929473e-02	8.709635899560805e-02
14	7.359238248538147e-02	7.413102413009177e-02
17	5.957913732742504e-02	6.025595860743578e-02
34	5.778392765810769e-02	5.888436553555890e-02
113	5.737395293444347e-02	5.754399373371569e-02
184	3.471496916305139e-02	3.548133892335755e-02
204	3.466121921140686e-02	3.467368504525317e-02
314	3.386971635783820e-02	3.388441561392026e-02
340	2.381517324336091e-02	2.398832919019490e-02
406	2.337791448429782e-02	2.344228815319923e-02
415	2.118254430004729e-02	2.137962089502233e-02
420	1.743334966081023e-02	1.778279410038923e-02
425	1.690090020498825e-02	1.698243652461744e-02
443	1.594758558993348e-02	1.621810097358930e-02
444	1.545872362308409e-02	1.548816618912481e-02
456	1.478188625574739e-02	1.479108388168207e-02
542	1.388356632252674e-02	1.412537544622754e-02
570	1.359451184719052e-02	1.380384264602885e-02
582	1.328960177520777e-02	1.348962882591653e-02
590	1.312232932370083e-02	1.318256738556407e-02
597	3.931729258938588e-03	3.981071705534973e-03
678	3.819590507670556e-03	3.890451449942805e-03
812	3.795736712995268e-03	3.801893963205613e-03
876	3.644200088192218e-03	3.715352290971724e-03
882	3.626599670346731e-03	3.630780547701014e-03
935	3.506279036242343e-03	3.548133892335753e-03
995	3.430747775737486e-03	3.467368504525317e-03
1178	3.299099212048517e-03	3.311311214825911e-03
1217	2.101916685641747e-03	2.137962089502233e-03
1769	2.088101287244015e-03	2.089296130854039e-03
2344	8.516143745722626e-04	8.709635899560805e-04
2433	8.508307361126954e-04	8.511380382023768e-04
2572	8.269927412912770e-04	8.317637711026709e-04
2583	7.312580139123837e-04	7.413102413009177e-04
2698	3.528393195664226e-04	3.548133892335753e-04
3708	3.089817778767490e-04	3.090295432513592e-04
7024	2.987126554999664e-04	3.019951720402016e-04
14238	2.945325192029724e-04	2.951209226666387e-04
62596	2.881930805841426e-04	2.884031503126605e-04
180001	2.868545309530068e-04	2.884031503126605e-04
