%
% index = 300, name = bbob_f006_i02_d02__bbob_f008_i04_d02
% instance = 1, reference value = 9.997366181897280e-01
% function evaluation | indicator value | target hit
1	4.339143691381093e-01	4.365158322401660e-01
32	1.770164613554830e-01	1.778279410038923e-01
85	1.300769712045258e-02	1.318256738556407e-02
92	1.241196241012188e-02	1.258925411794167e-02
108	8.127626621074691e-03	8.128305161640995e-03
168	6.773221310004907e-03	6.918309709189363e-03
178	6.760724134110552e-03	6.760829753919818e-03
181	6.570194773736882e-03	6.606934480075957e-03
328	1.531185394837875e-03	1.548816618912481e-03
379	1.307948448046603e-03	1.318256738556408e-03
446	1.239541760375107e-03	1.258925411794167e-03
448	7.168456012278668e-04	7.244359600749898e-04
524	7.073474285428372e-04	7.079457843841380e-04
541	6.032931907955508e-04	6.165950018614823e-04
546	5.719030370445743e-04	5.754399373371566e-04
575	5.435819364675298e-04	5.495408738576248e-04
603	3.976695547454057e-04	3.981071705534974e-04
781	3.889654714073210e-04	3.890451449942805e-04
1366	3.703007103833533e-04	3.715352290971724e-04
1777	3.428824750582038e-04	3.467368504525317e-04
2635	3.110454739500002e-04	3.162277660168379e-04
3644	3.056292503651470e-04	3.090295432513592e-04
5880	2.754805938571803e-04	2.818382931264455e-04
7042	2.754131206148536e-04	2.754228703338166e-04
10004	2.649176831817091e-04	2.691534803926917e-04
25658	2.562467249146438e-04	2.570395782768865e-04
26306	2.118548853140556e-04	2.137962089502232e-04
39676	2.088386091554373e-04	2.089296130854039e-04
71021	2.040203990578693e-04	2.041737944669530e-04
80061	1.415847736674358e-04	1.445439770745928e-04
82156	1.076142161171578e-04	1.096478196143185e-04
85233	1.066396462539032e-04	1.071519305237606e-04
89279	1.045378615431858e-04	1.047128548050900e-04
94886	1.001712508008623e-04	1.023292992280754e-04
112481	9.999465671639562e-05	1.000000000000000e-04
120000	9.868404663648800e-05	1.000000000000000e-04
%
% index = 301, name = bbob_f006_i03_d02__bbob_f008_i05_d02
% instance = 2, reference value = 9.854715021763220e-01
% function evaluation | indicator value | target hit
1	2.234026048631224e+03	2.238721138568340e+03
14	1.359450152040503e+03	1.380384264602885e+03
18	8.249064201759176e+02	8.317637711026708e+02
25	2.121157925303448e+02	2.137962089502232e+02
29	1.256889367050880e+02	1.258925411794168e+02
46	7.256367531521691e+01	7.413102413009177e+01
60	8.947453093600906e+00	9.120108393559097e+00
120	3.281438607172939e+00	3.311311214825911e+00
156	6.040950985289368e-01	6.165950018614822e-01
202	5.914853879233792e-01	6.025595860743578e-01
207	5.762657615513056e-01	5.888436553555889e-01
208	5.590878279223370e-01	5.623413251903491e-01
214	4.841583015825037e-01	4.897788193684462e-01
230	4.758185800224669e-01	4.786300923226383e-01
231	4.647842983489140e-01	4.677351412871982e-01
244	4.535211250244451e-01	4.570881896148750e-01
245	4.346292876563886e-01	4.365158322401660e-01
253	4.246486349792806e-01	4.265795188015927e-01
292	3.977040101354887e-01	3.981071705534972e-01
307	3.846520074566033e-01	3.890451449942806e-01
325	3.600046993686472e-01	3.630780547701014e-01
347	3.481676244719347e-01	3.548133892335755e-01
351	3.067565705554328e-01	3.090295432513591e-01
362	9.817826137651475e-02	1.000000000000000e-01
377	9.366184756027052e-02	9.549925860214359e-02
389	4.870569623779697e-02	4.897788193684462e-02
403	4.587186647452446e-02	4.677351412871981e-02
485	4.302899265615012e-02	4.365158322401658e-02
498	4.184157343525918e-02	4.265795188015926e-02
532	4.120199906830013e-02	4.168693834703355e-02
588	3.943569897121135e-02	3.981071705534973e-02
590	3.824725264227746e-02	3.890451449942807e-02
630	3.129642278924571e-02	3.162277660168379e-02
661	2.991866265520515e-02	3.019951720402016e-02
672	2.901757347664080e-02	2.951209226666385e-02
729	2.029453547245030e-02	2.041737944669529e-02
782	1.989403962593295e-02	1.995262314968880e-02
787	1.339396348306365e-02	1.348962882591653e-02
860	1.315068781524009e-02	1.318256738556407e-02
976	8.728811227860622e-03	8.912509381337459e-03
984	8.705577135377340e-03	8.709635899560805e-03
1002	6.513870076707118e-03	6.606934480075957e-03
1071	5.908277476370127e-03	6.025595860743574e-03
1210	5.809288021552561e-03	5.888436553555890e-03
1215	5.753298428891718e-03	5.754399373371567e-03
1285	5.543982571544759e-03	5.623413251903491e-03
1323	5.195538050293602e-03	5.248074602497728e-03
1372	5.078177562774844e-03	5.128613839913648e-03
1668	5.009786860207588e-03	5.011872336272725e-03
1715	4.888972013240234e-03	4.897788193684461e-03
1754	3.918034868948705e-03	3.981071705534973e-03
1763	3.395480113988159e-03	3.467368504525317e-03
1768	3.364287098621577e-03	3.388441561392024e-03
1818	3.292265887464119e-03	3.311311214825911e-03
2260	3.232898690292529e-03	3.235936569296281e-03
2305	3.119395312282225e-03	3.162277660168379e-03
2368	3.061983564015103e-03	3.090295432513592e-03
2424	2.985911421767518e-03	3.019951720402016e-03
3011	2.937865960273234e-03	2.951209226666387e-03
3017	2.862163874865153e-03	2.884031503126605e-03
3091	2.817929783218154e-03	2.818382931264455e-03
3139	2.738766388739489e-03	2.754228703338166e-03
3184	2.593797612150728e-03	2.630267991895381e-03
3985	2.561558667812269e-03	2.570395782768865e-03
4085	2.511834400737656e-03	2.511886431509579e-03
4239	2.454321329773745e-03	2.454708915685031e-03
4348	2.385729710392970e-03	2.398832919019490e-03
5399	2.022228189092257e-03	2.041737944669530e-03
5552	1.994260622782740e-03	1.995262314968879e-03
5675	1.947862279366719e-03	1.949844599758046e-03
5802	1.897797192537687e-03	1.905460717963246e-03
5906	1.827954748571559e-03	1.862087136662868e-03
5913	1.818564565565728e-03	1.819700858609983e-03
7605	1.773656716383964e-03	1.778279410038923e-03
7721	1.724263922326497e-03	1.737800828749376e-03
7835	1.696931350730901e-03	1.698243652461744e-03
8018	1.657927023149153e-03	1.659586907437561e-03
10488	1.620498009553883e-03	1.621810097358930e-03
10511	1.582218409074576e-03	1.584893192461114e-03
10753	1.548191274036159e-03	1.548816618912481e-03
11098	1.305119800261934e-03	1.318256738556408e-03
11674	1.288222747918066e-03	1.288249551693134e-03
14611	1.084845350555863e-03	1.096478196143185e-03
14892	1.070425815945630e-03	1.071519305237606e-03
15157	1.046728032141120e-03	1.047128548050900e-03
15345	1.023276082515623e-03	1.023292992280754e-03
15992	9.984764635452281e-04	1.000000000000000e-03
16445	9.762393008164727e-04	9.772372209558111e-04
21562	9.548816015453321e-04	9.549925860214359e-04
21895	9.270572503047303e-04	9.332543007969915e-04
22701	9.071610126606400e-04	9.120108393559096e-04
23434	8.910651385599655e-04	8.912509381337459e-04
29434	8.700305797954000e-04	8.709635899560805e-04
31642	8.468239875358829e-04	8.511380382023768e-04
34592	8.314645934111020e-04	8.317637711026709e-04
46779	8.125317497796880e-04	8.128305161640995e-04
51515	7.933720562957047e-04	7.943282347242813e-04
58639	7.762466176882699e-04	7.762471166286919e-04
74686	7.585741115542222e-04	7.585775750291835e-04
87466	7.412697810218472e-04	7.413102413009177e-04
100015	7.197645892212945e-04	7.244359600749898e-04
120624	7.080669794087280e-04	7.244359600749898e-04
%
% index = 302, name = bbob_f006_i07_d02__bbob_f008_i08_d02
% instance = 3, reference value = 9.738899051705709e-01
% function evaluation | indicator value | target hit
1	1.299194809001605e+02	1.318256738556407e+02
10	1.069656887078815e+02	1.071519305237606e+02
15	3.098739858085057e+01	3.162277660168379e+01
30	5.207388146740571e+00	5.248074602497725e+00
41	4.620195152785571e+00	4.677351412871983e+00
47	4.306185815070571e+00	4.365158322401660e+00
80	3.457472838808071e+00	3.467368504525317e+00
82	2.747554317465071e+00	2.754228703338166e+00
112	1.416006717500571e+00	1.445439770745927e+00
119	1.029101578064071e+00	1.047128548050900e+00
123	1.759181391545415e-01	1.778279410038923e-01
138	8.216311191012693e-02	8.317637711026708e-02
173	4.311828483606184e-02	4.365158322401658e-02
194	4.206594674598652e-02	4.265795188015926e-02
208	4.008937231371701e-02	4.073802778041128e-02
233	3.032878731409305e-02	3.090295432513590e-02
237	2.953758443936694e-02	3.019951720402016e-02
253	2.515268769589674e-02	2.570395782768863e-02
256	2.508443999743293e-02	2.511886431509579e-02
264	2.378931546379581e-02	2.398832919019490e-02
282	1.883068912406904e-02	1.905460717963247e-02
295	1.771139752396012e-02	1.778279410038923e-02
296	1.431186619913427e-02	1.445439770745927e-02
302	1.408755469494660e-02	1.412537544622754e-02
358	1.361724970541556e-02	1.380384264602885e-02
359	1.294988305584555e-02	1.318256738556407e-02
381	1.260680243989387e-02	1.288249551693134e-02
396	1.252468716362554e-02	1.258925411794167e-02
420	1.213069309738779e-02	1.230268770812382e-02
421	1.119754442917564e-02	1.122018454301964e-02
427	1.068141148289170e-02	1.071519305237606e-02
430	8.449429062605929e-03	8.511380382023767e-03
457	8.208904844421494e-03	8.317637711026709e-03
474	8.117755155808704e-03	8.128305161640995e-03
485	7.245474044774936e-03	7.413102413009177e-03
486	7.225722612551722e-03	7.244359600749898e-03
499	6.906346156310139e-03	6.918309709189363e-03
501	6.661801552362623e-03	6.760829753919818e-03
511	6.401284538974816e-03	6.456542290346556e-03
527	5.851454652512356e-03	5.888436553555890e-03
533	5.430621584748274e-03	5.495408738576248e-03
537	5.355619729208949e-03	5.370317963702527e-03
548	5.140856685038608e-03	5.248074602497728e-03
564	5.048746074224786e-03	5.128613839913648e-03
570	4.865830381803549e-03	4.897788193684461e-03
786	4.771741267444285e-03	4.786300923226385e-03
799	4.638993119645995e-03	4.677351412871981e-03
812	4.456587683799085e-03	4.466835921509630e-03
829	4.331108971877495e-03	4.365158322401661e-03
831	4.043773189088329e-03	4.073802778041126e-03
838	3.925746900542260e-03	3.981071705534973e-03
857	3.846195363782834e-03	3.890451449942805e-03
860	3.761329358315968e-03	3.801893963205613e-03
861	3.708251552382191e-03	3.715352290971724e-03
870	3.525593556125028e-03	3.548133892335753e-03
871	3.360552205126766e-03	3.388441561392024e-03
879	3.302249309995897e-03	3.311311214825911e-03
881	3.172129332818741e-03	3.235936569296281e-03
884	3.145963282804476e-03	3.162277660168379e-03
900	3.084361304700023e-03	3.090295432513592e-03
913	3.010532842058100e-03	3.019951720402016e-03
930	2.918198471470235e-03	2.951209226666387e-03
933	2.877606858680215e-03	2.884031503126605e-03
941	2.810176656389385e-03	2.818382931264455e-03
966	2.736154386974166e-03	2.754228703338166e-03
974	2.670201512874004e-03	2.691534803926917e-03
1264	2.566104275423697e-03	2.570395782768865e-03
1282	2.511831970372524e-03	2.511886431509579e-03
1298	2.439335073563420e-03	2.454708915685031e-03
1306	2.380442203333777e-03	2.398832919019490e-03
1311	2.343086974216257e-03	2.344228815319923e-03
1318	2.290801230285022e-03	2.290867652767772e-03
1322	2.234189645541007e-03	2.238721138568340e-03
1336	2.164310105111200e-03	2.187761623949552e-03
1357	2.091339744241139e-03	2.137962089502233e-03
1358	2.086862585888971e-03	2.089296130854039e-03
1369	2.041427688326380e-03	2.041737944669530e-03
1373	1.986303701141057e-03	1.995262314968879e-03
1425	1.946231319868486e-03	1.949844599758046e-03
1440	1.897910694173666e-03	1.905460717963246e-03
1883	1.856616483980389e-03	1.862087136662868e-03
1894	1.819297061036118e-03	1.819700858609983e-03
1914	1.776719242028713e-03	1.778279410038923e-03
1943	1.736135314085008e-03	1.737800828749376e-03
1960	1.697380778449498e-03	1.698243652461744e-03
2000	1.654746364459836e-03	1.659586907437561e-03
2001	1.611392550773028e-03	1.621810097358930e-03
2029	1.564095788342823e-03	1.584893192461114e-03
2043	1.542222152534412e-03	1.548816618912481e-03
2066	1.513335923375325e-03	1.513561248436209e-03
2074	1.469167339444688e-03	1.479108388168207e-03
2105	1.444306676533724e-03	1.445439770745928e-03
2162	1.410154847979461e-03	1.412537544622754e-03
2203	1.380153132847783e-03	1.380384264602885e-03
2249	1.347581661757746e-03	1.348962882591653e-03
2972	1.315513832534143e-03	1.318256738556408e-03
3004	1.286749935477061e-03	1.288249551693134e-03
3036	1.227889410841621e-03	1.230268770812381e-03
3075	1.200542946843242e-03	1.202264434617413e-03
3130	1.173844816994563e-03	1.174897554939529e-03
3173	1.144631158056741e-03	1.148153621496883e-03
3263	1.119458154286712e-03	1.122018454301963e-03
3356	1.096276379777605e-03	1.096478196143185e-03
4468	1.070606292846055e-03	1.071519305237606e-03
4548	1.027375089001747e-03	1.047128548050900e-03
4579	1.022443248318905e-03	1.023292992280754e-03
4639	9.994063303523371e-04	1.000000000000000e-03
4755	9.771067500526920e-04	9.772372209558111e-04
6262	9.546552045629486e-04	9.549925860214359e-04
6334	9.311458452474497e-04	9.332543007969915e-04
6380	8.959283300674636e-04	9.120108393559096e-04
6425	8.908236631598454e-04	8.912509381337459e-04
6539	8.707283435600566e-04	8.709635899560805e-04
6712	8.481670202984404e-04	8.511380382023768e-04
8746	8.315470238292599e-04	8.317637711026709e-04
8807	8.069285080342103e-04	8.128305161640995e-04
8908	7.941771857574720e-04	7.943282347242813e-04
9091	7.762083764323302e-04	7.762471166286919e-04
9197	7.565320249418583e-04	7.585775750291835e-04
9333	7.412835999569545e-04	7.413102413009177e-04
12155	7.238216295545330e-04	7.244359600749898e-04
12390	7.079166849022211e-04	7.079457843841380e-04
12571	6.177492032737320e-04	6.309573444801930e-04
12593	6.165715597624688e-04	6.165950018614823e-04
16468	6.025466302619353e-04	6.025595860743575e-04
16500	5.526819055147181e-04	5.623413251903491e-04
16551	5.494387827631453e-04	5.495408738576248e-04
16731	5.361856173016211e-04	5.370317963702527e-04
17142	5.247963474441786e-04	5.248074602497728e-04
22439	5.102036847506319e-04	5.128613839913648e-04
22624	4.931038501533314e-04	5.011872336272725e-04
22769	4.864217455345932e-04	4.897788193684461e-04
22948	4.780579419642050e-04	4.786300923226385e-04
23075	4.672141004411490e-04	4.677351412871981e-04
23587	4.568214274089932e-04	4.570881896148752e-04
30930	4.463651741980490e-04	4.466835921509630e-04
31884	4.365151914853538e-04	4.365158322401661e-04
31992	4.263056514318686e-04	4.265795188015926e-04
32840	4.155606775305687e-04	4.168693834703355e-04
33663	4.047597315085527e-04	4.073802778041126e-04
34718	3.980013282924855e-04	3.981071705534974e-04
35481	3.887677415524982e-04	3.890451449942805e-04
37793	3.801556721169108e-04	3.801893963205612e-04
39819	3.715347119862544e-04	3.715352290971724e-04
42788	3.521727222816073e-04	3.548133892335753e-04
44836	3.467014272215962e-04	3.467368504525317e-04
45875	3.278402837924022e-04	3.311311214825911e-04
49628	3.235730529438374e-04	3.235936569296281e-04
53750	3.153107869244831e-04	3.162277660168379e-04
58191	3.086208481379860e-04	3.090295432513592e-04
68445	3.019540996289649e-04	3.019951720402016e-04
75050	2.951208983665854e-04	2.951209226666387e-04
76611	2.715755503255313e-04	2.754228703338166e-04
77470	2.664546811077528e-04	2.691534803926917e-04
81987	2.629151658456452e-04	2.630267991895381e-04
94644	2.570362470455390e-04	2.570395782768865e-04
100408	2.405807894020340e-04	2.454708915685031e-04
105681	2.373502823782569e-04	2.398832919019490e-04
109887	2.328260157488105e-04	2.344228815319923e-04
113572	2.288624465214273e-04	2.290867652767772e-04
120000	2.273130862973094e-04	2.290867652767772e-04
%
% index = 303, name = bbob_f006_i09_d02__bbob_f008_i10_d02
% instance = 4, reference value = 9.997887541452440e-01
% function evaluation | indicator value | target hit
1	3.903735337214744e+00	3.981071705534972e+00
15	3.625524367274244e+00	3.630780547701014e+00
16	3.132322161124244e+00	3.162277660168380e+00
26	2.354521298530744e+00	2.398832919019490e+00
41	1.283086302524744e+00	1.288249551693134e+00
85	1.014724109775744e+00	1.023292992280754e+00
128	8.957788468801251e-01	9.120108393559098e-01
144	6.263914129303599e-01	6.309573444801932e-01
151	5.674543204879025e-01	5.754399373371569e-01
183	7.273089378700603e-02	7.413102413009177e-02
228	1.679954515611959e-02	1.698243652461744e-02
274	8.025282097355313e-03	8.128305161640995e-03
296	6.691201560180104e-03	6.760829753919818e-03
329	6.338260462691925e-03	6.456542290346556e-03
366	6.283570679827433e-03	6.309573444801930e-03
367	5.952719309924914e-03	6.025595860743574e-03
416	5.867247277725696e-03	5.888436553555890e-03
428	3.039400859458863e-03	3.090295432513592e-03
466	1.517620429552724e-03	1.548816618912481e-03
467	1.499320054946796e-03	1.513561248436209e-03
531	1.428244649505972e-03	1.445439770745928e-03
709	1.253096988916291e-03	1.258925411794167e-03
866	7.596100386970672e-04	7.762471166286919e-04
946	3.231430598130691e-04	3.235936569296281e-04
1269	3.161986359176971e-04	3.162277660168379e-04
1617	2.835260664365569e-04	2.884031503126605e-04
2057	2.553371962371598e-04	2.570395782768865e-04
4240	2.440650608097616e-04	2.454708915685031e-04
16192	2.392635538974730e-04	2.398832919019490e-04
54751	2.340870539458972e-04	2.344228815319923e-04
105230	2.290743486240698e-04	2.290867652767772e-04
120000	2.266186834921635e-04	2.290867652767772e-04
%
% index = 304, name = bbob_f006_i11_d02__bbob_f008_i12_d02
% instance = 5, reference value = 8.907256810762970e-01
% function evaluation | indicator value | target hit
1	3.670018418854297e+00	3.715352290971725e+00
6	2.066386714563568e+00	2.089296130854040e+00
116	1.380498719257797e+00	1.412537544622754e+00
268	8.567857417836371e-01	8.709635899560807e-01
401	7.099520283230054e-01	7.244359600749900e-01
529	7.040209104995515e-01	7.079457843841379e-01
603	6.758452541463138e-01	6.760829753919817e-01
652	6.457879910159312e-01	6.606934480075960e-01
657	6.396453054548999e-01	6.456542290346555e-01
667	6.254398329286331e-01	6.309573444801932e-01
725	5.687283318957923e-01	5.754399373371569e-01
743	4.663802344355486e-01	4.677351412871982e-01
750	4.348663336422209e-01	4.365158322401660e-01
752	4.245123994570951e-01	4.265795188015927e-01
802	3.835591666390450e-01	3.890451449942806e-01
807	2.580812312816119e-01	2.630267991895382e-01
833	2.186105038442501e-01	2.187761623949552e-01
851	1.738911035299738e-01	1.778279410038923e-01
861	1.607207759740971e-01	1.621810097358930e-01
866	1.510206554851748e-01	1.513561248436208e-01
882	1.408393272986175e-01	1.412537544622754e-01
908	1.318187261569810e-01	1.318256738556407e-01
910	1.279354888381754e-01	1.288249551693134e-01
940	1.255529681146551e-01	1.258925411794167e-01
945	1.224744840861665e-01	1.230268770812381e-01
953	1.200928001077224e-01	1.202264434617413e-01
977	9.954444900294590e-02	1.000000000000000e-01
1007	9.711364529016142e-02	9.772372209558107e-02
1054	8.899663821409609e-02	8.912509381337455e-02
1075	8.545668668201223e-02	8.709635899560805e-02
1081	8.471120097195961e-02	8.511380382023763e-02
1111	8.300308044714855e-02	8.317637711026708e-02
1119	8.081047351971504e-02	8.128305161640990e-02
1132	6.350740472666305e-02	6.456542290346556e-02
1133	6.193432081102135e-02	6.309573444801933e-02
1150	5.470498772158039e-02	5.495408738576246e-02
1162	4.778890806546654e-02	4.786300923226382e-02
1192	4.673095835664165e-02	4.677351412871981e-02
1483	4.564447156262819e-02	4.570881896148749e-02
1485	4.255899425406018e-02	4.265795188015926e-02
1508	3.508146924863920e-02	3.548133892335755e-02
1526	2.835060210403517e-02	2.884031503126606e-02
1543	2.747672304355586e-02	2.754228703338166e-02
1587	2.644735000223541e-02	2.691534803926915e-02
1592	2.417617535707584e-02	2.454708915685030e-02
2005	2.348604397881615e-02	2.398832919019490e-02
2041	2.339994441386339e-02	2.344228815319923e-02
2120	2.281415153620714e-02	2.290867652767773e-02
2154	2.238337569467930e-02	2.238721138568340e-02
2159	1.944809498697053e-02	1.949844599758046e-02
2171	1.888304392018114e-02	1.905460717963247e-02
2869	1.838521104840851e-02	1.862087136662868e-02
2886	1.815056947638094e-02	1.819700858609984e-02
2904	1.777304814293268e-02	1.778279410038923e-02
2986	1.713733389320893e-02	1.737800828749375e-02
2995	1.658900492429283e-02	1.659586907437561e-02
4013	1.607424740471708e-02	1.621810097358930e-02
4050	1.583646633291191e-02	1.584893192461113e-02
4224	1.544330320302556e-02	1.548816618912481e-02
4311	1.464006379137806e-02	1.479108388168207e-02
4879	1.444829850335083e-02	1.445439770745927e-02
5764	1.375627577288907e-02	1.380384264602885e-02
5799	1.345194719677778e-02	1.348962882591653e-02
5923	1.315516779107828e-02	1.318256738556407e-02
5967	1.047124936997801e-02	1.047128548050900e-02
6090	1.001225618980761e-02	1.023292992280754e-02
8000	9.999607794663579e-03	1.000000000000000e-02
8278	9.771363440324921e-03	9.772372209558112e-03
8545	9.430417720735385e-03	9.549925860214359e-03
11652	9.331869715146102e-03	9.332543007969915e-03
14190	9.016600247688356e-03	9.120108393559097e-03
16075	8.814565332372792e-03	8.912509381337459e-03
16448	8.604450421305976e-03	8.709635899560805e-03
16539	8.494650967791784e-03	8.511380382023767e-03
22527	8.260708927924076e-03	8.317637711026709e-03
23288	8.074465257721153e-03	8.128305161640995e-03
31377	7.793868204183374e-03	7.943282347242814e-03
32001	7.740736672810167e-03	7.762471166286920e-03
32021	7.543367865228356e-03	7.585775750291836e-03
32778	7.326179958747958e-03	7.413102413009177e-03
33002	7.048812277341554e-03	7.079457843841380e-03
35203	6.916525792220241e-03	6.918309709189363e-03
36124	6.754244748102933e-03	6.760829753919818e-03
38245	6.599651973534071e-03	6.606934480075957e-03
41699	6.404543321708922e-03	6.456542290346556e-03
42269	4.770814951684521e-03	4.786300923226385e-03
44246	4.540343498184329e-03	4.570881896148752e-03
46962	4.388884740658128e-03	4.466835921509630e-03
50334	4.351177012392848e-03	4.365158322401661e-03
62386	4.222181644229717e-03	4.265795188015926e-03
64097	3.711131231860398e-03	3.715352290971724e-03
71234	3.102696378217029e-03	3.162277660168379e-03
73335	3.082122545189248e-03	3.090295432513592e-03
85191	3.018324368492142e-03	3.019951720402016e-03
100451	2.935112722683542e-03	2.951209226666387e-03
114466	2.877053278932395e-03	2.884031503126605e-03
120000	2.863641915627824e-03	2.884031503126605e-03
%
% index = 305, name = bbob_f006_i13_d02__bbob_f008_i14_d02
% instance = 6, reference value = 9.989064617558950e-01
% function evaluation | indicator value | target hit
1	1.016846715677895e+00	1.023292992280754e+00
3	1.099040357190829e-01	1.122018454301964e-01
21	4.501546182349137e-02	4.570881896148749e-02
59	4.299960230600941e-02	4.365158322401658e-02
81	3.908763520527492e-02	3.981071705534973e-02
134	1.985118034884870e-02	1.995262314968880e-02
140	1.749367433305671e-02	1.778279410038923e-02
179	1.627953103653368e-02	1.659586907437561e-02
191	1.566022866592498e-02	1.584893192461113e-02
213	1.231940174763280e-02	1.258925411794167e-02
230	1.141679853775079e-02	1.148153621496883e-02
249	1.110394435632756e-02	1.122018454301964e-02
282	1.094758588953082e-02	1.096478196143185e-02
302	9.245630036619823e-03	9.332543007969915e-03
331	5.897284008405612e-03	6.025595860743574e-03
337	4.407869085747973e-03	4.466835921509630e-03
368	3.503486842168058e-03	3.548133892335753e-03
376	2.317442202534159e-03	2.344228815319923e-03
447	2.176971301690367e-03	2.187761623949552e-03
450	2.129569997799563e-03	2.137962089502233e-03
497	1.334295330739144e-03	1.348962882591653e-03
501	1.133509583463366e-03	1.148153621496883e-03
507	1.103530229596528e-03	1.122018454301963e-03
520	9.117651421670647e-04	9.120108393559096e-04
584	8.160966928650870e-04	8.317637711026709e-04
600	8.125004015179238e-04	8.128305161640995e-04
621	7.881820815234253e-04	7.943282347242813e-04
630	7.684711496640517e-04	7.762471166286919e-04
708	7.358794962467607e-04	7.413102413009177e-04
911	6.673430516997980e-04	6.760829753919819e-04
967	5.979678992339421e-04	6.025595860743575e-04
1013	5.720400038212725e-04	5.754399373371566e-04
1019	4.281643632698673e-04	4.365158322401661e-04
1058	4.264974380425723e-04	4.265795188015926e-04
1088	4.069177193598561e-04	4.073802778041126e-04
1202	3.978728043250168e-04	3.981071705534974e-04
1493	3.828254026490008e-04	3.890451449942805e-04
1517	3.623128763025063e-04	3.630780547701014e-04
1572	3.523730149367355e-04	3.548133892335753e-04
1677	3.467160975466621e-04	3.467368504525317e-04
2025	3.368744128038337e-04	3.388441561392024e-04
2148	3.275797123277746e-04	3.311311214825911e-04
2500	3.200855089003918e-04	3.235936569296281e-04
2663	3.162153915411414e-04	3.162277660168379e-04
2847	3.085415584543894e-04	3.090295432513592e-04
3636	2.992762069633503e-04	3.019951720402016e-04
3795	2.744866901319698e-04	2.754228703338166e-04
3856	2.603187715454203e-04	2.630267991895381e-04
3988	2.563715026057123e-04	2.570395782768865e-04
4965	2.297059136170398e-04	2.344228815319923e-04
5146	2.290085152122368e-04	2.290867652767772e-04
5503	2.227506208541952e-04	2.238721138568340e-04
6705	2.135682500598035e-04	2.137962089502232e-04
8904	2.088538361664227e-04	2.089296130854039e-04
9788	2.040027309794246e-04	2.041737944669530e-04
13234	1.887648945074760e-04	1.905460717963246e-04
14354	1.861588783482748e-04	1.862087136662868e-04
18828	1.819657694549504e-04	1.819700858609983e-04
31296	1.778276411027457e-04	1.778279410038923e-04
101021	1.733840001469922e-04	1.737800828749376e-04
121063	1.722389860731033e-04	1.737800828749376e-04
%
% index = 306, name = bbob_f006_i15_d02__bbob_f008_i16_d02
% instance = 7, reference value = 8.620881808100700e-01
% function evaluation | indicator value | target hit
1	4.307873127676955e-01	4.365158322401660e-01
27	3.074822890195605e-01	3.090295432513591e-01
29	2.989795895873664e-01	3.019951720402016e-01
30	2.746219975920043e-01	2.754228703338166e-01
40	2.396398484086328e-01	2.398832919019490e-01
56	1.925470428563899e-01	1.949844599758045e-01
87	1.354456761025022e-01	1.380384264602885e-01
107	1.042678492483362e-01	1.047128548050900e-01
110	1.021900204801998e-01	1.023292992280754e-01
119	8.436159710982105e-02	8.511380382023763e-02
127	7.937621987534926e-02	7.943282347242814e-02
179	7.521585676098597e-02	7.585775750291836e-02
190	5.901980183662237e-02	6.025595860743578e-02
207	5.873855814590812e-02	5.888436553555890e-02
218	5.317169289347157e-02	5.370317963702527e-02
247	5.011783445027840e-02	5.011872336272722e-02
266	4.550218594356192e-02	4.570881896148749e-02
284	4.443906631568695e-02	4.466835921509630e-02
313	4.319149400345290e-02	4.365158322401658e-02
353	3.920286140902995e-02	3.981071705534973e-02
388	3.793555775650082e-02	3.801893963205612e-02
399	3.671047893744250e-02	3.715352290971726e-02
516	3.565330407038336e-02	3.630780547701014e-02
544	3.545953400070601e-02	3.548133892335755e-02
582	3.459427173187024e-02	3.467368504525317e-02
584	2.765114106203082e-02	2.818382931264454e-02
615	2.700242858431701e-02	2.754228703338166e-02
633	2.472718581411426e-02	2.511886431509579e-02
634	2.397595489552828e-02	2.398832919019490e-02
672	1.953642478854567e-02	1.995262314968880e-02
675	1.944161364694919e-02	1.949844599758046e-02
678	1.878999460939412e-02	1.905460717963247e-02
690	1.846042454354102e-02	1.862087136662868e-02
697	1.797214730129881e-02	1.819700858609984e-02
698	1.711976345296173e-02	1.737800828749375e-02
907	1.677447681997579e-02	1.698243652461744e-02
935	1.590784332183737e-02	1.621810097358930e-02
946	1.576233533169635e-02	1.584893192461113e-02
948	1.535937609444571e-02	1.548816618912481e-02
972	1.509206858124890e-02	1.513561248436208e-02
974	1.475425148105669e-02	1.479108388168207e-02
990	1.441962603036417e-02	1.445439770745927e-02
991	1.389163449261743e-02	1.412537544622754e-02
1011	1.331742482973641e-02	1.348962882591653e-02
1026	1.312974412034851e-02	1.318256738556407e-02
1040	1.271006863314028e-02	1.288249551693134e-02
1046	1.257927764186217e-02	1.258925411794167e-02
1047	1.199433830272190e-02	1.202264434617413e-02
1064	1.163323119368809e-02	1.174897554939530e-02
1069	9.964869968279388e-03	1.000000000000000e-02
1081	9.769003203727755e-03	9.772372209558112e-03
1379	9.437510160131279e-03	9.549925860214359e-03
1412	9.132482828746791e-03	9.332543007969915e-03
1413	9.088878729127114e-03	9.120108393559097e-03
1445	8.894867015113550e-03	8.912509381337459e-03
1459	8.646024086906956e-03	8.709635899560805e-03
1462	8.404845190885246e-03	8.511380382023767e-03
1468	8.277579931741941e-03	8.317637711026709e-03
1507	8.049315224257225e-03	8.128305161640995e-03
1508	7.772913726882935e-03	7.943282347242814e-03
1528	7.717095760509940e-03	7.762471166286920e-03
1537	7.534198805223435e-03	7.585775750291836e-03
2015	7.367676195691675e-03	7.413102413009177e-03
2026	7.130359538185749e-03	7.244359600749898e-03
2031	7.044328076237671e-03	7.079457843841380e-03
2053	6.896752023694552e-03	6.918309709189363e-03
2056	6.726667600815306e-03	6.760829753919818e-03
2068	6.384278620753414e-03	6.456542290346556e-03
2070	6.173160940649569e-03	6.309573444801930e-03
2073	6.118476511481452e-03	6.165950018614822e-03
2093	6.024297764575692e-03	6.025595860743574e-03
2120	5.873166682815678e-03	5.888436553555890e-03
2152	5.668886235358217e-03	5.754399373371567e-03
2164	5.536057654887183e-03	5.623413251903491e-03
2167	5.488148476648802e-03	5.495408738576248e-03
2171	5.364027668171678e-03	5.370317963702527e-03
2185	5.247080024629702e-03	5.248074602497728e-03
2829	5.036629406474313e-03	5.128613839913648e-03
2836	5.005263897580603e-03	5.011872336272725e-03
2841	4.857313041396805e-03	4.897788193684461e-03
2862	4.773043485612360e-03	4.786300923226385e-03
2868	4.676742364865594e-03	4.677351412871981e-03
2876	4.549287195767082e-03	4.570881896148752e-03
2906	4.465203987875865e-03	4.466835921509630e-03
2912	4.363008634588605e-03	4.365158322401661e-03
2921	4.135488552319933e-03	4.168693834703355e-03
2929	3.931966783999319e-03	3.981071705534973e-03
2935	3.725968872563712e-03	3.801893963205613e-03
2944	3.712427628332238e-03	3.715352290971724e-03
2968	3.629719133182441e-03	3.630780547701014e-03
2974	3.524249855510919e-03	3.548133892335753e-03
2985	3.465509518324583e-03	3.467368504525317e-03
3004	3.369931204115773e-03	3.388441561392024e-03
3849	3.310190339160024e-03	3.311311214825911e-03
3864	3.235233571714513e-03	3.235936569296281e-03
3891	3.161684995252378e-03	3.162277660168379e-03
3925	3.067705616600636e-03	3.090295432513592e-03
3938	2.981355127077423e-03	3.019951720402016e-03
3948	2.949874262752505e-03	2.951209226666387e-03
3984	2.883712358873858e-03	2.884031503126605e-03
3990	2.728471799409160e-03	2.754228703338166e-03
4009	2.627907962320153e-03	2.630267991895381e-03
4032	2.570018985138534e-03	2.570395782768865e-03
4058	2.494111171199354e-03	2.511886431509579e-03
4081	2.444080127220416e-03	2.454708915685031e-03
4088	2.398797371204853e-03	2.398832919019490e-03
4125	2.343845926319088e-03	2.344228815319923e-03
4168	2.282971171815196e-03	2.290867652767772e-03
4198	2.229634466751396e-03	2.238721138568340e-03
4220	2.179385752642871e-03	2.187761623949552e-03
5608	2.128849547819334e-03	2.137962089502233e-03
5629	2.076213094167945e-03	2.089296130854039e-03
5650	2.019872488158381e-03	2.041737944669530e-03
5690	1.994985475459732e-03	1.995262314968879e-03
5724	1.949138427960073e-03	1.949844599758046e-03
5730	1.799609849626460e-03	1.819700858609983e-03
5731	1.769718997723602e-03	1.778279410038923e-03
5748	1.728876125213996e-03	1.737800828749376e-03
5778	1.674791995040170e-03	1.698243652461744e-03
5798	1.654780034495373e-03	1.659586907437561e-03
5849	1.615423704439234e-03	1.621810097358930e-03
5885	1.583954163023149e-03	1.584893192461114e-03
5920	1.542986805337598e-03	1.548816618912481e-03
5940	1.487958968456993e-03	1.513561248436209e-03
5947	1.478315889475446e-03	1.479108388168207e-03
5983	1.441543604140394e-03	1.445439770745928e-03
8046	1.411106741738388e-03	1.412537544622754e-03
8095	1.379914243822333e-03	1.380384264602885e-03
8126	1.346282782877517e-03	1.348962882591653e-03
8191	1.311908013136742e-03	1.318256738556408e-03
8250	1.286333295141384e-03	1.288249551693134e-03
8298	1.258539460211483e-03	1.258925411794167e-03
8327	1.222006148575039e-03	1.230268770812381e-03
8369	1.200150142243506e-03	1.202264434617413e-03
8435	1.174762860943424e-03	1.174897554939529e-03
8491	1.144457938887622e-03	1.148153621496883e-03
8513	1.115261749207064e-03	1.122018454301963e-03
8555	1.096021355613264e-03	1.096478196143185e-03
11685	1.050255684390100e-03	1.071519305237606e-03
11700	1.044551089805279e-03	1.047128548050900e-03
11748	1.023289673189987e-03	1.023292992280754e-03
11786	9.995911096297716e-04	1.000000000000000e-03
11833	9.495472324434484e-04	9.549925860214359e-04
11865	9.324485178326958e-04	9.332543007969915e-04
11918	9.119832744837186e-04	9.120108393559096e-04
11947	8.908545677217550e-04	8.912509381337459e-04
12044	8.581592720097175e-04	8.709635899560805e-04
12087	8.501351182949035e-04	8.511380382023768e-04
12109	8.315787339914227e-04	8.317637711026709e-04
12186	8.127011520944194e-04	8.128305161640995e-04
12271	7.899298558053935e-04	7.943282347242813e-04
12323	7.760424365695906e-04	7.762471166286919e-04
12460	7.585412103014999e-04	7.585775750291835e-04
16877	7.412688673702483e-04	7.413102413009177e-04
16888	7.241448699827346e-04	7.244359600749898e-04
16976	7.070492620099289e-04	7.079457843841380e-04
17008	6.913573305193932e-04	6.918309709189362e-04
17028	6.542658425608971e-04	6.606934480075957e-04
17086	6.313549893711690e-04	6.456542290346556e-04
17091	6.249150643753421e-04	6.309573444801930e-04
17158	6.157680543990018e-04	6.165950018614823e-04
17250	6.025514062817372e-04	6.025595860743575e-04
17302	5.855300400620100e-04	5.888436553555889e-04
17378	5.751501424363648e-04	5.754399373371566e-04
17491	5.623205726673630e-04	5.623413251903491e-04
17649	5.494682073251544e-04	5.495408738576248e-04
17786	5.267142429482563e-04	5.370317963702527e-04
21598	5.245795654734708e-04	5.248074602497728e-04
23717	5.002973496065488e-04	5.011872336272725e-04
23822	4.893062869630871e-04	4.897788193684461e-04
23926	4.777629114569582e-04	4.786300923226385e-04
23983	4.674021343852308e-04	4.677351412871981e-04
24062	4.559979037666029e-04	4.570881896148752e-04
24125	4.463888693478912e-04	4.466835921509630e-04
24170	4.362889953907212e-04	4.365158322401661e-04
24305	4.253977283718013e-04	4.265795188015926e-04
24356	4.168664497083974e-04	4.168693834703355e-04
24449	4.070789879005998e-04	4.073802778041126e-04
24520	3.981029564804617e-04	3.981071705534974e-04
24642	3.883459974349801e-04	3.890451449942805e-04
24725	3.799851880099681e-04	3.801893963205612e-04
24850	3.714947634663179e-04	3.715352290971724e-04
24944	3.586990104076371e-04	3.630780547701014e-04
25027	3.547890791324448e-04	3.548133892335753e-04
25188	3.466970159676785e-04	3.467368504525317e-04
25354	3.387185951582161e-04	3.388441561392024e-04
25585	3.310886294601856e-04	3.311311214825911e-04
25674	3.168849773130811e-04	3.235936569296281e-04
25687	3.161329488907683e-04	3.162277660168379e-04
25821	3.089596050659393e-04	3.090295432513592e-04
25961	3.011352479793672e-04	3.019951720402016e-04
26136	2.947889210056509e-04	2.951209226666387e-04
26285	2.881353101711337e-04	2.884031503126605e-04
26371	2.816579233112515e-04	2.818382931264455e-04
26512	2.753443667906641e-04	2.754228703338166e-04
26598	2.684450536525329e-04	2.691534803926917e-04
26807	2.606907517856971e-04	2.630267991895381e-04
26948	2.566161337551609e-04	2.570395782768865e-04
27158	2.506192158390208e-04	2.511886431509580e-04
27343	2.439091118104919e-04	2.454708915685031e-04
27545	2.398429791772294e-04	2.398832919019490e-04
27664	2.341714336528966e-04	2.344228815319923e-04
27844	2.286702844568334e-04	2.290867652767772e-04
28007	2.237157395484912e-04	2.238721138568340e-04
28282	2.178603249842759e-04	2.187761623949552e-04
28456	2.137239085202580e-04	2.137962089502232e-04
28674	2.087855338589462e-04	2.089296130854039e-04
29037	2.041499928600032e-04	2.041737944669530e-04
29301	1.994998893538602e-04	1.995262314968879e-04
29575	1.949838917982838e-04	1.949844599758046e-04
29841	1.900757749991877e-04	1.905460717963246e-04
30098	1.861796006863425e-04	1.862087136662868e-04
30457	1.819550863286779e-04	1.819700858609983e-04
30874	1.778273947928843e-04	1.778279410038923e-04
31194	1.737621039772375e-04	1.737800828749376e-04
31512	1.697892655744271e-04	1.698243652461744e-04
31796	1.652859021374908e-04	1.659586907437562e-04
32058	1.621691322906127e-04	1.621810097358930e-04
32317	1.584854632126209e-04	1.584893192461114e-04
32692	1.548234067135779e-04	1.548816618912481e-04
33107	1.512981342305375e-04	1.513561248436209e-04
33617	1.477587950720061e-04	1.479108388168207e-04
33873	1.445414860925531e-04	1.445439770745928e-04
34359	1.412149130682883e-04	1.412537544622754e-04
34689	1.379954146528695e-04	1.380384264602885e-04
35102	1.348668301881517e-04	1.348962882591653e-04
35431	1.317771269304657e-04	1.318256738556407e-04
35824	1.287732507049277e-04	1.288249551693134e-04
36362	1.258846771584610e-04	1.258925411794167e-04
36644	1.230138850101259e-04	1.230268770812381e-04
36995	1.202193962285270e-04	1.202264434617413e-04
37358	1.173483039809131e-04	1.174897554939529e-04
37804	1.148060679447838e-04	1.148153621496883e-04
38455	1.119259829350794e-04	1.122018454301963e-04
38668	1.096445732712281e-04	1.096478196143185e-04
39218	1.070015958033466e-04	1.071519305237606e-04
39762	1.047113173189285e-04	1.047128548050900e-04
40157	1.023209428746563e-04	1.023292992280754e-04
40568	9.999550539752100e-05	1.000000000000000e-04
41072	9.770977558143379e-05	9.772372209558111e-05
41613	9.546893457357264e-05	9.549925860214369e-05
42182	9.332043983678595e-05	9.332543007969905e-05
42559	9.119413249292219e-05	9.120108393559096e-05
43165	8.911144571766005e-05	8.912509381337459e-05
43385	8.708844764915291e-05	8.709635899560814e-05
44165	8.511092984397894e-05	8.511380382023759e-05
44835	8.317165894788925e-05	8.317637711026709e-05
45647	8.127154191817088e-05	8.128305161640995e-05
46347	7.934746705673401e-05	7.943282347242822e-05
47215	7.754537303872322e-05	7.762471166286911e-05
48099	7.585737477011634e-05	7.585775750291836e-05
48718	7.410397846563388e-05	7.413102413009176e-05
49588	7.244342681145266e-05	7.244359600749906e-05
50332	7.079454757863424e-05	7.079457843841373e-05
50800	6.917992133870232e-05	6.918309709189363e-05
51520	6.746118481970598e-05	6.760829753919819e-05
52266	6.606813268117406e-05	6.606934480075965e-05
53304	6.456439144486570e-05	6.456542290346549e-05
54075	6.309402769644201e-05	6.309573444801929e-05
55080	6.165601682517341e-05	6.165950018614822e-05
56116	6.025558490907468e-05	6.025595860743581e-05
57047	5.886968484414279e-05	5.888436553555884e-05
58396	5.753559745291792e-05	5.754399373371566e-05
59243	5.622846525010772e-05	5.623413251903491e-05
60063	5.495223952534101e-05	5.495408738576248e-05
60763	5.370211023647542e-05	5.370317963702532e-05
61763	5.248039413774386e-05	5.248074602497723e-05
63092	5.128613035110252e-05	5.128613839913648e-05
64311	5.011845499436340e-05	5.011872336272725e-05
65688	4.896189706915521e-05	4.897788193684466e-05
66963	4.785913477489689e-05	4.786300923226380e-05
68593	4.677239643069431e-05	4.677351412871981e-05
70074	4.570873868980918e-05	4.570881896148752e-05
71547	4.466801971214629e-05	4.466835921509635e-05
73025	4.358487093358843e-05	4.365158322401657e-05
74589	4.263975660689923e-05	4.265795188015926e-05
76080	4.168664824977242e-05	4.168693834703355e-05
77839	4.073776162460963e-05	4.073802778041130e-05
79264	3.980653546520330e-05	3.981071705534969e-05
81412	3.890441908926956e-05	3.890451449942805e-05
83321	3.801052849827791e-05	3.801893963205612e-05
85095	3.714102372132100e-05	3.715352290971728e-05
87635	3.630746380189898e-05	3.630780547701010e-05
89267	3.547748530829953e-05	3.548133892335753e-05
91140	3.467281737479233e-05	3.467368504525317e-05
92984	3.385957168577924e-05	3.388441561392028e-05
94474	3.306613799547442e-05	3.311311214825908e-05
97385	3.235922187216911e-05	3.235936569296281e-05
100892	3.162267583556311e-05	3.162277660168380e-05
103715	3.090215520051842e-05	3.090295432513592e-05
107094	3.019930182579511e-05	3.019951720402019e-05
110819	2.951192668643188e-05	2.951209226666384e-05
114664	2.884023592752971e-05	2.884031503126606e-05
118616	2.818304816720740e-05	2.818382931264455e-05
120001	2.798340377108133e-05	2.818382931264455e-05
%
% index = 307, name = bbob_f006_i17_d02__bbob_f008_i18_d02
% instance = 8, reference value = 9.860589310766620e-01
% function evaluation | indicator value | target hit
1	4.108731025657713e+04	4.168693834703355e+04
5	6.361560517240819e+02	6.456542290346556e+02
32	1.418744192714709e+02	1.445439770745928e+02
59	8.490394267515763e+00	8.511380382023766e+00
91	5.631338521478324e+00	5.754399373371569e+00
151	2.258080656432860e+00	2.290867652767773e+00
223	1.549677862209662e+00	1.584893192461114e+00
236	9.735986441282478e-01	9.772372209558107e-01
390	4.582885193077632e-01	4.677351412871982e-01
394	3.146216410361163e-01	3.162277660168379e-01
447	2.452243356524652e-01	2.454708915685030e-01
474	2.232140323784898e-01	2.238721138568339e-01
490	1.920964754488227e-01	1.949844599758045e-01
505	1.745504281854726e-01	1.778279410038923e-01
522	1.702201558869287e-01	1.737800828749375e-01
526	1.619360459936497e-01	1.621810097358930e-01
538	1.497331873642265e-01	1.513561248436208e-01
545	9.457951647991669e-02	9.549925860214359e-02
548	9.259257629743156e-02	9.332543007969910e-02
564	7.149881798100177e-02	7.244359600749903e-02
572	6.577374658462454e-02	6.606934480075961e-02
621	6.450575022790805e-02	6.456542290346556e-02
639	6.024798757207528e-02	6.025595860743578e-02
640	5.783954553508697e-02	5.888436553555890e-02
652	5.752333003387589e-02	5.754399373371569e-02
661	5.512953870069059e-02	5.623413251903491e-02
668	5.364551592901734e-02	5.370317963702527e-02
670	4.685260225737398e-02	4.786300923226382e-02
671	4.630776470374420e-02	4.677351412871981e-02
676	4.545079703381927e-02	4.570881896148749e-02
698	4.411249563040409e-02	4.466835921509630e-02
703	4.063360097300139e-02	4.073802778041128e-02
738	3.856928374236412e-02	3.890451449942807e-02
746	3.599651291032846e-02	3.630780547701014e-02
760	3.494661321041481e-02	3.548133892335755e-02
762	3.341940764226559e-02	3.388441561392026e-02
787	3.133529588602468e-02	3.162277660168379e-02
789	2.887681527675012e-02	2.951209226666385e-02
790	2.863091447019117e-02	2.884031503126606e-02
791	2.746737890217432e-02	2.754228703338166e-02
824	2.488767260013913e-02	2.511886431509579e-02
831	2.026653701385206e-02	2.041737944669529e-02
833	1.548874232232300e-02	1.584893192461113e-02
834	1.534283461812358e-02	1.548816618912481e-02
846	1.197127795219877e-02	1.202264434617413e-02
868	1.149635343531552e-02	1.174897554939530e-02
874	1.144693939089003e-02	1.148153621496883e-02
879	1.034379228202620e-02	1.047128548050900e-02
925	1.023037195781784e-02	1.023292992280754e-02
985	9.736180308267284e-03	9.772372209558112e-03
995	9.439957769901364e-03	9.549925860214359e-03
1155	9.332444902640402e-03	9.332543007969915e-03
1189	9.084254918495849e-03	9.120108393559097e-03
1195	8.008602258745223e-03	8.128305161640995e-03
1200	7.746358924398011e-03	7.762471166286920e-03
1230	7.564099536740643e-03	7.585775750291836e-03
1255	7.304018936614920e-03	7.413102413009177e-03
1265	7.054230374518800e-03	7.079457843841380e-03
1299	6.916781639485392e-03	6.918309709189363e-03
1301	5.429764869612996e-03	5.495408738576248e-03
1460	5.308971347556257e-03	5.370317963702527e-03
1478	5.036550812153595e-03	5.128613839913648e-03
1492	4.973553401786956e-03	5.011872336272725e-03
1499	4.865635136052093e-03	4.897788193684461e-03
1509	4.683581468006959e-03	4.786300923226385e-03
1513	4.614448113387737e-03	4.677351412871981e-03
1543	4.566159842235629e-03	4.570881896148752e-03
1573	4.448343293687929e-03	4.466835921509630e-03
1578	4.116121568466191e-03	4.168693834703355e-03
1614	4.057239247881816e-03	4.073802778041126e-03
1626	3.931374642364149e-03	3.981071705534973e-03
1645	3.741172917666180e-03	3.801893963205613e-03
1661	3.695428739550755e-03	3.715352290971724e-03
1691	3.626243270882790e-03	3.630780547701014e-03
1717	3.452471844786920e-03	3.467368504525317e-03
1770	3.204911005545985e-03	3.235936569296281e-03
1781	3.157830234358894e-03	3.162277660168379e-03
1837	2.958655080403272e-03	3.019951720402016e-03
1845	2.942940993440057e-03	2.951209226666387e-03
2100	2.872822468586667e-03	2.884031503126605e-03
2104	2.755136634739364e-03	2.818382931264455e-03
2119	2.740683341301509e-03	2.754228703338166e-03
2136	2.682260677074666e-03	2.691534803926917e-03
2144	2.605839163027812e-03	2.630267991895381e-03
2157	2.557883992926335e-03	2.570395782768865e-03
2199	2.511411902672900e-03	2.511886431509579e-03
2228	2.449220563942034e-03	2.454708915685031e-03
2283	2.396742208904512e-03	2.398832919019490e-03
2293	2.328657922606725e-03	2.344228815319923e-03
2318	2.231195573222600e-03	2.238721138568340e-03
2347	2.157161606849867e-03	2.187761623949552e-03
2357	2.134383370987925e-03	2.137962089502233e-03
2419	2.065931872200499e-03	2.089296130854039e-03
2777	2.034024257744682e-03	2.041737944669530e-03
2797	1.991675653302494e-03	1.995262314968879e-03
2823	1.947103413733831e-03	1.949844599758046e-03
2828	1.837754908597500e-03	1.862087136662868e-03
2843	1.806595250185894e-03	1.819700858609983e-03
2848	1.725057952281506e-03	1.737800828749376e-03
2856	1.666236535856069e-03	1.698243652461744e-03
2870	1.654729808549416e-03	1.659586907437561e-03
2928	1.621421066809736e-03	1.621810097358930e-03
2978	1.583184472428001e-03	1.584893192461114e-03
3005	1.540016764087104e-03	1.548816618912481e-03
3027	1.501614760494929e-03	1.513561248436209e-03
3043	1.475973960020416e-03	1.479108388168207e-03
3060	1.407705500285572e-03	1.412537544622754e-03
3107	1.374567863067444e-03	1.380384264602885e-03
3150	1.340159703015709e-03	1.348962882591653e-03
3209	1.314689480766407e-03	1.318256738556408e-03
3221	1.275718494712974e-03	1.288249551693134e-03
3292	1.258250931924110e-03	1.258925411794167e-03
3381	1.230189217577449e-03	1.230268770812381e-03
3405	1.094852176570460e-03	1.096478196143185e-03
3430	1.067456225184893e-03	1.071519305237606e-03
3503	1.017160799601902e-03	1.023292992280754e-03
3531	9.487825914182846e-04	9.549925860214359e-04
3594	9.331492031904309e-04	9.332543007969915e-04
3615	9.117946779148012e-04	9.120108393559096e-04
3635	8.896559328933629e-04	8.912509381337459e-04
3675	8.693182516948950e-04	8.709635899560805e-04
3737	8.326199649179022e-04	8.511380382023768e-04
3739	8.300539615464508e-04	8.317637711026709e-04
4213	8.102998613753742e-04	8.128305161640995e-04
4218	7.943213749070921e-04	7.943282347242813e-04
4253	7.741597574861814e-04	7.762471166286919e-04
4316	7.582213473918964e-04	7.585775750291835e-04
4333	7.154997100066174e-04	7.244359600749898e-04
4364	7.078685429107168e-04	7.079457843841380e-04
4459	6.868872716672136e-04	6.918309709189362e-04
4515	6.744940187247694e-04	6.760829753919819e-04
4539	6.600030554075875e-04	6.606934480075957e-04
4653	6.447213706773924e-04	6.456542290346556e-04
4734	6.308856450415457e-04	6.309573444801930e-04
4818	6.162130388457365e-04	6.165950018614823e-04
4889	6.022042785344128e-04	6.025595860743575e-04
4926	5.887864686763278e-04	5.888436553555889e-04
4996	5.748472199355037e-04	5.754399373371566e-04
5011	5.527145224143437e-04	5.623413251903491e-04
5018	5.474973456321974e-04	5.495408738576248e-04
5043	5.350727837221125e-04	5.370317963702527e-04
5101	5.245545186972622e-04	5.248074602497728e-04
5155	5.121123986875364e-04	5.128613839913648e-04
5171	5.008747990662421e-04	5.011872336272725e-04
5222	4.893414242942429e-04	4.897788193684461e-04
5321	4.779353961157362e-04	4.786300923226385e-04
5393	4.669224106569336e-04	4.677351412871981e-04
6034	4.567529495208555e-04	4.570881896148752e-04
6074	4.464509245976078e-04	4.466835921509630e-04
6098	4.319714905369754e-04	4.365158322401661e-04
6122	4.234181829847472e-04	4.265795188015926e-04
6142	4.168219034631493e-04	4.168693834703355e-04
6189	4.069572491065543e-04	4.073802778041126e-04
6247	3.978156026965829e-04	3.981071705534974e-04
6292	3.875894651993450e-04	3.890451449942805e-04
6356	3.792973010418033e-04	3.801893963205612e-04
6374	3.713728991757703e-04	3.715352290971724e-04
6434	3.617018881542089e-04	3.630780547701014e-04
6507	3.505899450535477e-04	3.548133892335753e-04
6522	3.450022388390428e-04	3.467368504525317e-04
6556	3.387182234545483e-04	3.388441561392024e-04
6597	3.311260813612105e-04	3.311311214825911e-04
6688	3.234273733851989e-04	3.235936569296281e-04
6770	3.128285325222357e-04	3.162277660168379e-04
7612	2.976645145602586e-04	3.019951720402016e-04
7645	2.948826881817856e-04	2.951209226666387e-04
7714	2.879649557649966e-04	2.884031503126605e-04
7815	2.817509684269748e-04	2.818382931264455e-04
7895	2.751026869198814e-04	2.754228703338166e-04
7953	2.689673968715445e-04	2.691534803926917e-04
8023	2.629807401565154e-04	2.630267991895381e-04
8084	2.567632832618516e-04	2.570395782768865e-04
8158	2.509153356009541e-04	2.511886431509580e-04
8206	2.450345111685293e-04	2.454708915685031e-04
8315	2.398490090952388e-04	2.398832919019490e-04
8437	2.344222385667338e-04	2.344228815319923e-04
8528	2.289687658765249e-04	2.290867652767772e-04
8636	2.237884633554676e-04	2.238721138568340e-04
8761	2.185691225902175e-04	2.187761623949552e-04
8910	2.137946855899076e-04	2.137962089502232e-04
8951	2.087334794114160e-04	2.089296130854039e-04
9146	2.041007811959261e-04	2.041737944669530e-04
9207	1.994940382447075e-04	1.995262314968879e-04
9261	1.943410722267114e-04	1.949844599758046e-04
9396	1.903544393561107e-04	1.905460717963246e-04
10549	1.861633164991217e-04	1.862087136662868e-04
10645	1.818144832390622e-04	1.819700858609983e-04
10729	1.730214446499234e-04	1.737800828749376e-04
10873	1.696548497537309e-04	1.698243652461744e-04
11049	1.659279402588254e-04	1.659586907437562e-04
11157	1.621477846629471e-04	1.621810097358930e-04
11267	1.581743770071586e-04	1.584893192461114e-04
11413	1.548465857730275e-04	1.548816618912481e-04
11596	1.513496274585524e-04	1.513561248436209e-04
11780	1.477906640923177e-04	1.479108388168207e-04
11936	1.445329201710255e-04	1.445439770745928e-04
12207	1.409273376191678e-04	1.412537544622754e-04
12254	1.359493589925265e-04	1.380384264602885e-04
12326	1.348916012993140e-04	1.348962882591653e-04
12441	1.317207217526040e-04	1.318256738556407e-04
12626	1.287911949579001e-04	1.288249551693134e-04
12753	1.258822344131216e-04	1.258925411794167e-04
12916	1.229626670906647e-04	1.230268770812381e-04
13149	1.194785637353979e-04	1.202264434617413e-04
13299	1.172960540194445e-04	1.174897554939529e-04
13467	1.147939596582992e-04	1.148153621496883e-04
13748	1.121864286015573e-04	1.122018454301963e-04
13984	1.096474062172170e-04	1.096478196143185e-04
14134	1.058654745166310e-04	1.071519305237606e-04
14289	1.046962286723740e-04	1.047128548050900e-04
14424	1.023251159295580e-04	1.023292992280754e-04
14760	9.989797771781106e-05	1.000000000000000e-04
15086	9.770102956885296e-05	9.772372209558111e-05
15434	9.546902328594342e-05	9.549925860214369e-05
15826	9.331831745362784e-05	9.332543007969905e-05
16189	9.116791527519208e-05	9.120108393559096e-05
16605	8.912215023382242e-05	8.912509381337459e-05
16987	8.705796353969397e-05	8.709635899560814e-05
17482	8.509877202467209e-05	8.511380382023759e-05
18026	8.316958172926991e-05	8.317637711026709e-05
18639	8.126950813214240e-05	8.128305161640995e-05
19364	7.940939633832578e-05	7.943282347242822e-05
20126	7.762137246669631e-05	7.762471166286911e-05
21115	7.584922668468774e-05	7.585775750291836e-05
22212	7.410528502271863e-05	7.413102413009176e-05
23622	7.243787585708983e-05	7.244359600749906e-05
24989	7.079412085508885e-05	7.079457843841373e-05
26060	6.918288233936920e-05	6.918309709189363e-05
28899	6.760674919359388e-05	6.760829753919819e-05
34926	6.587124006862677e-05	6.606934480075965e-05
36053	6.291570333905039e-05	6.309573444801929e-05
36247	6.158984724236038e-05	6.165950018614822e-05
39993	5.976648317551625e-05	6.025595860743581e-05
41498	5.886075240424393e-05	5.888436553555884e-05
42844	5.727336761984780e-05	5.754399373371566e-05
42861	5.208555564029105e-05	5.248074602497723e-05
43558	5.080312355165706e-05	5.128613839913648e-05
43821	4.975265208684299e-05	5.011872336272725e-05
44925	4.885153390699060e-05	4.897788193684466e-05
47374	4.763970672494455e-05	4.786300923226380e-05
50150	4.653003340060469e-05	4.677351412871981e-05
56485	4.558147901856380e-05	4.570881896148752e-05
60190	4.463575910051976e-05	4.466835921509635e-05
68208	4.113900585889230e-05	4.168693834703355e-05
70793	4.071746022582534e-05	4.073802778041130e-05
74497	3.959921129559341e-05	3.981071705534969e-05
77419	3.883206057830879e-05	3.890451449942805e-05
83159	3.782243378058769e-05	3.801893963205612e-05
83587	3.713594551302268e-05	3.715352290971728e-05
92604	3.630590289216418e-05	3.630780547701010e-05
92890	3.422236510430832e-05	3.467368504525317e-05
99587	3.211571984329531e-05	3.235936569296281e-05
99903	3.155811629462768e-05	3.162277660168380e-05
107498	3.086164718235640e-05	3.090295432513592e-05
111808	2.947217850712835e-05	2.951209226666384e-05
115489	2.852557684018819e-05	2.884031503126606e-05
117661	2.818368206691790e-05	2.818382931264455e-05
120001	2.781111898952915e-05	2.818382931264455e-05
%
% index = 308, name = bbob_f006_i19_d02__bbob_f008_i21_d02
% instance = 9, reference value = 9.724946119633150e-01
% function evaluation | indicator value | target hit
1	7.789898563824713e-01	7.943282347242815e-01
13	2.142044333837506e-01	2.187761623949552e-01
31	1.468538233810606e-01	1.479108388168208e-01
40	6.045905440482457e-02	6.165950018614822e-02
42	4.398493076727772e-02	4.466835921509630e-02
50	3.967696710867274e-02	3.981071705534973e-02
61	3.464788639679672e-02	3.467368504525317e-02
65	3.289107994690776e-02	3.311311214825911e-02
72	3.113083178981824e-02	3.162277660168379e-02
89	1.752408635845859e-02	1.778279410038923e-02
108	1.670013288474292e-02	1.698243652461744e-02
118	1.512817407729539e-02	1.513561248436208e-02
121	1.250550839420650e-02	1.258925411794167e-02
126	1.138634366126656e-02	1.148153621496883e-02
140	1.054949106474856e-02	1.071519305237606e-02
155	1.022002263682886e-02	1.023292992280754e-02
160	9.828356274924621e-03	1.000000000000000e-02
169	9.211574785166543e-03	9.332543007969915e-03
176	7.570955203572871e-03	7.585775750291836e-03
195	6.996002531980405e-03	7.079457843841380e-03
198	6.894518758295276e-03	6.918309709189363e-03
215	6.727530960842998e-03	6.760829753919818e-03
226	6.597913012791001e-03	6.606934480075957e-03
243	6.092130293626874e-03	6.165950018614822e-03
246	5.959116495294237e-03	6.025595860743574e-03
247	5.878801842445602e-03	5.888436553555890e-03
286	5.744094975591696e-03	5.754399373371567e-03
288	5.138128875994186e-03	5.248074602497728e-03
290	4.986012911228133e-03	5.011872336272725e-03
298	4.777883272002348e-03	4.786300923226385e-03
302	4.670992952369724e-03	4.677351412871981e-03
348	4.224302080917508e-03	4.265795188015926e-03
367	4.137615411456075e-03	4.168693834703355e-03
377	3.433567861474862e-03	3.467368504525317e-03
381	3.350373169023424e-03	3.388441561392024e-03
382	3.305971019411436e-03	3.311311214825911e-03
592	3.203770452506194e-03	3.235936569296281e-03
604	3.152493116472477e-03	3.162277660168379e-03
615	2.910784390163679e-03	2.951209226666387e-03
621	2.879838223635578e-03	2.884031503126605e-03
623	2.650362534559525e-03	2.691534803926917e-03
628	2.615623489097496e-03	2.630267991895381e-03
631	2.565540267062016e-03	2.570395782768865e-03
637	2.452866186942293e-03	2.454708915685031e-03
646	2.362490011898810e-03	2.398832919019490e-03
653	2.334258311772586e-03	2.344228815319923e-03
675	2.283921791595089e-03	2.290867652767772e-03
717	2.197723467038393e-03	2.238721138568340e-03
719	2.185311425915937e-03	2.187761623949552e-03
750	2.093314098374432e-03	2.137962089502233e-03
758	2.088622978469235e-03	2.089296130854039e-03
766	2.012285714422024e-03	2.041737944669530e-03
768	1.944005322791154e-03	1.949844599758046e-03
781	1.904367483000380e-03	1.905460717963246e-03
788	1.858638504659282e-03	1.862087136662868e-03
1117	1.818352964677028e-03	1.819700858609983e-03
1180	1.773792909053662e-03	1.778279410038923e-03
1191	1.535038339808614e-03	1.548816618912481e-03
1217	1.502530360487753e-03	1.513561248436209e-03
1227	1.478253172399913e-03	1.479108388168207e-03
1228	1.427983290175350e-03	1.445439770745928e-03
1234	1.405170715693127e-03	1.412537544622754e-03
1260	1.377151198176052e-03	1.380384264602885e-03
1278	1.305400331618300e-03	1.318256738556408e-03
1284	1.271017448164824e-03	1.288249551693134e-03
1296	1.258612448596486e-03	1.258925411794167e-03
1303	1.212834857374334e-03	1.230268770812381e-03
1315	1.196856395002333e-03	1.202264434617413e-03
1319	1.171293109162197e-03	1.174897554939529e-03
1331	1.114872811848411e-03	1.122018454301963e-03
1369	1.087097314946162e-03	1.096478196143185e-03
2001	1.069932619654601e-03	1.071519305237606e-03
2005	1.046724528578014e-03	1.047128548050900e-03
2029	1.014457090314891e-03	1.023292992280754e-03
2040	9.997872493285875e-04	1.000000000000000e-03
2075	9.748545128954733e-04	9.772372209558111e-04
2096	9.369928777216430e-04	9.549925860214359e-04
2103	9.252178830002622e-04	9.332543007969915e-04
2136	9.102389647093201e-04	9.120108393559096e-04
2169	8.883511728673410e-04	8.912509381337459e-04
2188	8.592987437268107e-04	8.709635899560805e-04
2192	8.499228289993166e-04	8.511380382023768e-04
3086	8.302542213857178e-04	8.317637711026709e-04
3125	8.104924563816507e-04	8.128305161640995e-04
3158	7.584963015342394e-04	7.585775750291835e-04
3189	7.340653672024411e-04	7.413102413009177e-04
3203	7.241415831091835e-04	7.244359600749898e-04
3210	7.077438061613428e-04	7.079457843841380e-04
3230	6.916758381680932e-04	6.918309709189362e-04
3263	6.733514418614250e-04	6.760829753919819e-04
4462	6.602872535946824e-04	6.606934480075957e-04
4486	6.025718040808536e-04	6.165950018614823e-04
4487	6.007312137801257e-04	6.025595860743575e-04
4539	5.886312870566623e-04	5.888436553555889e-04
4570	5.751100552767729e-04	5.754399373371566e-04
4580	5.621697363548117e-04	5.623413251903491e-04
4591	5.477109043353634e-04	5.495408738576248e-04
4650	5.343220410897187e-04	5.370317963702527e-04
4676	5.205713743473561e-04	5.248074602497728e-04
4737	5.097281154228250e-04	5.128613839913648e-04
4806	4.997034670229938e-04	5.011872336272725e-04
5200	4.895655279236744e-04	4.897788193684461e-04
6164	4.781083643571327e-04	4.786300923226385e-04
6631	4.665728265578206e-04	4.677351412871981e-04
6646	4.554390517840234e-04	4.570881896148752e-04
6682	4.456828318845085e-04	4.466835921509630e-04
6754	4.363900011739030e-04	4.365158322401661e-04
6774	4.265439532455950e-04	4.265795188015926e-04
6831	4.142571232211845e-04	4.168693834703355e-04
6839	4.073780115687597e-04	4.073802778041126e-04
6900	3.953278818508155e-04	3.981071705534974e-04
6960	3.887356020776389e-04	3.890451449942805e-04
8858	3.800869314516397e-04	3.801893963205612e-04
9034	3.393869542656081e-04	3.467368504525317e-04
9383	3.377290995455473e-04	3.388441561392024e-04
9418	3.310696043523631e-04	3.311311214825911e-04
9477	3.235406297350529e-04	3.235936569296281e-04
9623	3.153999720914014e-04	3.162277660168379e-04
9705	3.086687828612877e-04	3.090295432513592e-04
9815	3.016983533612461e-04	3.019951720402016e-04
9929	2.950521831671660e-04	2.951209226666387e-04
9972	2.882506441257426e-04	2.884031503126605e-04
13286	2.818027865961747e-04	2.818382931264455e-04
13441	2.750065429866222e-04	2.754228703338166e-04
13608	2.690754753815749e-04	2.691534803926917e-04
13717	2.626476957502399e-04	2.630267991895381e-04
13849	2.552404469529090e-04	2.570395782768865e-04
13975	2.511391701083276e-04	2.511886431509580e-04
18621	2.453451382093963e-04	2.454708915685031e-04
18908	2.397773262859948e-04	2.398832919019490e-04
19042	2.302782335432685e-04	2.344228815319923e-04
19127	2.259610686081714e-04	2.290867652767772e-04
19228	2.237223714521841e-04	2.238721138568340e-04
19407	2.187424627191348e-04	2.187761623949552e-04
19449	2.070513034808652e-04	2.089296130854039e-04
25724	2.041098204524916e-04	2.041737944669530e-04
25927	1.989271455818953e-04	1.995262314968879e-04
26097	1.943004612039445e-04	1.949844599758046e-04
26450	1.895566884851929e-04	1.905460717963246e-04
26652	1.862083558104022e-04	1.862087136662868e-04
26969	1.819499520715473e-04	1.819700858609983e-04
27125	1.774107561445248e-04	1.778279410038923e-04
27539	1.737635431671158e-04	1.737800828749376e-04
27893	1.698239655479883e-04	1.698243652461744e-04
28252	1.659576547818897e-04	1.659586907437562e-04
28446	1.619220662867349e-04	1.621810097358930e-04
29177	1.515674127392508e-04	1.548816618912481e-04
29237	1.513369358978611e-04	1.513561248436209e-04
30143	1.446584763749037e-04	1.479108388168207e-04
30170	1.445418911961704e-04	1.445439770745928e-04
30413	1.393457623989347e-04	1.412537544622754e-04
30721	1.377676003483375e-04	1.380384264602885e-04
31580	1.347254188097669e-04	1.348962882591653e-04
31884	1.308335050407283e-04	1.318256738556407e-04
32694	1.288234191555437e-04	1.288249551693134e-04
33753	1.258897803408932e-04	1.258925411794167e-04
34235	1.229727125282576e-04	1.230268770812381e-04
34813	1.170530049851015e-04	1.174897554939529e-04
36570	1.147794007533287e-04	1.148153621496883e-04
38403	1.122011460493733e-04	1.122018454301963e-04
39721	1.093467503231471e-04	1.096478196143185e-04
40054	1.065414963202782e-04	1.071519305237606e-04
42155	1.047106937910325e-04	1.047128548050900e-04
42351	1.017153608778854e-04	1.023292992280754e-04
43308	9.640086313789098e-05	9.772372209558111e-05
44395	9.549870328739996e-05	9.549925860214369e-05
48721	8.789077293214209e-05	8.912509381337459e-05
50206	8.709541834772683e-05	8.709635899560814e-05
52980	8.496768346100136e-05	8.511380382023759e-05
58557	7.665884476393270e-05	7.762471166286911e-05
59419	7.585774374974097e-05	7.585775750291836e-05
61465	7.412909849524585e-05	7.413102413009176e-05
63197	6.762137548432801e-05	6.918309709189363e-05
63301	6.760780033743252e-05	6.760829753919819e-05
80307	6.606909492556934e-05	6.606934480075965e-05
86068	6.447783488328085e-05	6.456542290346549e-05
100228	6.292317327183383e-05	6.309573444801929e-05
120001	6.240471742513520e-05	6.309573444801929e-05
%
% index = 309, name = bbob_f006_i21_d02__bbob_f008_i22_d02
% instance = 10, reference value = 9.408933771218170e-01
% function evaluation | indicator value | target hit
1	7.383684295324523e+03	7.413102413009177e+03
3	6.846734628413878e+03	6.918309709189362e+03
7	1.063046818165227e+03	1.071519305237606e+03
27	8.690309407340816e+00	8.709635899560805e+00
78	8.152787103113388e-01	8.317637711026710e-01
163	7.213970624480870e-01	7.244359600749900e-01
221	7.063916935810524e-01	7.079457843841379e-01
259	3.151071846697451e-01	3.162277660168379e-01
388	3.082143894853659e-01	3.090295432513591e-01
536	3.016653059976856e-01	3.019951720402016e-01
614	1.409054777057938e-01	1.412537544622754e-01
677	1.329081545883002e-01	1.348962882591654e-01
718	1.089142490885305e-01	1.096478196143185e-01
788	9.101020876127353e-02	9.120108393559097e-02
846	8.492687937146381e-02	8.511380382023763e-02
866	6.628937483596009e-02	6.760829753919818e-02
894	5.555114933461480e-02	5.623413251903491e-02
939	4.372017229958836e-02	4.466835921509630e-02
956	4.057515317161731e-02	4.073802778041128e-02
977	3.656039754668017e-02	3.715352290971726e-02
984	3.610235169319331e-02	3.630780547701014e-02
1064	3.427514956403388e-02	3.467368504525317e-02
1088	3.388222303317978e-02	3.388441561392026e-02
1094	3.156125793639486e-02	3.162277660168379e-02
1102	3.084003140188396e-02	3.090295432513590e-02
1107	2.952493839574055e-02	3.019951720402016e-02
1124	2.928246549219782e-02	2.951209226666385e-02
1179	2.883383101439974e-02	2.884031503126606e-02
1180	2.721853436855881e-02	2.754228703338166e-02
1206	2.271580213458047e-02	2.290867652767773e-02
1263	2.124018417768681e-02	2.137962089502233e-02
1313	1.983646558050178e-02	1.995262314968880e-02
1318	1.855998718362017e-02	1.862087136662868e-02
1333	1.761514603777237e-02	1.778279410038923e-02
1351	1.518240581588060e-02	1.548816618912481e-02
1365	1.511173413852418e-02	1.513561248436208e-02
1449	1.430409006363187e-02	1.445439770745927e-02
1465	1.396191584623563e-02	1.412537544622754e-02
1478	1.281915834005032e-02	1.288249551693134e-02
1513	1.248412113906217e-02	1.258925411794167e-02
1530	1.136780357631206e-02	1.148153621496883e-02
1546	1.070844514388825e-02	1.071519305237606e-02
1569	1.032235352383482e-02	1.047128548050900e-02
1576	1.006754776707575e-02	1.023292992280754e-02
1581	9.981973044323800e-03	1.000000000000000e-02
1792	9.753852974101807e-03	9.772372209558112e-03
1800	9.067750560608379e-03	9.120108393559097e-03
1832	7.383400223536896e-03	7.413102413009177e-03
1840	7.079125009692544e-03	7.079457843841380e-03
1843	6.897162028018600e-03	6.918309709189363e-03
1855	6.458653656178037e-03	6.606934480075957e-03
1856	6.400063404389145e-03	6.456542290346556e-03
1857	6.194275166108709e-03	6.309573444801930e-03
1862	6.109083726291265e-03	6.165950018614822e-03
1863	5.992357029171225e-03	6.025595860743574e-03
1879	5.762709978411551e-03	5.888436553555890e-03
1888	5.733229944012042e-03	5.754399373371567e-03
1893	5.616458094637511e-03	5.623413251903491e-03
1901	5.491927809920139e-03	5.495408738576248e-03
1908	5.193433858099117e-03	5.248074602497728e-03
2083	5.117391984631126e-03	5.128613839913648e-03
2087	4.995709869953791e-03	5.011872336272725e-03
2105	4.885420500078008e-03	4.897788193684461e-03
2114	4.589041493666124e-03	4.677351412871981e-03
2128	4.568493605975110e-03	4.570881896148752e-03
2142	4.466236062744877e-03	4.466835921509630e-03
2149	4.269915832724402e-03	4.365158322401661e-03
2160	4.250152977709698e-03	4.265795188015926e-03
2190	4.144891554006769e-03	4.168693834703355e-03
2193	3.990325803457262e-03	4.073802778041126e-03
2197	3.967801709476637e-03	3.981071705534973e-03
2207	3.826256465539579e-03	3.890451449942805e-03
2208	3.689080968333314e-03	3.715352290971724e-03
2214	3.595769487422795e-03	3.630780547701014e-03
2216	3.523424255228336e-03	3.548133892335753e-03
2230	3.359690812390514e-03	3.388441561392024e-03
2258	3.295651476829087e-03	3.311311214825911e-03
2564	3.154421215493808e-03	3.162277660168379e-03
2584	3.058269392758550e-03	3.090295432513592e-03
2591	2.993973930041305e-03	3.019951720402016e-03
2597	2.944318363396370e-03	2.951209226666387e-03
2611	2.805696775633248e-03	2.818382931264455e-03
2630	2.732052184113432e-03	2.754228703338166e-03
2633	2.618219678652278e-03	2.630267991895381e-03
2640	2.551743333997436e-03	2.570395782768865e-03
2666	2.511421556104843e-03	2.511886431509579e-03
2716	2.418932260928819e-03	2.454708915685031e-03
2733	2.396455280611387e-03	2.398832919019490e-03
3160	2.327945386912389e-03	2.344228815319923e-03
3161	2.288429142647597e-03	2.290867652767772e-03
3204	2.236661288199882e-03	2.238721138568340e-03
3208	2.178634943972524e-03	2.187761623949552e-03
3246	2.127941617658613e-03	2.137962089502233e-03
3266	2.031927527067934e-03	2.041737944669530e-03
3283	1.868548381504631e-03	1.905460717963246e-03
3298	1.850843134049929e-03	1.862087136662868e-03
3308	1.795346943598841e-03	1.819700858609983e-03
3318	1.771756559864612e-03	1.778279410038923e-03
3326	1.736308405672404e-03	1.737800828749376e-03
3352	1.695432288258969e-03	1.698243652461744e-03
3378	1.577255063151317e-03	1.584893192461114e-03
3393	1.542494857914134e-03	1.548816618912481e-03
3422	1.513083280669125e-03	1.513561248436209e-03
3459	1.477319176949377e-03	1.479108388168207e-03
3473	1.435070656869430e-03	1.445439770745928e-03
3533	1.411578872014707e-03	1.412537544622754e-03
4195	1.376043003405991e-03	1.380384264602885e-03
4215	1.348648741662073e-03	1.348962882591653e-03
4248	1.312329245240607e-03	1.318256738556408e-03
4310	1.274928242247619e-03	1.288249551693134e-03
4334	1.255923282823979e-03	1.258925411794167e-03
4360	1.223207834310625e-03	1.230268770812381e-03
4393	1.179520618047047e-03	1.202264434617413e-03
4395	1.173620664741581e-03	1.174897554939529e-03
4430	1.142088035385402e-03	1.148153621496883e-03
4477	1.063975061334710e-03	1.071519305237606e-03
4491	1.047059198686973e-03	1.047128548050900e-03
4567	1.022773853891712e-03	1.023292992280754e-03
4614	9.859375071361587e-04	1.000000000000000e-03
4663	9.769636090727341e-04	9.772372209558111e-04
4695	9.421066930475064e-04	9.549925860214359e-04
4745	9.324951184982444e-04	9.332543007969915e-04
4767	9.118006881765339e-04	9.120108393559096e-04
5696	8.911328016559805e-04	8.912509381337459e-04
5708	8.574220270687327e-04	8.709635899560805e-04
5737	8.475225900798078e-04	8.511380382023768e-04
5770	8.188349863738065e-04	8.317637711026709e-04
5781	8.101999868257437e-04	8.128305161640995e-04
5788	7.927369806849383e-04	7.943282347242813e-04
5835	7.671825241550856e-04	7.762471166286919e-04
5858	7.585208729355974e-04	7.585775750291835e-04
5875	7.342895399305993e-04	7.413102413009177e-04
5903	7.219972951126863e-04	7.244359600749898e-04
5922	7.071201280710593e-04	7.079457843841380e-04
5950	6.885498797443157e-04	6.918309709189362e-04
6018	6.749028583693528e-04	6.760829753919819e-04
6046	6.603985442455995e-04	6.606934480075957e-04
6052	6.354697119868025e-04	6.456542290346556e-04
6080	6.309538516410251e-04	6.309573444801930e-04
6118	6.163153121826470e-04	6.165950018614823e-04
6170	6.023074017035279e-04	6.025595860743575e-04
6235	5.860080599229267e-04	5.888436553555889e-04
6271	5.752072827069910e-04	5.754399373371566e-04
6325	5.608869381450443e-04	5.623413251903491e-04
6441	5.494907142649108e-04	5.495408738576248e-04
6552	5.369486256397993e-04	5.370317963702527e-04
7927	5.236413696810827e-04	5.248074602497728e-04
8022	5.117619523730133e-04	5.128613839913648e-04
8095	4.995369559536167e-04	5.011872336272725e-04
8195	4.861643944302774e-04	4.897788193684461e-04
8255	4.782553186714056e-04	4.786300923226385e-04
8348	4.662290006779424e-04	4.677351412871981e-04
8368	4.524953348342686e-04	4.570881896148752e-04
8474	4.449500990658661e-04	4.466835921509630e-04
8536	4.358352962919865e-04	4.365158322401661e-04
8618	4.264128435363945e-04	4.265795188015926e-04
8780	4.168645795148418e-04	4.168693834703355e-04
8866	4.071883101661733e-04	4.073802778041126e-04
9071	3.976667389853361e-04	3.981071705534974e-04
9265	3.887316361266269e-04	3.890451449942805e-04
9364	3.796385633186850e-04	3.801893963205612e-04
9498	3.715323026265427e-04	3.715352290971724e-04
9707	3.630447108202706e-04	3.630780547701014e-04
9804	3.495971293181466e-04	3.548133892335753e-04
9894	3.466336622781618e-04	3.467368504525317e-04
10125	3.383762873544471e-04	3.388441561392024e-04
10282	3.311060803208310e-04	3.311311214825911e-04
10583	3.234481359573049e-04	3.235936569296281e-04
10926	3.161640918136754e-04	3.162277660168379e-04
11121	3.088872213351523e-04	3.090295432513592e-04
11385	3.019449639816152e-04	3.019951720402016e-04
11711	2.950124548155575e-04	2.951209226666387e-04
11966	2.881731668951115e-04	2.884031503126605e-04
12241	2.812662909409402e-04	2.818382931264455e-04
12521	2.754115087605369e-04	2.754228703338166e-04
12724	2.691229850411148e-04	2.691534803926917e-04
12991	2.628914939081239e-04	2.630267991895381e-04
13437	2.569987996920986e-04	2.570395782768865e-04
13792	2.510369033085214e-04	2.511886431509580e-04
14113	2.454690063957710e-04	2.454708915685031e-04
14529	2.393854646738358e-04	2.398832919019490e-04
14724	2.343250803085173e-04	2.344228815319923e-04
15141	2.290729585096019e-04	2.290867652767772e-04
15503	2.238351252912274e-04	2.238721138568340e-04
15815	2.187718515589410e-04	2.187761623949552e-04
16171	2.137523420245868e-04	2.137962089502232e-04
16959	2.084538006602576e-04	2.089296130854039e-04
17484	2.041535829375718e-04	2.041737944669530e-04
18255	1.991793444524603e-04	1.995262314968879e-04
18800	1.949657281704598e-04	1.949844599758046e-04
19247	1.905260946206688e-04	1.905460717963246e-04
19851	1.862072654343905e-04	1.862087136662868e-04
20375	1.818373526670802e-04	1.819700858609983e-04
20622	1.778110969021807e-04	1.778279410038923e-04
20746	1.737423005612193e-04	1.737800828749376e-04
23024	1.696837782980687e-04	1.698243652461744e-04
23561	1.659520716011942e-04	1.659586907437562e-04
24232	1.616966405812992e-04	1.621810097358930e-04
24561	1.584595827032187e-04	1.584893192461114e-04
24895	1.546712738904610e-04	1.548816618912481e-04
25534	1.513470629332936e-04	1.513561248436209e-04
26296	1.479103331065712e-04	1.479108388168207e-04
27067	1.444502509013734e-04	1.445439770745928e-04
27753	1.408946845664616e-04	1.412537544622754e-04
28230	1.380377211183115e-04	1.380384264602885e-04
29139	1.348620870694761e-04	1.348962882591653e-04
30531	1.317070201948267e-04	1.318256738556407e-04
31866	1.288219060221474e-04	1.288249551693134e-04
33322	1.258454364941874e-04	1.258925411794167e-04
34620	1.230180415947579e-04	1.230268770812381e-04
35494	1.200554956274358e-04	1.202264434617413e-04
37628	1.173178074469483e-04	1.174897554939529e-04
39583	1.148150723935260e-04	1.148153621496883e-04
41298	1.121221044451115e-04	1.122018454301963e-04
44794	1.094387875434366e-04	1.096478196143185e-04
45990	1.064224834214089e-04	1.071519305237606e-04
48750	1.046821622685545e-04	1.047128548050900e-04
50560	1.023274680366226e-04	1.023292992280754e-04
51315	9.933201157441562e-05	1.000000000000000e-04
53831	9.763402070317451e-05	9.772372209558111e-05
57046	9.414742139990384e-05	9.549925860214369e-05
57810	9.321161462449989e-05	9.332543007969905e-05
63743	9.108768348720098e-05	9.120108393559096e-05
66543	8.872362058243155e-05	8.912509381337459e-05
69469	8.709551264129978e-05	8.709635899560814e-05
77163	8.509975578652185e-05	8.511380382023759e-05
82344	8.313215275634889e-05	8.317637711026709e-05
85997	8.128254727557405e-05	8.128305161640995e-05
93658	7.943081960670728e-05	7.943282347242822e-05
101416	7.762101963382229e-05	7.762471166286911e-05
110545	7.579436479632218e-05	7.585775750291836e-05
117241	7.385606386489663e-05	7.413102413009176e-05
121256	7.369770692122746e-05	7.413102413009176e-05
%
% index = 310, name = bbob_f006_i23_d02__bbob_f008_i24_d02
% instance = 11, reference value = 1.000000000000000e+00
% function evaluation | indicator value | target hit
1	1.813115394306217e+01	1.819700858609983e+01
42	1.210479077544950e+01	1.230268770812382e+01
108	2.016858224159500e+00	2.041737944669529e+00
246	8.294315411693494e-01	8.317637711026710e-01
415	7.660889514274670e-01	7.762471166286917e-01
572	6.320178406974613e-01	6.456542290346555e-01
775	6.305212691527111e-01	6.309573444801932e-01
959	6.161816732245922e-01	6.165950018614822e-01
1066	3.656871746167312e-01	3.715352290971726e-01
1398	3.487685352436048e-01	3.548133892335755e-01
1426	3.463839408924131e-01	3.467368504525316e-01
1795	3.360034004096104e-01	3.388441561392025e-01
1895	3.249132874917696e-01	3.311311214825911e-01
1938	3.216878912004489e-01	3.235936569296283e-01
3211	3.153763647079529e-01	3.162277660168379e-01
9036	3.089812409996763e-01	3.090295432513591e-01
44571	3.010537111223649e-01	3.019951720402016e-01
93133	2.894209552811395e-01	2.951209226666385e-01
96730	2.819992484047928e-01	2.884031503126606e-01
116042	2.818289193927623e-01	2.818382931264454e-01
120000	2.817677596735891e-01	2.818382931264454e-01
%
% index = 311, name = bbob_f006_i25_d02__bbob_f008_i26_d02
% instance = 12, reference value = 1.000000000000000e+00
% function evaluation | indicator value | target hit
1	3.731338118122584e-01	3.801893963205612e-01
25	3.488783701526247e-01	3.548133892335755e-01
27	3.368057568855337e-01	3.388441561392025e-01
42	3.275093575141200e-01	3.311311214825911e-01
72	1.394591814296020e-03	1.412537544622754e-03
91	1.367429371701645e-03	1.380384264602885e-03
98	1.072666004061529e-03	1.096478196143185e-03
101	6.267559931961708e-04	6.309573444801930e-04
152	5.744937866630773e-04	5.754399373371566e-04
199	5.385006106611856e-04	5.495408738576248e-04
205	5.171840059059463e-04	5.248074602497728e-04
226	5.121439723115850e-04	5.128613839913648e-04
306	5.006979150748991e-04	5.011872336272725e-04
355	3.425749329430960e-04	3.467368504525317e-04
432	3.351576584603722e-04	3.388441561392024e-04
434	3.306728235121792e-04	3.311311214825911e-04
566	3.233562450344341e-04	3.235936569296281e-04
1212	3.161087817387109e-04	3.162277660168379e-04
6809	2.916469885619888e-04	2.951209226666387e-04
9866	2.754603267215439e-04	2.818382931264455e-04
11534	2.754178000928809e-04	2.754228703338166e-04
27257	2.424481832778991e-04	2.454708915685031e-04
52063	2.332850939485986e-04	2.344228815319923e-04
88767	2.255013500417347e-04	2.290867652767772e-04
105004	2.219839433555970e-04	2.238721138568340e-04
120000	2.219622736076010e-04	2.238721138568340e-04
%
% index = 312, name = bbob_f006_i27_d02__bbob_f008_i28_d02
% instance = 13, reference value = 1.000000000000000e+00
% function evaluation | indicator value | target hit
1	4.388612661440104e-01	4.466835921509631e-01
52	3.850172163083031e-01	3.890451449942806e-01
79	3.617916896248339e-01	3.630780547701014e-01
153	2.539228760722385e-01	2.570395782768864e-01
165	2.202254116923632e-01	2.238721138568339e-01
189	2.049121364184262e-01	2.089296130854039e-01
216	2.003918075990111e-01	2.041737944669530e-01
232	1.979910902478984e-01	1.995262314968880e-01
251	1.892130220220485e-01	1.905460717963247e-01
281	1.441223843334167e-01	1.445439770745928e-01
413	1.255505554003202e-01	1.258925411794167e-01
520	1.166141329807175e-01	1.174897554939529e-01
834	1.139117401892888e-01	1.148153621496883e-01
1022	1.121937878154733e-01	1.122018454301964e-01
1065	1.029871392730347e-01	1.047128548050900e-01
1108	1.022745109015482e-01	1.023292992280754e-01
1751	9.834646661561575e-02	1.000000000000000e-01
1764	9.688201968719334e-02	9.772372209558107e-02
1774	8.907964669488677e-02	8.912509381337455e-02
2313	8.642572029300255e-02	8.709635899560805e-02
2470	8.507451454403891e-02	8.511380382023763e-02
3044	8.156858309335013e-02	8.317637711026708e-02
3139	8.120765169652266e-02	8.128305161640990e-02
3205	7.941607890055458e-02	7.943282347242814e-02
5821	7.731274252005638e-02	7.762471166286916e-02
10170	7.190652267215913e-02	7.244359600749903e-02
13654	6.950422991094940e-02	7.079457843841380e-02
13655	6.905867424807288e-02	6.918309709189366e-02
13886	6.667352216698585e-02	6.760829753919818e-02
14136	6.443128106759544e-02	6.456542290346556e-02
18729	6.288695314031112e-02	6.309573444801933e-02
34049	6.113626615763923e-02	6.165950018614822e-02
34734	6.020050941413968e-02	6.025595860743578e-02
40385	5.785307737493395e-02	5.888436553555890e-02
45609	5.703966463027998e-02	5.754399373371569e-02
70572	5.623391445733039e-02	5.623413251903491e-02
120000	5.570178803196058e-02	5.623413251903491e-02
%
% index = 313, name = bbob_f006_i29_d02__bbob_f008_i30_d02
% instance = 14, reference value = 1.000000000000000e+00
% function evaluation | indicator value | target hit
1	1.539090377276500e+00	1.548816618912481e+00
8	4.238779474579466e-01	4.265795188015927e-01
29	3.841618888803363e-01	3.890451449942806e-01
35	3.681263260723938e-01	3.715352290971726e-01
79	3.162491367833354e-01	3.235936569296283e-01
86	2.615157552708407e-01	2.630267991895382e-01
113	2.421132259580036e-01	2.454708915685030e-01
129	2.363270611833665e-01	2.398832919019490e-01
170	2.343095106870869e-01	2.344228815319922e-01
176	2.276840813189831e-01	2.290867652767773e-01
178	2.226403391249159e-01	2.238721138568339e-01
191	2.186059109942888e-01	2.187761623949552e-01
218	2.115752414137814e-01	2.137962089502232e-01
256	2.030569827565595e-01	2.041737944669530e-01
268	1.983257310815894e-01	1.995262314968880e-01
329	1.945391829374512e-01	1.949844599758045e-01
363	1.890344727634605e-01	1.905460717963247e-01
602	1.860329823005542e-01	1.862087136662867e-01
642	1.783224140654028e-01	1.819700858609984e-01
646	1.774873400696575e-01	1.778279410038923e-01
712	1.715273654355441e-01	1.737800828749375e-01
982	1.698101539690786e-01	1.698243652461744e-01
1278	1.659569698920657e-01	1.659586907437560e-01
1806	1.617191404957500e-01	1.621810097358930e-01
2752	1.583214821641362e-01	1.584893192461113e-01
7119	1.548813301856020e-01	1.548816618912481e-01
120001	1.533853243798518e-01	1.548816618912481e-01
%
% index = 314, name = bbob_f006_i31_d02__bbob_f008_i34_d02
% instance = 15, reference value = 1.000000000000000e+00
% function evaluation | indicator value | target hit
1	5.701550772831500e+00	5.754399373371569e+00
4	1.316317568555473e-01	1.318256738556407e-01
23	2.735918343742050e-02	2.754228703338166e-02
73	1.214279432184917e-02	1.230268770812382e-02
76	4.335756619525233e-03	4.365158322401661e-03
84	1.311076012543766e-03	1.318256738556408e-03
170	5.885197628955341e-04	5.888436553555889e-04
276	5.560998204658940e-04	5.623413251903491e-04
296	5.151774456927383e-04	5.248074602497728e-04
380	3.672025641829890e-04	3.715352290971724e-04
439	3.476500057781884e-04	3.548133892335753e-04
441	3.456429716456322e-04	3.467368504525317e-04
494	3.388062864239094e-04	3.388441561392024e-04
509	3.212597844746146e-04	3.235936569296281e-04
569	3.040575626727104e-04	3.090295432513592e-04
570	2.998399248322903e-04	3.019951720402016e-04
651	2.236562518445062e-04	2.238721138568340e-04
703	2.053537955926110e-04	2.089296130854039e-04
722	1.865292301225230e-04	1.905460717963246e-04
738	1.840195951415824e-04	1.862087136662868e-04
771	1.815753220761884e-04	1.819700858609983e-04
1034	1.768108688415815e-04	1.778279410038923e-04
1053	1.723101429788043e-04	1.737800828749376e-04
1512	1.576687496489537e-04	1.584893192461114e-04
1528	1.534516722402346e-04	1.548816618912481e-04
1546	1.495374757629619e-04	1.513561248436209e-04
1605	1.468840021329187e-04	1.479108388168207e-04
1683	1.424811415426941e-04	1.445439770745928e-04
3216	1.405548863273598e-04	1.412537544622754e-04
4815	1.380256270916425e-04	1.380384264602885e-04
7438	1.339984646250292e-04	1.348962882591653e-04
10669	1.314823701793477e-04	1.318256738556407e-04
20083	1.286886936262555e-04	1.288249551693134e-04
30618	1.256424690293523e-04	1.258925411794167e-04
35880	1.229719904540794e-04	1.230268770812381e-04
48489	1.195088304053460e-04	1.202264434617413e-04
57017	1.174869129776379e-04	1.174897554939529e-04
59792	1.118995949387358e-04	1.122018454301963e-04
63824	1.069817189116584e-04	1.071519305237606e-04
74566	1.033942313171110e-04	1.047128548050900e-04
76799	1.023216456152998e-04	1.023292992280754e-04
99920	9.932379598032171e-05	1.000000000000000e-04
110840	9.768640070673129e-05	9.772372209558111e-05
124901	9.717105697670814e-05	9.772372209558111e-05
