%
% index = 1515, name = bbob_f015_i02_d03__bbob_f017_i04_d03
% instance = 1, reference value = 8.689666453192360e-01
% function evaluation | indicator value | target hit
1	3.187101758172206e-01	3.235936569296283e-01
28	3.138065988038645e-01	3.162277660168379e-01
123	3.006720567154588e-01	3.019951720402016e-01
135	2.800988380893465e-01	2.818382931264454e-01
272	2.725162078495053e-01	2.754228703338166e-01
302	2.689498297241202e-01	2.691534803926916e-01
655	2.579439904157722e-01	2.630267991895382e-01
691	2.535786591165458e-01	2.570395782768864e-01
778	2.507225282405240e-01	2.511886431509580e-01
1133	2.381707511487757e-01	2.398832919019490e-01
1360	2.279804585413689e-01	2.290867652767773e-01
2174	2.226193082603085e-01	2.238721138568339e-01
2682	2.175651494383319e-01	2.187761623949552e-01
3120	2.127047132688491e-01	2.137962089502232e-01
3679	2.073672219201294e-01	2.089296130854039e-01
5413	2.032644136012669e-01	2.041737944669530e-01
9469	1.993324336874382e-01	1.995262314968880e-01
39612	1.947366563499456e-01	1.949844599758045e-01
70893	1.900975208185419e-01	1.905460717963247e-01
79425	1.852416335424031e-01	1.862087136662867e-01
88307	1.815063610051164e-01	1.819700858609984e-01
113184	1.776924781493093e-01	1.778279410038923e-01
121331	1.734142566153123e-01	1.737800828749375e-01
130654	1.620224025222551e-01	1.621810097358930e-01
134157	1.580422798681288e-01	1.584893192461113e-01
139674	1.546826693920322e-01	1.548816618912481e-01
162084	1.513446377027211e-01	1.513561248436208e-01
167308	1.478466329470866e-01	1.479108388168208e-01
184487	1.452072404069999e-01	1.479108388168208e-01
%
% index = 1516, name = bbob_f015_i03_d03__bbob_f017_i05_d03
% instance = 2, reference value = 9.547074979486040e-01
% function evaluation | indicator value | target hit
1	1.118886894219104e+00	1.122018454301963e+00
40	7.074086480982873e-01	7.079457843841379e-01
44	6.200170856888755e-01	6.309573444801932e-01
54	6.129514484800741e-01	6.165950018614822e-01
71	5.774989254522519e-01	5.888436553555889e-01
78	5.646336965334274e-01	5.754399373371569e-01
84	5.037591772170782e-01	5.128613839913648e-01
140	4.485818808026977e-01	4.570881896148750e-01
149	3.695505955941338e-01	3.715352290971726e-01
192	3.608108154678779e-01	3.630780547701014e-01
254	3.212896012309506e-01	3.235936569296283e-01
293	2.848529346119653e-01	2.884031503126606e-01
306	2.795257511124626e-01	2.818382931264454e-01
340	2.631298809099227e-01	2.691534803926916e-01
353	2.629439095621557e-01	2.630267991895382e-01
384	2.452175917532269e-01	2.454708915685030e-01
438	2.367827825631885e-01	2.398832919019490e-01
447	2.314948749365107e-01	2.344228815319922e-01
455	2.266192962487937e-01	2.290867652767773e-01
468	2.236069720926620e-01	2.238721138568339e-01
470	2.157860045078520e-01	2.187761623949552e-01
485	2.128393711215737e-01	2.137962089502232e-01
498	2.082967631984890e-01	2.089296130854039e-01
592	1.966977586152447e-01	1.995262314968880e-01
597	1.886013302820032e-01	1.905460717963247e-01
598	1.768464144606040e-01	1.778279410038923e-01
670	1.670370342758903e-01	1.698243652461744e-01
698	1.579244287741680e-01	1.584893192461113e-01
729	1.547257227141003e-01	1.548816618912481e-01
778	1.468113584330443e-01	1.479108388168208e-01
941	1.406249760736794e-01	1.412537544622754e-01
964	1.199633134378612e-01	1.202264434617413e-01
1327	1.143371852583132e-01	1.148153621496883e-01
1499	1.120588708509427e-01	1.122018454301964e-01
1631	1.050541557466297e-01	1.071519305237607e-01
1656	1.044944369590609e-01	1.047128548050900e-01
2522	1.023247047893471e-01	1.023292992280754e-01
2772	9.061764239744596e-02	9.120108393559097e-02
3713	8.906705907144907e-02	8.912509381337455e-02
7119	8.667454088494597e-02	8.709635899560805e-02
16797	8.510893770000638e-02	8.511380382023763e-02
17539	8.295077166612819e-02	8.317637711026708e-02
20173	8.128304874899595e-02	8.128305161640990e-02
24475	7.780122215098084e-02	7.943282347242814e-02
26354	7.685133168345148e-02	7.762471166286916e-02
39907	7.469837909822541e-02	7.585775750291836e-02
47781	7.412121095974467e-02	7.413102413009177e-02
182371	7.262134669429909e-02	7.413102413009177e-02
%
% index = 1517, name = bbob_f015_i07_d03__bbob_f017_i08_d03
% instance = 3, reference value = 9.611933489290210e-01
% function evaluation | indicator value | target hit
1	3.272146305532990e-01	3.311311214825911e-01
2	3.226301086710538e-01	3.235936569296283e-01
33	3.010602187783616e-01	3.019951720402016e-01
64	2.810949689712917e-01	2.818382931264454e-01
87	2.077503616664099e-01	2.089296130854039e-01
94	2.039330396818131e-01	2.041737944669530e-01
114	1.991102823103240e-01	1.995262314968880e-01
126	1.914162282239331e-01	1.949844599758045e-01
141	1.892166858916374e-01	1.905460717963247e-01
166	1.858052500241519e-01	1.862087136662867e-01
171	1.796533851227349e-01	1.819700858609984e-01
172	1.750162512213250e-01	1.778279410038923e-01
186	1.697742114143441e-01	1.698243652461744e-01
192	1.587578264338676e-01	1.621810097358930e-01
207	1.469916824935513e-01	1.479108388168208e-01
208	1.397000609706556e-01	1.412537544622754e-01
276	1.365649009099723e-01	1.380384264602885e-01
305	1.343165215351414e-01	1.348962882591654e-01
357	1.305486307393110e-01	1.318256738556407e-01
397	1.218728419910414e-01	1.230268770812381e-01
422	1.200363705444044e-01	1.202264434617413e-01
427	1.164302703150066e-01	1.174897554939529e-01
449	1.139569888190654e-01	1.148153621496883e-01
480	1.082997236047190e-01	1.096478196143185e-01
495	9.152549411624422e-02	9.332543007969910e-02
496	9.078568628177885e-02	9.120108393559097e-02
580	8.823534252189358e-02	8.912509381337455e-02
614	8.468356314104852e-02	8.511380382023763e-02
617	8.106185695460588e-02	8.128305161640990e-02
676	7.935436048233158e-02	7.943282347242814e-02
794	7.747886437082296e-02	7.762471166286916e-02
832	7.573316386058604e-02	7.585775750291836e-02
885	7.381862303782682e-02	7.413102413009177e-02
928	7.088095004648665e-02	7.244359600749903e-02
945	7.056936343444553e-02	7.079457843841380e-02
968	5.881158876798320e-02	5.888436553555890e-02
1002	5.754035009835379e-02	5.754399373371569e-02
1092	5.602489704085278e-02	5.623413251903491e-02
1154	5.484245136122556e-02	5.495408738576246e-02
1159	5.256557653284688e-02	5.370317963702527e-02
1175	5.173850624214593e-02	5.248074602497726e-02
1189	5.089339940898796e-02	5.128613839913648e-02
1254	4.984290551629744e-02	5.011872336272722e-02
1408	4.873792277670075e-02	4.897788193684462e-02
1446	4.454691981283532e-02	4.466835921509630e-02
1555	4.338015311268961e-02	4.365158322401658e-02
1656	4.242589279223496e-02	4.265795188015926e-02
1795	4.165619193077597e-02	4.168693834703355e-02
1857	3.982260418903427e-02	4.073802778041128e-02
1859	3.977826844906640e-02	3.981071705534973e-02
1933	3.797401175479265e-02	3.801893963205612e-02
2008	3.714901929360137e-02	3.715352290971726e-02
2131	3.462882019541791e-02	3.467368504525317e-02
2327	3.374629250499206e-02	3.388441561392026e-02
2331	3.295109249528472e-02	3.311311214825911e-02
2475	3.139457657079270e-02	3.162277660168379e-02
2492	3.060372375067932e-02	3.090295432513590e-02
2550	2.918781990155672e-02	2.951209226666385e-02
2659	2.863878349281135e-02	2.884031503126606e-02
2941	2.812726368786833e-02	2.818382931264454e-02
2966	2.737215401571635e-02	2.754228703338166e-02
3506	2.662532904172976e-02	2.691534803926915e-02
3589	2.624941201012887e-02	2.630267991895381e-02
3617	2.565469351906124e-02	2.570395782768863e-02
3781	2.438255100419640e-02	2.454708915685030e-02
4371	2.369737737816102e-02	2.398832919019490e-02
4627	2.343863423163817e-02	2.344228815319923e-02
5845	2.284734520405651e-02	2.290867652767773e-02
7275	2.152002498192562e-02	2.187761623949553e-02
7576	2.135341663452517e-02	2.137962089502233e-02
8546	1.914143555096459e-02	1.949844599758046e-02
9405	1.903672989797678e-02	1.905460717963247e-02
9822	1.689666070356133e-02	1.698243652461744e-02
11354	1.657769883515781e-02	1.659586907437561e-02
13502	1.621703500474114e-02	1.621810097358930e-02
15104	1.566579237151977e-02	1.584893192461113e-02
15597	1.547504115965215e-02	1.548816618912481e-02
16931	1.489676184570832e-02	1.513561248436208e-02
17396	1.478284728837487e-02	1.479108388168207e-02
18634	1.438228104067418e-02	1.445439770745927e-02
21587	1.408313482582912e-02	1.412537544622754e-02
21864	1.376378579847670e-02	1.380384264602885e-02
25107	1.276701407953618e-02	1.288249551693134e-02
29385	1.254148079199369e-02	1.258925411794167e-02
31569	1.165821255445798e-02	1.174897554939530e-02
34908	1.133987082100707e-02	1.148153621496883e-02
43848	1.121769526783756e-02	1.122018454301964e-02
46356	1.093374109258360e-02	1.096478196143185e-02
48078	1.051614653443789e-02	1.071519305237606e-02
50844	1.045471730205583e-02	1.047128548050900e-02
62090	1.011989435267413e-02	1.023292992280754e-02
64533	9.969054019785206e-03	1.000000000000000e-02
73436	9.772246946009533e-03	9.772372209558112e-03
74936	9.343271191844749e-03	9.549925860214359e-03
75787	9.328852937384835e-03	9.332543007969915e-03
88509	9.110990459621382e-03	9.120108393559097e-03
100384	8.908536924310373e-03	8.912509381337459e-03
111268	8.396211091555750e-03	8.511380382023767e-03
118461	8.285905644779934e-03	8.317637711026709e-03
126024	8.127468744713817e-03	8.128305161640995e-03
148538	7.942983143591431e-03	7.943282347242814e-03
165108	7.672161210706130e-03	7.762471166286920e-03
174936	7.585593835895188e-03	7.585775750291836e-03
180000	7.557272551732108e-03	7.585775750291836e-03
%
% index = 1518, name = bbob_f015_i09_d03__bbob_f017_i10_d03
% instance = 4, reference value = 9.400806592088070e-01
% function evaluation | indicator value | target hit
1	7.884334786324015e-01	7.943282347242815e-01
4	6.459341457315182e-01	6.606934480075960e-01
10	6.439165463050003e-01	6.456542290346555e-01
15	6.148282247241893e-01	6.165950018614822e-01
45	5.817920313226367e-01	5.888436553555889e-01
51	5.575961734596890e-01	5.623413251903491e-01
71	5.092827078126649e-01	5.128613839913648e-01
85	4.772896824816650e-01	4.786300923226383e-01
105	3.272057665585021e-01	3.311311214825911e-01
110	3.166764851294163e-01	3.235936569296283e-01
128	3.052584373468294e-01	3.090295432513591e-01
137	3.015234528560720e-01	3.019951720402016e-01
204	2.931212720586867e-01	2.951209226666385e-01
313	2.876436084013536e-01	2.884031503126606e-01
325	2.546266465700296e-01	2.570395782768864e-01
378	2.504129514074674e-01	2.511886431509580e-01
404	2.272680518122103e-01	2.290867652767773e-01
405	2.170796682692179e-01	2.187761623949552e-01
414	1.911619353923454e-01	1.949844599758045e-01
421	1.826545367409707e-01	1.862087136662867e-01
459	1.805440094859044e-01	1.819700858609984e-01
558	1.669998058473520e-01	1.698243652461744e-01
632	1.654663850136258e-01	1.659586907437560e-01
736	1.578796984302059e-01	1.584893192461113e-01
744	1.448683751340277e-01	1.479108388168208e-01
762	1.428436393625468e-01	1.445439770745928e-01
779	1.380839634322575e-01	1.412537544622754e-01
802	1.374506436357452e-01	1.380384264602885e-01
880	1.334647951440405e-01	1.348962882591654e-01
1003	1.258139972722754e-01	1.258925411794167e-01
1035	1.155540708448952e-01	1.174897554939529e-01
1065	1.078475102505253e-01	1.096478196143185e-01
1075	1.071327791583097e-01	1.071519305237607e-01
1083	1.004793619629790e-01	1.023292992280754e-01
1149	9.988184054773475e-02	1.000000000000000e-01
1226	9.704426742368033e-02	9.772372209558107e-02
1246	9.518196600688811e-02	9.549925860214359e-02
1262	9.190840117601740e-02	9.332543007969910e-02
1322	9.105041984318918e-02	9.120108393559097e-02
1418	8.889219345496735e-02	8.912509381337455e-02
1431	8.584014148169217e-02	8.709635899560805e-02
1723	8.482006881496418e-02	8.511380382023763e-02
1973	8.296325738414856e-02	8.317637711026708e-02
2029	7.662344352225492e-02	7.762471166286916e-02
2180	7.548358793369003e-02	7.585775750291836e-02
2263	7.229986772636809e-02	7.244359600749903e-02
2323	7.065404045710477e-02	7.079457843841380e-02
2343	6.856069685762300e-02	6.918309709189366e-02
2387	6.748280205868418e-02	6.760829753919818e-02
2446	6.419142001460909e-02	6.456542290346556e-02
2726	6.301954012031896e-02	6.309573444801933e-02
2751	6.158741453899541e-02	6.165950018614822e-02
2773	6.020474029489131e-02	6.025595860743578e-02
2777	5.845642971355935e-02	5.888436553555890e-02
2778	5.582488989017642e-02	5.623413251903491e-02
3008	5.438101180309229e-02	5.495408738576246e-02
3226	5.236540356109398e-02	5.248074602497726e-02
3438	5.039423659936215e-02	5.128613839913648e-02
3474	4.981048601397209e-02	5.011872336272722e-02
4015	4.896728547324147e-02	4.897788193684462e-02
4085	4.762340718958946e-02	4.786300923226382e-02
4742	4.677315992930497e-02	4.677351412871981e-02
5560	4.559348645389683e-02	4.570881896148749e-02
6153	4.459917781649636e-02	4.466835921509630e-02
6935	4.365097553600228e-02	4.365158322401658e-02
10361	4.261605029949311e-02	4.265795188015926e-02
11854	4.135156740299273e-02	4.168693834703355e-02
15402	4.024525593383388e-02	4.073802778041128e-02
16599	3.979402936518228e-02	3.981071705534973e-02
20889	3.883312568738384e-02	3.890451449942807e-02
26517	3.777925818962158e-02	3.801893963205612e-02
30932	3.712943098180799e-02	3.715352290971726e-02
45376	3.615518950473873e-02	3.630780547701014e-02
57448	3.544728681596210e-02	3.548133892335755e-02
59135	3.466215429249864e-02	3.467368504525317e-02
94573	3.120289898623818e-02	3.162277660168379e-02
111876	3.084683461751603e-02	3.090295432513590e-02
119175	2.990056136911701e-02	3.019951720402016e-02
127986	2.951201350114152e-02	2.951209226666385e-02
149816	2.875876525854404e-02	2.884031503126606e-02
162606	2.803547843456156e-02	2.818382931264454e-02
182440	2.785497705813367e-02	2.818382931264454e-02
%
% index = 1519, name = bbob_f015_i11_d03__bbob_f017_i12_d03
% instance = 5, reference value = 9.101144775375810e-01
% function evaluation | indicator value | target hit
1	1.040460374249081e+00	1.047128548050900e+00
11	7.571039912306975e-01	7.585775750291838e-01
61	7.155460431272689e-01	7.244359600749900e-01
69	6.908363737728482e-01	6.918309709189365e-01
76	6.717577914894544e-01	6.760829753919817e-01
91	5.673160603787701e-01	5.754399373371569e-01
113	5.542049730477479e-01	5.623413251903491e-01
135	3.617312424867830e-01	3.630780547701014e-01
143	2.647854555150436e-01	2.691534803926916e-01
144	2.603772921394666e-01	2.630267991895382e-01
160	2.533701809102026e-01	2.570395782768864e-01
168	2.264019367547880e-01	2.290867652767773e-01
242	2.105330434562431e-01	2.137962089502232e-01
252	2.073482976142248e-01	2.089296130854039e-01
254	1.965726316305469e-01	1.995262314968880e-01
292	1.893631780983558e-01	1.905460717963247e-01
320	1.797795400126480e-01	1.819700858609984e-01
329	1.770852649999953e-01	1.778279410038923e-01
415	1.734831708201561e-01	1.737800828749375e-01
432	1.695027180682993e-01	1.698243652461744e-01
483	1.635844730195257e-01	1.659586907437560e-01
487	1.573001070509759e-01	1.584893192461113e-01
538	1.532466995149498e-01	1.548816618912481e-01
595	1.510949857875982e-01	1.513561248436208e-01
605	1.347876072465972e-01	1.348962882591654e-01
664	1.315266807544473e-01	1.318256738556407e-01
670	1.238841544225519e-01	1.258925411794167e-01
698	1.209749875495448e-01	1.230268770812381e-01
700	1.170590386977332e-01	1.174897554939529e-01
783	1.147994564248390e-01	1.148153621496883e-01
840	1.101302797452103e-01	1.122018454301964e-01
863	1.072211291003307e-01	1.096478196143185e-01
874	1.059845115521514e-01	1.071519305237607e-01
928	1.022756272459917e-01	1.023292992280754e-01
1003	9.951511786606015e-02	1.000000000000000e-01
1024	9.763257850800910e-02	9.772372209558107e-02
1064	9.408002515601266e-02	9.549925860214359e-02
1093	9.324916117392734e-02	9.332543007969910e-02
1106	8.985665769323981e-02	9.120108393559097e-02
1136	8.787771475156669e-02	8.912509381337455e-02
1165	8.658413199310921e-02	8.709635899560805e-02
1286	8.509249409275199e-02	8.511380382023763e-02
1310	8.316466369920172e-02	8.317637711026708e-02
1343	8.074424201606045e-02	8.128305161640990e-02
1366	7.920814453737601e-02	7.943282347242814e-02
1384	7.736323567322234e-02	7.762471166286916e-02
1389	7.221376000795687e-02	7.244359600749903e-02
1420	6.726950074885885e-02	6.760829753919818e-02
1450	6.541107513095812e-02	6.606934480075961e-02
1499	6.392437529904516e-02	6.456542290346556e-02
1535	6.304683663907718e-02	6.309573444801933e-02
1573	6.093920128138863e-02	6.165950018614822e-02
1578	6.022521882978249e-02	6.025595860743578e-02
1589	5.818436035284424e-02	5.888436553555890e-02
1675	5.748169764643607e-02	5.754399373371569e-02
1693	5.619429324152103e-02	5.623413251903491e-02
1737	5.430535533629488e-02	5.495408738576246e-02
1790	5.306063496170432e-02	5.370317963702527e-02
1836	5.238514867476396e-02	5.248074602497726e-02
1881	4.938079805154949e-02	5.011872336272722e-02
1897	4.854906429699135e-02	4.897788193684462e-02
1956	4.783905828658652e-02	4.786300923226382e-02
2162	4.594998451601462e-02	4.677351412871981e-02
2173	4.547115387497380e-02	4.570881896148749e-02
2255	4.454971487719994e-02	4.466835921509630e-02
2465	4.273885890929052e-02	4.365158322401658e-02
2485	4.264347335768137e-02	4.265795188015926e-02
2769	4.163123512039268e-02	4.168693834703355e-02
3122	4.058192410287254e-02	4.073802778041128e-02
3380	3.970210142176700e-02	3.981071705534973e-02
3526	3.755296971219380e-02	3.801893963205612e-02
3735	3.715099924660015e-02	3.715352290971726e-02
3894	3.622655000216224e-02	3.630780547701014e-02
4446	3.472349998772917e-02	3.548133892335755e-02
4508	3.466643608225706e-02	3.467368504525317e-02
4741	3.369720885011029e-02	3.388441561392026e-02
5354	3.310906762102861e-02	3.311311214825911e-02
6248	3.213046771067429e-02	3.235936569296283e-02
6889	3.143461285140314e-02	3.162277660168379e-02
7188	3.065282912673473e-02	3.090295432513590e-02
8881	3.019807685601739e-02	3.019951720402016e-02
11142	2.937746843956635e-02	2.951209226666385e-02
15254	2.882228615815396e-02	2.884031503126606e-02
29297	2.817858866673151e-02	2.818382931264454e-02
36624	2.740952129194707e-02	2.754228703338166e-02
49885	2.684385373374309e-02	2.691534803926915e-02
114053	2.620016295601946e-02	2.630267991895381e-02
179011	2.570395325632091e-02	2.570395782768863e-02
180000	2.570392695141255e-02	2.570395782768863e-02
%
% index = 1520, name = bbob_f015_i13_d03__bbob_f017_i14_d03
% instance = 6, reference value = 9.703272063324970e-01
% function evaluation | indicator value | target hit
1	2.734735216712382e-01	2.754228703338166e-01
16	2.491133280185814e-01	2.511886431509580e-01
18	2.091646077410654e-01	2.137962089502232e-01
24	1.958006482835446e-01	1.995262314968880e-01
32	1.585389061603193e-01	1.621810097358930e-01
84	1.582098189308784e-01	1.584893192461113e-01
121	1.339958373104272e-01	1.348962882591654e-01
133	1.272656559436813e-01	1.288249551693134e-01
167	1.176068890486796e-01	1.202264434617413e-01
173	1.168173218156081e-01	1.174897554939529e-01
243	1.146397024043928e-01	1.148153621496883e-01
262	1.118275943324412e-01	1.122018454301964e-01
354	1.047740791866626e-01	1.071519305237607e-01
369	1.024078025346645e-01	1.047128548050900e-01
373	1.022893367372303e-01	1.023292992280754e-01
540	9.919029454661532e-02	1.000000000000000e-01
688	9.766089666724431e-02	9.772372209558107e-02
750	9.542303329220714e-02	9.549925860214359e-02
917	8.311660330959436e-02	8.317637711026708e-02
951	8.128241080164733e-02	8.128305161640990e-02
1007	7.795469697102386e-02	7.943282347242814e-02
1008	7.277035885703542e-02	7.413102413009177e-02
1017	7.185740594513845e-02	7.244359600749903e-02
1113	7.055650695837812e-02	7.079457843841380e-02
1156	6.911872029113886e-02	6.918309709189366e-02
1157	6.162647236856555e-02	6.165950018614822e-02
1473	5.620039424457191e-02	5.623413251903491e-02
1635	4.861809667002526e-02	4.897788193684462e-02
1701	4.555840526316979e-02	4.570881896148749e-02
1926	4.367282806539530e-02	4.466835921509630e-02
1947	4.358560739209349e-02	4.365158322401658e-02
2246	4.170744282049543e-02	4.265795188015926e-02
2320	4.168114511411802e-02	4.168693834703355e-02
2546	4.068706902948893e-02	4.073802778041128e-02
3209	3.436551545201694e-02	3.467368504525317e-02
3648	3.387670692681133e-02	3.388441561392026e-02
3845	3.309775462314324e-02	3.311311214825911e-02
4496	3.220018793520296e-02	3.235936569296283e-02
5132	3.161485519935869e-02	3.162277660168379e-02
5385	3.086241623720543e-02	3.090295432513590e-02
6012	3.018435618563653e-02	3.019951720402016e-02
8809	2.951008840118541e-02	2.951209226666385e-02
11346	2.840297455009055e-02	2.884031503126606e-02
17071	2.818266465924724e-02	2.818382931264454e-02
70386	2.751941543797254e-02	2.754228703338166e-02
93744	2.647881663778939e-02	2.691534803926915e-02
114223	2.597116421668966e-02	2.630267991895381e-02
141252	2.568958929733101e-02	2.570395782768863e-02
180001	2.542123850204403e-02	2.570395782768863e-02
%
% index = 1521, name = bbob_f015_i15_d03__bbob_f017_i16_d03
% instance = 7, reference value = 8.311957077494760e-01
% function evaluation | indicator value | target hit
1	5.032174482982976e+00	5.128613839913648e+00
30	3.750297204709976e+00	3.801893963205611e+00
53	1.701325316443486e+00	1.737800828749375e+00
54	1.689595403650211e+00	1.698243652461744e+00
81	8.288315199185142e-01	8.317637711026710e-01
128	7.955530458356744e-01	8.128305161640993e-01
144	5.996887164010001e-01	6.025595860743578e-01
150	5.870910631704105e-01	5.888436553555889e-01
222	5.423678564497783e-01	5.495408738576245e-01
234	4.782627413430553e-01	4.786300923226383e-01
246	4.245250466849970e-01	4.265795188015927e-01
343	4.054851167116277e-01	4.073802778041127e-01
363	3.824990540684592e-01	3.890451449942806e-01
430	3.776883392697269e-01	3.801893963205612e-01
463	3.403917039902777e-01	3.467368504525316e-01
464	3.347037652796808e-01	3.388441561392025e-01
514	3.131825539394848e-01	3.162277660168379e-01
524	3.052431563081148e-01	3.090295432513591e-01
529	3.002166420375665e-01	3.019951720402016e-01
561	2.874118230976311e-01	2.884031503126606e-01
643	2.656672514180227e-01	2.691534803926916e-01
668	2.489548030488865e-01	2.511886431509580e-01
810	2.452301223535813e-01	2.454708915685030e-01
945	2.398432514367652e-01	2.398832919019490e-01
985	2.264044021043128e-01	2.290867652767773e-01
1081	2.143199432509366e-01	2.187761623949552e-01
1115	2.126909748447960e-01	2.137962089502232e-01
1176	2.066968837547707e-01	2.089296130854039e-01
1189	1.951139898210987e-01	1.995262314968880e-01
1210	1.907824028754863e-01	1.949844599758045e-01
1255	1.904625938031527e-01	1.905460717963247e-01
1330	1.860452579777142e-01	1.862087136662867e-01
1411	1.819024247369407e-01	1.819700858609984e-01
1510	1.746354922032819e-01	1.778279410038923e-01
1553	1.735891087075844e-01	1.737800828749375e-01
1628	1.697522161324425e-01	1.698243652461744e-01
1714	1.513058052985198e-01	1.513561248436208e-01
1819	1.479032080198726e-01	1.479108388168208e-01
1835	1.318782385552330e-01	1.348962882591654e-01
1842	1.315533110718684e-01	1.318256738556407e-01
1855	1.270713034079254e-01	1.288249551693134e-01
1862	1.228648293961051e-01	1.230268770812381e-01
1963	1.190936582520610e-01	1.202264434617413e-01
2022	1.170744389353650e-01	1.174897554939529e-01
2036	1.132234006271915e-01	1.148153621496883e-01
2084	1.121125766935708e-01	1.122018454301964e-01
2138	1.079597404187419e-01	1.096478196143185e-01
2230	1.054891624361135e-01	1.071519305237607e-01
2295	1.044062713972915e-01	1.047128548050900e-01
2361	1.020787227913021e-01	1.023292992280754e-01
2546	9.947347260880302e-02	1.000000000000000e-01
2621	9.770065299319663e-02	9.772372209558107e-02
2867	9.454911566624924e-02	9.549925860214359e-02
3155	9.317402583564061e-02	9.332543007969910e-02
3479	8.811432645738049e-02	8.912509381337455e-02
3722	8.701640735001626e-02	8.709635899560805e-02
4333	8.359767991919398e-02	8.511380382023763e-02
4747	8.317033222896386e-02	8.317637711026708e-02
9423	8.078839415534467e-02	8.128305161640990e-02
17395	7.721951648283965e-02	7.762471166286916e-02
18021	7.508970360797995e-02	7.585775750291836e-02
22418	7.380190082709570e-02	7.413102413009177e-02
46386	7.166992745067136e-02	7.244359600749903e-02
47801	6.902042810747600e-02	6.918309709189366e-02
121187	6.748495945259414e-02	6.760829753919818e-02
131714	6.534445181106563e-02	6.606934480075961e-02
133165	6.128444263944977e-02	6.165950018614822e-02
135511	6.014589995935515e-02	6.025595860743578e-02
182378	6.008140822371832e-02	6.025595860743578e-02
%
% index = 1522, name = bbob_f015_i17_d03__bbob_f017_i18_d03
% instance = 8, reference value = 9.143571011536530e-01
% function evaluation | indicator value | target hit
1	1.367301191071153e+00	1.380384264602885e+00
91	1.029332877420653e+00	1.047128548050900e+00
136	6.487438942759365e-01	6.606934480075960e-01
146	4.625907913894185e-01	4.677351412871982e-01
154	4.563293857932569e-01	4.570881896148750e-01
204	3.654003338216866e-01	3.715352290971726e-01
217	3.453306362867981e-01	3.467368504525316e-01
224	3.296715724367925e-01	3.311311214825911e-01
272	3.232194419647918e-01	3.235936569296283e-01
287	3.160685295500495e-01	3.162277660168379e-01
328	3.042172098923573e-01	3.090295432513591e-01
357	2.931291484501651e-01	2.951209226666385e-01
381	2.716804647553367e-01	2.754228703338166e-01
418	2.345550636788750e-01	2.398832919019490e-01
427	2.334305220451213e-01	2.344228815319922e-01
442	2.235162324981027e-01	2.238721138568339e-01
500	2.110407018981844e-01	2.137962089502232e-01
534	2.028778156208624e-01	2.041737944669530e-01
632	1.974725109328547e-01	1.995262314968880e-01
681	1.915085498308771e-01	1.949844599758045e-01
711	1.891373701831357e-01	1.905460717963247e-01
771	1.820948603097331e-01	1.862087136662867e-01
817	1.472476932830566e-01	1.479108388168208e-01
854	1.384269854444282e-01	1.412537544622754e-01
885	1.372960410355406e-01	1.380384264602885e-01
977	1.303040404357599e-01	1.318256738556407e-01
998	1.278225206439434e-01	1.288249551693134e-01
1020	1.253524240173447e-01	1.258925411794167e-01
1043	1.224444638972243e-01	1.230268770812381e-01
1143	1.199782065168048e-01	1.202264434617413e-01
1229	1.155654670521874e-01	1.174897554939529e-01
1244	1.145225207385864e-01	1.148153621496883e-01
1290	1.107775369674708e-01	1.122018454301964e-01
1293	1.093997589778329e-01	1.096478196143185e-01
1297	1.066926084700012e-01	1.071519305237607e-01
1410	1.042622795628941e-01	1.047128548050900e-01
1557	1.013037594056518e-01	1.023292992280754e-01
1647	9.991842455977562e-02	1.000000000000000e-01
1781	9.581476680587875e-02	9.772372209558107e-02
1801	9.146759591222065e-02	9.332543007969910e-02
1849	9.002699231943923e-02	9.120108393559097e-02
1914	8.898572966215390e-02	8.912509381337455e-02
1927	8.567714641748170e-02	8.709635899560805e-02
2008	8.505071440515943e-02	8.511380382023763e-02
2050	8.279132393871735e-02	8.317637711026708e-02
2095	8.106524700071960e-02	8.128305161640990e-02
2106	7.569275573629830e-02	7.585775750291836e-02
2171	7.383111773135831e-02	7.413102413009177e-02
2186	7.227315862612083e-02	7.244359600749903e-02
2382	7.036914482448042e-02	7.079457843841380e-02
2392	6.002945254651948e-02	6.025595860743578e-02
2432	5.831104707612544e-02	5.888436553555890e-02
2559	5.408825103739401e-02	5.495408738576246e-02
2566	5.352819065259606e-02	5.370317963702527e-02
2605	5.248014021456604e-02	5.248074602497726e-02
2630	5.120749964740401e-02	5.128613839913648e-02
2690	5.011526715545778e-02	5.011872336272722e-02
2704	4.551747277430718e-02	4.570881896148749e-02
2963	4.262602618229427e-02	4.265795188015926e-02
3147	4.167068918572636e-02	4.168693834703355e-02
3232	4.061230375540825e-02	4.073802778041128e-02
3581	3.965214032163877e-02	3.981071705534973e-02
3918	3.880153834249889e-02	3.890451449942807e-02
3937	3.784427056557793e-02	3.801893963205612e-02
4545	3.703349658560628e-02	3.715352290971726e-02
4962	3.630689166565892e-02	3.630780547701014e-02
5690	3.541626419004440e-02	3.548133892335755e-02
6363	3.462901684797681e-02	3.467368504525317e-02
6552	3.335922677235070e-02	3.388441561392026e-02
6798	3.287482606107794e-02	3.311311214825911e-02
7134	3.126484561362364e-02	3.162277660168379e-02
7178	3.083544170613284e-02	3.090295432513590e-02
7341	3.019899011832317e-02	3.019951720402016e-02
7741	2.892769391994887e-02	2.951209226666385e-02
7767	2.880785682997677e-02	2.884031503126606e-02
8158	2.818223293261157e-02	2.818382931264454e-02
9146	2.753074047653903e-02	2.754228703338166e-02
9907	2.689942474389573e-02	2.691534803926915e-02
12719	2.628397752116440e-02	2.630267991895381e-02
16738	2.568953557767684e-02	2.570395782768863e-02
21755	2.511175358286477e-02	2.511886431509579e-02
33094	2.447079835195043e-02	2.454708915685030e-02
57380	2.396849415472091e-02	2.398832919019490e-02
108162	2.343377121985935e-02	2.344228815319923e-02
116375	2.194365402743570e-02	2.238721138568340e-02
122241	2.124872259610577e-02	2.137962089502233e-02
125541	1.910088364476492e-02	1.949844599758046e-02
126468	1.299918698917035e-02	1.318256738556407e-02
127081	1.174846068710766e-02	1.174897554939530e-02
127927	1.129671606262905e-02	1.148153621496883e-02
127947	1.112878258738592e-02	1.122018454301964e-02
129388	1.092969587431059e-02	1.096478196143185e-02
130373	1.070909158620481e-02	1.071519305237606e-02
130757	1.032498025222317e-02	1.047128548050900e-02
130946	1.002035386553368e-02	1.023292992280754e-02
131043	9.932950971688781e-03	1.000000000000000e-02
132191	9.508127550798440e-03	9.549925860214359e-03
132781	9.188759820561443e-03	9.332543007969915e-03
135020	9.119686577254371e-03	9.120108393559097e-03
146143	8.910038779619711e-03	8.912509381337459e-03
152274	8.704583308205449e-03	8.709635899560805e-03
180001	8.552090478413987e-03	8.709635899560805e-03
%
% index = 1523, name = bbob_f015_i19_d03__bbob_f017_i21_d03
% instance = 9, reference value = 9.624819224431550e-01
% function evaluation | indicator value | target hit
1	4.950395061935681e-01	5.011872336272722e-01
9	4.691794750846039e-01	4.786300923226383e-01
18	1.786648912460591e-01	1.819700858609984e-01
25	1.692487152817692e-01	1.698243652461744e-01
26	1.659379827141095e-01	1.659586907437560e-01
28	1.567383851052413e-01	1.584893192461113e-01
30	1.471086221854209e-01	1.479108388168208e-01
45	1.429912160954006e-01	1.445439770745928e-01
52	1.188856425079344e-01	1.202264434617413e-01
55	1.121480267220814e-01	1.122018454301964e-01
80	9.216077880464224e-02	9.332543007969910e-02
113	9.001773001278923e-02	9.120108393559097e-02
120	8.436498628492795e-02	8.511380382023763e-02
155	8.052245781480383e-02	8.128305161640990e-02
161	7.918586129638805e-02	7.943282347242814e-02
172	6.890155057038883e-02	6.918309709189366e-02
190	6.751378593720725e-02	6.760829753919818e-02
196	6.467221845238991e-02	6.606934480075961e-02
217	6.422746993019735e-02	6.456542290346556e-02
231	6.267668641907720e-02	6.309573444801933e-02
255	6.154023008244236e-02	6.165950018614822e-02
395	5.847113295071049e-02	5.888436553555890e-02
396	5.727712746982339e-02	5.754399373371569e-02
428	5.525481545547695e-02	5.623413251903491e-02
517	5.443405605966833e-02	5.495408738576246e-02
555	5.352061126410879e-02	5.370317963702527e-02
565	5.099233548814852e-02	5.128613839913648e-02
716	5.009388806394366e-02	5.011872336272722e-02
814	4.872880375784605e-02	4.897788193684462e-02
847	4.605806018975478e-02	4.677351412871981e-02
947	4.508363653898473e-02	4.570881896148749e-02
980	4.414914130365710e-02	4.466835921509630e-02
1019	4.353276279553120e-02	4.365158322401658e-02
1080	3.873323452320176e-02	3.890451449942807e-02
1084	3.792128155789432e-02	3.801893963205612e-02
1167	3.706778818974099e-02	3.715352290971726e-02
1213	3.629744961787640e-02	3.630780547701014e-02
1256	3.191250999015893e-02	3.235936569296283e-02
1274	3.147963475478588e-02	3.162277660168379e-02
1346	3.085634434082152e-02	3.090295432513590e-02
1390	2.994664077233411e-02	3.019951720402016e-02
1573	2.936907526748522e-02	2.951209226666385e-02
1656	2.875343358840299e-02	2.884031503126606e-02
1693	2.722882363562651e-02	2.754228703338166e-02
1702	2.549953371750935e-02	2.570395782768863e-02
1840	2.507733725074224e-02	2.511886431509579e-02
1899	2.372361040843163e-02	2.398832919019490e-02
1998	2.340846210422931e-02	2.344228815319923e-02
2455	2.290845176421319e-02	2.290867652767773e-02
2653	2.238279177320779e-02	2.238721138568340e-02
2855	2.186926604165429e-02	2.187761623949553e-02
3315	2.133997487293371e-02	2.137962089502233e-02
3993	2.080838797763862e-02	2.089296130854040e-02
4309	2.035091668309719e-02	2.041737944669529e-02
5066	1.994865753932540e-02	1.995262314968880e-02
6436	1.949841791119877e-02	1.949844599758046e-02
10738	1.904408377718636e-02	1.905460717963247e-02
21450	1.852560430327643e-02	1.862087136662868e-02
31583	1.811818124599074e-02	1.819700858609984e-02
46367	1.776681913848066e-02	1.778279410038923e-02
93248	1.686217108160859e-02	1.698243652461744e-02
180001	1.667006721289410e-02	1.698243652461744e-02
%
% index = 1524, name = bbob_f015_i21_d03__bbob_f017_i22_d03
% instance = 10, reference value = 9.005948673384570e-01
% function evaluation | indicator value | target hit
1	6.846615197018157e-01	6.918309709189365e-01
17	6.658643608858437e-01	6.760829753919817e-01
25	4.746858456459457e-01	4.786300923226383e-01
33	3.896468826070814e-01	3.981071705534972e-01
34	3.628092874323315e-01	3.630780547701014e-01
42	3.544495342369242e-01	3.548133892335755e-01
115	3.073806161387133e-01	3.090295432513591e-01
122	2.951008542083433e-01	2.951209226666385e-01
130	2.833128446475104e-01	2.884031503126606e-01
138	2.749839029090201e-01	2.754228703338166e-01
144	2.606413303167099e-01	2.630267991895382e-01
146	2.562061885808293e-01	2.570395782768864e-01
189	2.510897989480286e-01	2.511886431509580e-01
204	2.435965709551112e-01	2.454708915685030e-01
229	2.375990524200301e-01	2.398832919019490e-01
250	2.273201459452650e-01	2.290867652767773e-01
252	2.229735608275915e-01	2.238721138568339e-01
263	2.162019716437391e-01	2.187761623949552e-01
276	2.128932569014603e-01	2.137962089502232e-01
311	2.027566419441659e-01	2.041737944669530e-01
347	1.919184829193962e-01	1.949844599758045e-01
359	1.859754907769420e-01	1.862087136662867e-01
391	1.664609500286638e-01	1.698243652461744e-01
444	1.544585560723564e-01	1.548816618912481e-01
527	1.513246700653117e-01	1.513561248436208e-01
547	1.457052165575969e-01	1.479108388168208e-01
557	1.414893703415108e-01	1.445439770745928e-01
563	1.393717229913427e-01	1.412537544622754e-01
592	1.325196409051776e-01	1.348962882591654e-01
630	1.318245645143363e-01	1.318256738556407e-01
638	1.280822737206364e-01	1.288249551693134e-01
717	1.256864989761153e-01	1.258925411794167e-01
730	1.184196733817355e-01	1.202264434617413e-01
754	1.120877813789590e-01	1.122018454301964e-01
816	1.068999474491742e-01	1.071519305237607e-01
937	1.041007254798979e-01	1.047128548050900e-01
948	1.011948983955080e-01	1.023292992280754e-01
960	9.957857041817053e-02	1.000000000000000e-01
1002	9.766907405361214e-02	9.772372209558107e-02
1009	9.234989627524404e-02	9.332543007969910e-02
1027	8.801287183945228e-02	8.912509381337455e-02
1123	8.704782260233812e-02	8.709635899560805e-02
1150	7.730321992296196e-02	7.762471166286916e-02
1319	7.555932379105057e-02	7.585775750291836e-02
1402	6.857847304524900e-02	6.918309709189366e-02
1430	6.708881033412351e-02	6.760829753919818e-02
1498	6.563672181838875e-02	6.606934480075961e-02
1500	6.444542268684517e-02	6.456542290346556e-02
1914	6.252031009303738e-02	6.309573444801933e-02
2097	6.058858051554306e-02	6.165950018614822e-02
2158	6.020348412696985e-02	6.025595860743578e-02
2756	5.837706943144094e-02	5.888436553555890e-02
2853	5.703103110733643e-02	5.754399373371569e-02
3298	5.618792986530330e-02	5.623413251903491e-02
4026	5.458935127527187e-02	5.495408738576246e-02
4042	5.281881604356398e-02	5.370317963702527e-02
4199	5.247181113317145e-02	5.248074602497726e-02
4531	5.077841953153761e-02	5.128613839913648e-02
4547	4.889544175762417e-02	4.897788193684462e-02
4902	4.745163758251747e-02	4.786300923226382e-02
6215	4.674214856565140e-02	4.677351412871981e-02
8313	4.569026987041691e-02	4.570881896148749e-02
12642	4.463317882535889e-02	4.466835921509630e-02
18114	4.355927667424431e-02	4.365158322401658e-02
22908	4.265248175491565e-02	4.265795188015926e-02
44675	4.156195956036601e-02	4.168693834703355e-02
62125	4.067388303823583e-02	4.073802778041128e-02
83540	3.973154102352872e-02	3.981071705534973e-02
115684	3.887339200054007e-02	3.890451449942807e-02
177055	3.800380620579746e-02	3.801893963205612e-02
184529	3.800071833283802e-02	3.801893963205612e-02
%
% index = 1525, name = bbob_f015_i23_d03__bbob_f017_i24_d03
% instance = 11, reference value = 1.000000000000000e+00
% function evaluation | indicator value | target hit
1	2.718885403389377e+00	2.754228703338166e+00
8	1.241955967629500e+00	1.258925411794167e+00
32	8.548803633362978e-01	8.709635899560807e-01
86	8.166172990093071e-01	8.317637711026710e-01
187	7.917734286717442e-01	7.943282347242815e-01
209	6.931419232416225e-01	7.079457843841379e-01
225	6.917576600188182e-01	6.918309709189365e-01
243	6.283085853426065e-01	6.309573444801932e-01
262	5.300035717783667e-01	5.370317963702527e-01
265	5.177913511737151e-01	5.248074602497725e-01
270	4.914816307589396e-01	5.011872336272722e-01
283	4.480684359525027e-01	4.570881896148750e-01
294	4.101967374685656e-01	4.168693834703354e-01
300	3.470181165882747e-01	3.548133892335755e-01
367	3.412486183143408e-01	3.467368504525316e-01
381	3.204847462915394e-01	3.235936569296283e-01
389	3.018022943784409e-01	3.019951720402016e-01
394	2.861510563704747e-01	2.884031503126606e-01
403	2.619578146602373e-01	2.630267991895382e-01
413	2.449763498451920e-01	2.454708915685030e-01
495	2.321303195248815e-01	2.344228815319922e-01
516	2.146380665016433e-01	2.187761623949552e-01
520	2.114167950574956e-01	2.137962089502232e-01
531	2.071232027835633e-01	2.089296130854039e-01
580	2.032066248746178e-01	2.041737944669530e-01
624	1.951111151968690e-01	1.995262314968880e-01
638	1.930261650892262e-01	1.949844599758045e-01
700	1.896850522262844e-01	1.905460717963247e-01
718	1.854684437568637e-01	1.862087136662867e-01
756	1.761523360304771e-01	1.778279410038923e-01
818	1.695621340421735e-01	1.698243652461744e-01
907	1.617229296954278e-01	1.621810097358930e-01
926	1.582170354594166e-01	1.584893192461113e-01
963	1.493324758070257e-01	1.513561248436208e-01
999	1.464851874775550e-01	1.479108388168208e-01
1029	1.444731582211793e-01	1.445439770745928e-01
1114	1.411506112508853e-01	1.412537544622754e-01
1161	1.319662308530738e-01	1.348962882591654e-01
1182	1.317980468117557e-01	1.318256738556407e-01
1259	1.222788198101618e-01	1.230268770812381e-01
1260	1.193872841661224e-01	1.202264434617413e-01
1305	1.170879623212790e-01	1.174897554939529e-01
1501	1.127717726745334e-01	1.148153621496883e-01
1576	1.120961149437814e-01	1.122018454301964e-01
2077	1.078886109648739e-01	1.096478196143185e-01
2366	1.064638318873886e-01	1.071519305237607e-01
2523	1.043602931093953e-01	1.047128548050900e-01
2943	1.018722360047764e-01	1.023292992280754e-01
3202	9.894982725618029e-02	1.000000000000000e-01
4884	9.771175868720705e-02	9.772372209558107e-02
49628	9.537563167661423e-02	9.549925860214359e-02
180001	9.483597732740701e-02	9.549925860214359e-02
%
% index = 1526, name = bbob_f015_i25_d03__bbob_f017_i26_d03
% instance = 12, reference value = 1.000000000000000e+00
% function evaluation | indicator value | target hit
1	2.792667426167835e+00	2.818382931264454e+00
20	9.530747169850562e-01	9.549925860214360e-01
108	9.082638379411618e-01	9.120108393559098e-01
140	8.721041569320210e-01	8.912509381337456e-01
145	8.465146548985296e-01	8.511380382023764e-01
163	6.541628215997263e-01	6.606934480075960e-01
194	6.018875761743802e-01	6.025595860743578e-01
206	4.745226263421144e-01	4.786300923226383e-01
298	4.480034176460723e-01	4.570881896148750e-01
355	4.397995639910528e-01	4.466835921509631e-01
421	4.203322522589372e-01	4.265795188015927e-01
446	4.159200974160271e-01	4.168693834703354e-01
469	3.613279632347188e-01	3.630780547701014e-01
519	3.537720494149670e-01	3.548133892335755e-01
662	3.121276895956553e-01	3.162277660168379e-01
705	3.033516422525393e-01	3.090295432513591e-01
729	3.002788210822325e-01	3.019951720402016e-01
797	2.940031068734481e-01	2.951209226666385e-01
863	2.817608456815617e-01	2.818382931264454e-01
933	2.680896180551802e-01	2.691534803926916e-01
1038	2.628558165227740e-01	2.630267991895382e-01
1072	2.545065528441071e-01	2.570395782768864e-01
1123	2.494676084925647e-01	2.511886431509580e-01
1168	2.445637237513905e-01	2.454708915685030e-01
1241	2.295648119469396e-01	2.344228815319922e-01
1262	2.272996131653755e-01	2.290867652767773e-01
1344	1.990336455598876e-01	1.995262314968880e-01
1438	1.895799935400587e-01	1.905460717963247e-01
1498	1.839534424103201e-01	1.862087136662867e-01
1517	1.794119651954341e-01	1.819700858609984e-01
1519	1.776110139047167e-01	1.778279410038923e-01
1674	1.735517587973203e-01	1.737800828749375e-01
1847	1.686132848290638e-01	1.698243652461744e-01
2050	1.659375283962850e-01	1.659586907437560e-01
2431	1.621594859885561e-01	1.621810097358930e-01
2901	1.582985553123130e-01	1.584893192461113e-01
3556	1.543734676060788e-01	1.548816618912481e-01
3899	1.512689053230583e-01	1.513561248436208e-01
5292	1.479086019953730e-01	1.479108388168208e-01
10141	1.445169777293431e-01	1.445439770745928e-01
17093	1.411393622160141e-01	1.412537544622754e-01
180000	1.391578501323737e-01	1.412537544622754e-01
%
% index = 1527, name = bbob_f015_i27_d03__bbob_f017_i28_d03
% instance = 13, reference value = 1.000000000000000e+00
% function evaluation | indicator value | target hit
1	7.642858774065235e-01	7.762471166286917e-01
12	4.812717970440760e-01	4.897788193684462e-01
28	4.053209004541125e-01	4.073802778041127e-01
33	3.811676870822032e-01	3.890451449942806e-01
49	3.772379452519222e-01	3.801893963205612e-01
87	3.679638133477665e-01	3.715352290971726e-01
88	3.570853805496594e-01	3.630780547701014e-01
120	3.210334391636009e-01	3.235936569296283e-01
146	3.158513705589403e-01	3.162277660168379e-01
147	2.891885043924671e-01	2.951209226666385e-01
176	2.692725346168364e-01	2.754228703338166e-01
184	2.672850050475786e-01	2.691534803926916e-01
219	2.605396471907928e-01	2.630267991895382e-01
227	2.413226197821243e-01	2.454708915685030e-01
238	2.368427966527737e-01	2.398832919019490e-01
246	2.342578832670991e-01	2.344228815319922e-01
356	2.246577598322401e-01	2.290867652767773e-01
366	2.234632535222734e-01	2.238721138568339e-01
396	2.148792625323220e-01	2.187761623949552e-01
429	2.114313375223972e-01	2.137962089502232e-01
454	2.001952333713315e-01	2.041737944669530e-01
465	1.983583434932468e-01	1.995262314968880e-01
474	1.943667321365692e-01	1.949844599758045e-01
556	1.900709130163611e-01	1.905460717963247e-01
561	1.846148966296642e-01	1.862087136662867e-01
655	1.570977517615028e-01	1.584893192461113e-01
762	1.532384532461235e-01	1.548816618912481e-01
883	1.511134998901549e-01	1.513561248436208e-01
1021	1.479099710779365e-01	1.479108388168208e-01
1674	1.424756016562361e-01	1.445439770745928e-01
1724	1.411180732511349e-01	1.412537544622754e-01
2371	1.380333846177006e-01	1.380384264602885e-01
2985	1.348467120707002e-01	1.348962882591654e-01
3727	1.318122436322798e-01	1.318256738556407e-01
3840	1.283989204279183e-01	1.288249551693134e-01
3972	1.242763914363672e-01	1.258925411794167e-01
4569	1.230152958690151e-01	1.230268770812381e-01
5563	1.202188520446112e-01	1.202264434617413e-01
7158	1.174864086922548e-01	1.174897554939529e-01
8107	1.147525007323250e-01	1.148153621496883e-01
9632	1.121933467835677e-01	1.122018454301964e-01
12973	1.090237743419699e-01	1.096478196143185e-01
13685	1.054206939553167e-01	1.071519305237607e-01
15201	1.030949785385246e-01	1.047128548050900e-01
16997	1.020227128456748e-01	1.023292992280754e-01
43327	9.999995983005605e-02	1.000000000000000e-01
180001	9.870037063887449e-02	1.000000000000000e-01
%
% index = 1528, name = bbob_f015_i29_d03__bbob_f017_i30_d03
% instance = 14, reference value = 1.000000000000000e+00
% function evaluation | indicator value | target hit
1	5.321666047798359e-01	5.370317963702527e-01
12	5.163122248090599e-01	5.248074602497725e-01
19	4.811380974065715e-01	4.897788193684462e-01
64	4.533170285989176e-01	4.570881896148750e-01
116	4.010403980646898e-01	4.073802778041127e-01
132	3.947349799877929e-01	3.981071705534972e-01
141	3.794991306285527e-01	3.801893963205612e-01
265	3.407360232457477e-01	3.467368504525316e-01
276	3.239741635478590e-01	3.311311214825911e-01
294	3.233230087309412e-01	3.235936569296283e-01
315	2.934924463878568e-01	2.951209226666385e-01
327	2.765507640914804e-01	2.818382931264454e-01
329	2.728955697831337e-01	2.754228703338166e-01
364	2.619455454240414e-01	2.630267991895382e-01
411	2.542491125990456e-01	2.570395782768864e-01
440	2.313990356040991e-01	2.344228815319922e-01
446	2.159177580226062e-01	2.187761623949552e-01
452	2.127443989979139e-01	2.137962089502232e-01
487	2.073735270548893e-01	2.089296130854039e-01
554	2.036335520801185e-01	2.041737944669530e-01
696	1.938212721805316e-01	1.949844599758045e-01
775	1.889328633907036e-01	1.905460717963247e-01
784	1.858889246505915e-01	1.862087136662867e-01
835	1.780432375947926e-01	1.819700858609984e-01
844	1.773440199806325e-01	1.778279410038923e-01
901	1.737466890926140e-01	1.737800828749375e-01
913	1.698014232816354e-01	1.698243652461744e-01
949	1.655834741455827e-01	1.659586907437560e-01
1184	1.620523832068179e-01	1.621810097358930e-01
1617	1.584551119472268e-01	1.584893192461113e-01
2072	1.548422775723947e-01	1.548816618912481e-01
2304	1.512273005925681e-01	1.513561248436208e-01
3069	1.478365463457294e-01	1.479108388168208e-01
4569	1.445251613070215e-01	1.445439770745928e-01
8797	1.409324564902460e-01	1.412537544622754e-01
20800	1.380331683870932e-01	1.380384264602885e-01
58917	1.348962717270582e-01	1.348962882591654e-01
174753	1.316536079573367e-01	1.318256738556407e-01
180000	1.315756926287470e-01	1.318256738556407e-01
%
% index = 1529, name = bbob_f015_i31_d03__bbob_f017_i34_d03
% instance = 15, reference value = 1.000000000000000e+00
% function evaluation | indicator value | target hit
1	8.852779866770986e-01	8.912509381337456e-01
27	8.514492812644812e-01	8.709635899560807e-01
54	8.475346228326976e-01	8.511380382023764e-01
62	8.104041482763937e-01	8.128305161640993e-01
115	6.068932776850151e-01	6.165950018614822e-01
129	5.962234798332090e-01	6.025595860743578e-01
154	5.170898619795752e-01	5.248074602497725e-01
158	4.403187830399924e-01	4.466835921509631e-01
191	4.225729844849095e-01	4.265795188015927e-01
227	4.059423371248070e-01	4.073802778041127e-01
237	3.407818932746867e-01	3.467368504525316e-01
259	3.384306805219901e-01	3.388441561392025e-01
294	3.308519481119460e-01	3.311311214825911e-01
340	3.112952859366882e-01	3.162277660168379e-01
375	3.034299138277254e-01	3.090295432513591e-01
378	2.930726534577335e-01	2.951209226666385e-01
439	2.827469306406739e-01	2.884031503126606e-01
441	2.674181695434915e-01	2.691534803926916e-01
457	2.619720403325743e-01	2.630267991895382e-01
460	2.325309515724183e-01	2.344228815319922e-01
512	2.122175697774351e-01	2.137962089502232e-01
516	2.044176844561476e-01	2.089296130854039e-01
519	2.040544704937116e-01	2.041737944669530e-01
530	1.768583781946194e-01	1.778279410038923e-01
584	1.721875396373027e-01	1.737800828749375e-01
648	1.693500663067358e-01	1.698243652461744e-01
726	1.657212485822250e-01	1.659586907437560e-01
762	1.616561965301322e-01	1.621810097358930e-01
823	1.581075454625817e-01	1.584893192461113e-01
846	1.540452150117719e-01	1.548816618912481e-01
953	1.507229613674919e-01	1.513561248436208e-01
1014	1.354894962038289e-01	1.380384264602885e-01
1016	1.330561089482152e-01	1.348962882591654e-01
1048	1.317925803868784e-01	1.318256738556407e-01
1095	1.265594101472775e-01	1.288249551693134e-01
1114	1.249926245933931e-01	1.258925411794167e-01
1350	1.212671475721827e-01	1.230268770812381e-01
1362	1.129258182638161e-01	1.148153621496883e-01
1518	1.121093746671249e-01	1.122018454301964e-01
3355	1.077574847882221e-01	1.096478196143185e-01
4682	1.061593990774303e-01	1.071519305237607e-01
10150	1.025293153472079e-01	1.047128548050900e-01
11169	1.022103162904651e-01	1.023292992280754e-01
72182	9.928800369458912e-02	1.000000000000000e-01
180001	9.775063877341650e-02	1.000000000000000e-01
