%
% index = 1200, name = bbob_f006_i02_d03__bbob_f020_i04_d03
% instance = 1, reference value = 9.998600077520570e-01
% function evaluation | indicator value | target hit
1	8.992163783755982e-01	9.120108393559098e-01
52	7.365281090283060e-01	7.413102413009175e-01
68	6.722341298008943e-01	6.760829753919817e-01
69	6.246016651252234e-01	6.309573444801932e-01
74	5.837319545772710e-01	5.888436553555889e-01
90	2.015304955470371e-01	2.041737944669530e-01
101	1.977142723695638e-01	1.995262314968880e-01
114	1.581356465541611e-01	1.584893192461113e-01
119	5.812059424158178e-02	5.888436553555890e-02
122	9.821933446810815e-04	1.000000000000000e-03
184	7.193984809983345e-04	7.244359600749898e-04
193	6.756308054993720e-04	6.760829753919819e-04
264	5.155485855008468e-04	5.248074602497728e-04
292	4.827833932198322e-04	4.897788193684461e-04
305	4.776880549444140e-04	4.786300923226385e-04
328	4.639985052007356e-04	4.677351412871981e-04
429	4.276548421596749e-04	4.365158322401661e-04
464	4.248127809776125e-04	4.265795188015926e-04
521	4.151261089690994e-04	4.168693834703355e-04
531	4.056790217366046e-04	4.073802778041126e-04
539	3.919074286290458e-04	3.981071705534974e-04
553	3.888415933639422e-04	3.890451449942805e-04
565	3.800766434580716e-04	3.801893963205612e-04
576	3.370160683463519e-04	3.388441561392024e-04
645	3.077334331630377e-04	3.090295432513592e-04
657	3.002405837543298e-04	3.019951720402016e-04
672	2.810663693719739e-04	2.818382931264455e-04
766	2.752879610933290e-04	2.754228703338166e-04
793	2.670451892770043e-04	2.691534803926917e-04
857	2.626509889648299e-04	2.630267991895381e-04
944	2.396473277103128e-04	2.398832919019490e-04
1203	2.171079634156747e-04	2.187761623949552e-04
1553	2.123464345592518e-04	2.137962089502232e-04
1699	2.067616450225351e-04	2.089296130854039e-04
2119	1.808253828737838e-04	1.819700858609983e-04
2241	1.774827416942681e-04	1.778279410038923e-04
4196	1.737751405198606e-04	1.737800828749376e-04
6360	1.662878738903917e-04	1.698243652461744e-04
6848	1.659496388565218e-04	1.659586907437562e-04
18384	1.621764960015870e-04	1.621810097358930e-04
35364	1.584886836366595e-04	1.584893192461114e-04
180000	1.561643040425276e-04	1.584893192461114e-04
%
% index = 1201, name = bbob_f006_i03_d03__bbob_f020_i05_d03
% instance = 2, reference value = 9.888293534311150e-01
% function evaluation | indicator value | target hit
1	4.134382679590326e-01	4.168693834703354e-01
3	3.240884334557631e-01	3.311311214825911e-01
4	2.977601326206701e-01	3.019951720402016e-01
43	1.641689594044148e-01	1.659586907437560e-01
58	1.121275672492167e-01	1.122018454301964e-01
63	9.191668373606665e-02	9.332543007969910e-02
89	7.747788695849600e-02	7.762471166286916e-02
119	7.236153204534179e-02	7.244359600749903e-02
171	4.721630071262173e-02	4.786300923226382e-02
173	4.500999820506346e-02	4.570881896148749e-02
193	4.335530212652239e-02	4.365158322401658e-02
201	3.659954507099494e-02	3.715352290971726e-02
202	3.528668061370932e-02	3.548133892335755e-02
216	3.458600466461847e-02	3.467368504525317e-02
218	3.001522218487196e-02	3.019951720402016e-02
254	2.802172244546919e-02	2.818382931264454e-02
275	2.409794287846201e-02	2.454708915685030e-02
294	2.394111332561633e-02	2.398832919019490e-02
330	2.303269434361355e-02	2.344228815319923e-02
346	2.116881780091417e-02	2.137962089502233e-02
363	1.976079363924055e-02	1.995262314968880e-02
383	1.943435053361509e-02	1.949844599758046e-02
421	1.861753588452031e-02	1.862087136662868e-02
424	1.715364872686254e-02	1.737800828749375e-02
427	1.495207912149410e-02	1.513561248436208e-02
429	1.475345212823620e-02	1.479108388168207e-02
447	1.398812550899597e-02	1.412537544622754e-02
464	1.372996445348140e-02	1.380384264602885e-02
475	1.321511466884584e-02	1.348962882591653e-02
479	1.311992083614444e-02	1.318256738556407e-02
489	1.186542978033667e-02	1.202264434617413e-02
494	1.058424003775504e-02	1.071519305237606e-02
495	1.043131059487490e-02	1.047128548050900e-02
529	9.317505915633295e-03	9.332543007969915e-03
600	9.082138877218093e-03	9.120108393559097e-03
729	8.787188063101858e-03	8.912509381337459e-03
768	8.036191802004322e-03	8.128305161640995e-03
770	7.877230902287757e-03	7.943282347242814e-03
789	6.817918481154095e-03	6.918309709189363e-03
805	6.271470817473590e-03	6.309573444801930e-03
833	6.010565191195916e-03	6.025595860743574e-03
849	5.862056839905261e-03	5.888436553555890e-03
888	5.699884836278590e-03	5.754399373371567e-03
944	5.243072666193171e-03	5.248074602497728e-03
991	4.391483972912447e-03	4.466835921509630e-03
1002	4.310024112615385e-03	4.365158322401661e-03
1004	4.190490755171083e-03	4.265795188015926e-03
1013	4.076076938324014e-03	4.168693834703355e-03
1057	3.999271937343729e-03	4.073802778041126e-03
1079	3.976171038700849e-03	3.981071705534973e-03
1093	3.770137120076567e-03	3.801893963205613e-03
1305	3.433174297897024e-03	3.467368504525317e-03
1311	3.381826482349970e-03	3.388441561392024e-03
1322	3.294060850799085e-03	3.311311214825911e-03
1338	3.119210106372616e-03	3.162277660168379e-03
1343	3.086434424251494e-03	3.090295432513592e-03
1355	3.017767950204919e-03	3.019951720402016e-03
1381	2.861936391921116e-03	2.884031503126605e-03
1395	2.803167274725182e-03	2.818382931264455e-03
1419	2.504668940360499e-03	2.511886431509579e-03
1426	2.451126497746259e-03	2.454708915685031e-03
1446	2.392064082466949e-03	2.398832919019490e-03
1459	2.328449193984672e-03	2.344228815319923e-03
1479	2.178525161929956e-03	2.187761623949552e-03
1516	2.128767931143694e-03	2.137962089502233e-03
1554	2.089260129649273e-03	2.089296130854039e-03
1568	2.028965717859821e-03	2.041737944669530e-03
1569	1.977702447841345e-03	1.995262314968879e-03
1596	1.944469201900501e-03	1.949844599758046e-03
1597	1.898133631782262e-03	1.905460717963246e-03
1623	1.851562268426199e-03	1.862087136662868e-03
1639	1.814061725275096e-03	1.819700858609983e-03
1654	1.777967750970721e-03	1.778279410038923e-03
1663	1.731515945523454e-03	1.737800828749376e-03
1695	1.696093471033056e-03	1.698243652461744e-03
2058	1.655944843473645e-03	1.659586907437561e-03
2063	1.611819078934817e-03	1.621810097358930e-03
2084	1.584615476283746e-03	1.584893192461114e-03
2093	1.538235174261882e-03	1.548816618912481e-03
2094	1.495881308132829e-03	1.513561248436209e-03
2120	1.461422186793349e-03	1.479108388168207e-03
2136	1.438441004184887e-03	1.445439770745928e-03
2165	1.411028207166320e-03	1.412537544622754e-03
2191	1.376654643015063e-03	1.380384264602885e-03
2196	1.337037785665296e-03	1.348962882591653e-03
2218	1.316471791131701e-03	1.318256738556408e-03
2237	1.286923793208161e-03	1.288249551693134e-03
2315	1.248243958690498e-03	1.258925411794167e-03
2329	1.228811804722674e-03	1.230268770812381e-03
2386	1.199789390008865e-03	1.202264434617413e-03
2416	1.170345998888322e-03	1.174897554939529e-03
2915	1.145734746013538e-03	1.148153621496883e-03
2939	1.120702801964524e-03	1.122018454301963e-03
2955	1.090486981850547e-03	1.096478196143185e-03
2977	1.063547196523573e-03	1.071519305237606e-03
3001	1.031455938789949e-03	1.047128548050900e-03
3002	9.738675220287707e-04	9.772372209558111e-04
3045	9.542889395728338e-04	9.549925860214359e-04
3065	9.055752422995056e-04	9.120108393559096e-04
3080	8.776055500648861e-04	8.912509381337459e-04
3092	8.654103006126013e-04	8.709635899560805e-04
3135	8.316814324589306e-04	8.317637711026709e-04
3151	8.124105816925686e-04	8.128305161640995e-04
3179	7.914556632073744e-04	7.943282347242813e-04
3212	7.759311050337114e-04	7.762471166286919e-04
3233	7.472849300963480e-04	7.585775750291835e-04
3239	7.375217138674284e-04	7.413102413009177e-04
3275	7.235877590140438e-04	7.244359600749898e-04
3999	6.936576087194224e-04	7.079457843841380e-04
4000	6.915472880085760e-04	6.918309709189362e-04
4045	6.759119932969737e-04	6.760829753919819e-04
4092	6.606700524995901e-04	6.606934480075957e-04
4139	6.427946536229356e-04	6.456542290346556e-04
4179	6.290141258291637e-04	6.309573444801930e-04
4194	6.092841282052675e-04	6.165950018614823e-04
4263	6.017111522457208e-04	6.025595860743575e-04
4311	5.777994504704287e-04	5.888436553555889e-04
4319	5.753929340825970e-04	5.754399373371566e-04
4326	5.602156461254060e-04	5.623413251903491e-04
4351	5.449247541756685e-04	5.495408738576248e-04
4369	5.295729447010178e-04	5.370317963702527e-04
4881	5.222188916614856e-04	5.248074602497728e-04
5370	5.127508610167641e-04	5.128613839913648e-04
5388	4.966431790386361e-04	5.011872336272725e-04
5415	4.891191415979934e-04	4.897788193684461e-04
5507	4.770702985744668e-04	4.786300923226385e-04
5541	4.676214978952542e-04	4.677351412871981e-04
5568	4.566178754622507e-04	4.570881896148752e-04
5579	4.438602983692919e-04	4.466835921509630e-04
5647	4.360538054953844e-04	4.365158322401661e-04
5715	4.186156346027703e-04	4.265795188015926e-04
5733	4.168266952794264e-04	4.168693834703355e-04
5762	4.013710054275865e-04	4.073802778041126e-04
5794	3.972664558209438e-04	3.981071705534974e-04
5882	3.886830014002696e-04	3.890451449942805e-04
5904	3.768749246715331e-04	3.801893963205612e-04
7235	3.713007722686568e-04	3.715352290971724e-04
7342	3.623502562400960e-04	3.630780547701014e-04
7389	3.517228950574713e-04	3.548133892335753e-04
7456	3.467268179974115e-04	3.467368504525317e-04
7519	3.367051328964088e-04	3.388441561392024e-04
7579	3.311202199871577e-04	3.311311214825911e-04
7590	3.235742009441989e-04	3.235936569296281e-04
7734	3.161453147895177e-04	3.162277660168379e-04
7860	3.083347848398255e-04	3.090295432513592e-04
7948	3.019487841093849e-04	3.019951720402016e-04
9845	2.934497226181332e-04	2.951209226666387e-04
9903	2.882555956439381e-04	2.884031503126605e-04
10024	2.810166477477116e-04	2.818382931264455e-04
10085	2.705078288821605e-04	2.754228703338166e-04
10093	2.683566459161790e-04	2.691534803926917e-04
10168	2.630195850816808e-04	2.630267991895381e-04
10241	2.569197218648123e-04	2.570395782768865e-04
10319	2.510192385769550e-04	2.511886431509580e-04
10371	2.447433231783647e-04	2.454708915685031e-04
10397	2.394840466801718e-04	2.398832919019490e-04
10507	2.339187858256819e-04	2.344228815319923e-04
10656	2.271693483411052e-04	2.290867652767772e-04
10799	2.231794250172614e-04	2.238721138568340e-04
10950	2.185565495504971e-04	2.187761623949552e-04
11050	2.122800628667765e-04	2.137962089502232e-04
13684	2.087995314461466e-04	2.089296130854039e-04
13733	2.036747372126113e-04	2.041737944669530e-04
13852	1.995119716947658e-04	1.995262314968879e-04
13958	1.948983248579728e-04	1.949844599758046e-04
14138	1.882876270524747e-04	1.905460717963246e-04
14194	1.855093046139178e-04	1.862087136662868e-04
14323	1.818593013426240e-04	1.819700858609983e-04
14441	1.778263991555340e-04	1.778279410038923e-04
14525	1.737786000334252e-04	1.737800828749376e-04
14576	1.698238653142781e-04	1.698243652461744e-04
14711	1.659462184953053e-04	1.659586907437562e-04
14796	1.602131908261528e-04	1.621810097358930e-04
18165	1.581315477419132e-04	1.584893192461114e-04
18215	1.543233935455968e-04	1.548816618912481e-04
18294	1.509759516091780e-04	1.513561248436209e-04
18423	1.478287370927367e-04	1.479108388168207e-04
18592	1.445399413939619e-04	1.445439770745928e-04
18722	1.412399798095265e-04	1.412537544622754e-04
18930	1.380363133237639e-04	1.380384264602885e-04
18999	1.346906110784030e-04	1.348962882591653e-04
19125	1.313481717579723e-04	1.318256738556407e-04
19372	1.266689243402119e-04	1.288249551693134e-04
19419	1.255169633960218e-04	1.258925411794167e-04
19554	1.229801398703323e-04	1.230268770812381e-04
19747	1.201639807247856e-04	1.202264434617413e-04
24462	1.174801244524515e-04	1.174897554939529e-04
24724	1.147964986512040e-04	1.148153621496883e-04
25004	1.120086967053568e-04	1.122018454301963e-04
25268	1.095436984210885e-04	1.096478196143185e-04
25486	1.071464929589538e-04	1.071519305237606e-04
25881	1.047073871096593e-04	1.047128548050900e-04
32085	1.023205542123318e-04	1.023292992280754e-04
32361	9.999562413542940e-05	1.000000000000000e-04
32667	9.771307330064261e-05	9.772372209558111e-05
33041	9.543570803594026e-05	9.549925860214369e-05
33306	9.331572983595215e-05	9.332543007969905e-05
33717	9.112604770822319e-05	9.120108393559096e-05
33951	8.713654532455095e-05	8.912509381337459e-05
33966	8.708880145102960e-05	8.709635899560814e-05
34550	8.511233874530788e-05	8.511380382023759e-05
35121	8.311326663013041e-05	8.317637711026709e-05
35825	8.118779055621417e-05	8.128305161640995e-05
36418	7.943024900414208e-05	7.943282347242822e-05
37492	7.762222231133542e-05	7.762471166286911e-05
38418	7.585579398472486e-05	7.585775750291836e-05
39850	7.408651357365681e-05	7.413102413009176e-05
40943	7.244228521385843e-05	7.244359600749906e-05
42089	7.076575296827148e-05	7.079457843841373e-05
43488	6.918187574656010e-05	6.918309709189363e-05
45090	6.760712811659797e-05	6.760829753919819e-05
47422	6.606874465120427e-05	6.606934480075965e-05
49905	6.450448501571504e-05	6.456542290346549e-05
54539	6.308987120684506e-05	6.309573444801929e-05
57782	6.165815264225216e-05	6.165950018614822e-05
61958	6.019326497030963e-05	6.025595860743581e-05
68030	5.888426342470776e-05	5.888436553555884e-05
72802	5.751802717113286e-05	5.754399373371566e-05
81238	5.609972017395215e-05	5.623413251903491e-05
94943	5.495404696298500e-05	5.495408738576248e-05
117669	5.339749654675874e-05	5.370317963702532e-05
154357	5.248074525587842e-05	5.248074602497723e-05
180001	5.214808906406354e-05	5.248074602497723e-05
%
% index = 1202, name = bbob_f006_i07_d03__bbob_f020_i08_d03
% instance = 3, reference value = 9.964868794824290e-01
% function evaluation | indicator value | target hit
1	3.579160456788429e+00	3.630780547701014e+00
2	2.106837091885929e+00	2.137962089502232e+00
4	2.029866661309929e+00	2.041737944669529e+00
38	8.854718911625690e-01	8.912509381337456e-01
130	6.926712733851043e-01	7.079457843841379e-01
179	6.452652237580263e-01	6.456542290346555e-01
233	3.112122692996340e-01	3.162277660168379e-01
239	2.700457446240423e-01	2.754228703338166e-01
256	2.537239968407452e-01	2.570395782768864e-01
272	2.329207885731355e-01	2.344228815319922e-01
289	1.536501477846479e-01	1.548816618912481e-01
290	1.112670317483496e-01	1.122018454301964e-01
328	8.776622594259464e-02	8.912509381337455e-02
371	7.683700433049301e-02	7.762471166286916e-02
391	7.464662980864400e-02	7.585775750291836e-02
393	7.187181312141477e-02	7.244359600749903e-02
398	5.469607946446253e-02	5.495408738576246e-02
402	3.928221590773240e-02	3.981071705534973e-02
422	2.855394945039003e-02	2.884031503126606e-02
434	2.791440439224668e-02	2.818382931264454e-02
442	2.279313141641270e-02	2.290867652767773e-02
485	1.341550410461767e-02	1.348962882591653e-02
488	1.180715759566442e-02	1.202264434617413e-02
501	1.105899137642874e-02	1.122018454301964e-02
515	1.089458391352349e-02	1.096478196143185e-02
528	1.014339985788204e-02	1.023292992280754e-02
546	7.265677019767769e-03	7.413102413009177e-03
556	7.211719325258215e-03	7.244359600749898e-03
594	5.940252566235538e-03	6.025595860743574e-03
598	5.868465041789950e-03	5.888436553555890e-03
601	5.669130211299223e-03	5.754399373371567e-03
604	5.109338567259702e-03	5.128613839913648e-03
647	4.223807312055627e-03	4.265795188015926e-03
657	4.162422779135477e-03	4.168693834703355e-03
659	4.056462279696027e-03	4.073802778041126e-03
689	3.977251082847078e-03	3.981071705534973e-03
699	3.845935180889715e-03	3.890451449942805e-03
713	3.700986478990531e-03	3.715352290971724e-03
746	3.354259325539233e-03	3.388441561392024e-03
761	2.755467262005040e-03	2.818382931264455e-03
762	2.699913915440333e-03	2.754228703338166e-03
768	2.639078965526953e-03	2.691534803926917e-03
772	2.622561257402789e-03	2.630267991895381e-03
782	2.565596888245425e-03	2.570395782768865e-03
794	2.504378707678945e-03	2.511886431509579e-03
962	2.419578059410399e-03	2.454708915685031e-03
963	2.392143590161377e-03	2.398832919019490e-03
968	2.298012602548583e-03	2.344228815319923e-03
972	2.263195453603650e-03	2.290867652767772e-03
1005	2.111680863201792e-03	2.137962089502233e-03
1006	2.067484496058314e-03	2.089296130854039e-03
1009	2.026106279998774e-03	2.041737944669530e-03
1038	1.988945505650208e-03	1.995262314968879e-03
1042	1.937854939127348e-03	1.949844599758046e-03
1043	1.903575322345419e-03	1.905460717963246e-03
1074	1.853456933812003e-03	1.862087136662868e-03
1082	1.819230766215707e-03	1.819700858609983e-03
1103	1.695384440405401e-03	1.698243652461744e-03
1122	1.643384101766343e-03	1.659586907437561e-03
1135	1.601200790312229e-03	1.621810097358930e-03
1148	1.582208025616150e-03	1.584893192461114e-03
1152	1.537847405816861e-03	1.548816618912481e-03
1165	1.511712519778774e-03	1.513561248436209e-03
1184	1.454249397875640e-03	1.479108388168207e-03
1200	1.443539443764297e-03	1.445439770745928e-03
1209	1.329530314245875e-03	1.348962882591653e-03
1211	1.315441097886283e-03	1.318256738556408e-03
1247	1.280776845349552e-03	1.288249551693134e-03
1267	1.258757860832849e-03	1.258925411794167e-03
1302	1.228318654503013e-03	1.230268770812381e-03
1338	1.198956058958700e-03	1.202264434617413e-03
1636	1.173262702277911e-03	1.174897554939529e-03
1656	1.141511038470377e-03	1.148153621496883e-03
1677	1.122014194482435e-03	1.122018454301963e-03
1714	1.095969140779696e-03	1.096478196143185e-03
1790	1.007676072461661e-03	1.023292992280754e-03
2196	9.999283254827906e-04	1.000000000000000e-03
2302	9.767601396986070e-04	9.772372209558111e-04
2363	9.548440278304149e-04	9.549925860214359e-04
3038	9.325182581908509e-04	9.332543007969915e-04
3249	9.118472037017433e-04	9.120108393559096e-04
4518	8.912433961395516e-04	8.912509381337459e-04
6277	8.127474681290936e-04	8.128305161640995e-04
6473	6.940604258155458e-04	7.079457843841380e-04
8573	6.918081760145522e-04	6.918309709189362e-04
9024	6.754874318064541e-04	6.760829753919819e-04
12373	6.603668648158534e-04	6.606934480075957e-04
31254	6.456188669661245e-04	6.456542290346556e-04
32572	5.560435677448572e-04	5.623413251903491e-04
48717	5.494871131651591e-04	5.495408738576248e-04
180000	5.374730819132090e-04	5.495408738576248e-04
%
% index = 1203, name = bbob_f006_i09_d03__bbob_f020_i10_d03
% instance = 4, reference value = 9.968862514062200e-01
% function evaluation | indicator value | target hit
1	5.125004434215220e+00	5.128613839913648e+00
3	3.155479204502220e+00	3.162277660168380e+00
8	2.341410895439220e+00	2.344228815319922e+00
21	1.367714647524220e+00	1.380384264602885e+00
32	1.007555141852720e+00	1.023292992280754e+00
80	9.793841003251671e-01	1.000000000000000e+00
98	7.276201751325568e-01	7.413102413009175e-01
107	7.182950431536070e-01	7.244359600749900e-01
149	5.243554244354927e-01	5.248074602497725e-01
159	4.042467233993364e-01	4.073802778041127e-01
193	2.678483745452236e-01	2.691534803926916e-01
209	2.504366312046749e-01	2.511886431509580e-01
265	2.437828584104880e-01	2.454708915685030e-01
281	2.168271289456460e-01	2.187761623949552e-01
290	1.635126190374068e-01	1.659586907437560e-01
302	1.582575202573105e-01	1.584893192461113e-01
306	1.526926532932857e-01	1.548816618912481e-01
312	1.290687888367513e-01	1.318256738556407e-01
370	1.287704436915967e-01	1.288249551693134e-01
377	1.241802259195665e-01	1.258925411794167e-01
379	1.229741832001942e-01	1.230268770812381e-01
387	1.181726674079457e-01	1.202264434617413e-01
412	1.005410290243873e-01	1.023292992280754e-01
443	9.936241898463050e-02	1.000000000000000e-01
446	5.639805573099210e-02	5.754399373371569e-02
452	4.781741227805236e-02	4.786300923226382e-02
457	4.595928654320414e-02	4.677351412871981e-02
459	4.364257662983095e-02	4.365158322401658e-02
460	4.158004738807941e-02	4.168693834703355e-02
477	4.037691158455470e-02	4.073802778041128e-02
481	3.829643580012765e-02	3.890451449942807e-02
488	3.694092830655937e-02	3.715352290971726e-02
515	3.309167694934689e-02	3.311311214825911e-02
596	2.905655773336369e-02	2.951209226666385e-02
607	2.345958646306523e-02	2.398832919019490e-02
608	2.252339713795659e-02	2.290867652767773e-02
616	2.154682347797710e-02	2.187761623949553e-02
623	2.124512600969264e-02	2.137962089502233e-02
636	1.874500169261095e-02	1.905460717963247e-02
644	1.854910989014391e-02	1.862087136662868e-02
679	1.753242494169360e-02	1.778279410038923e-02
681	1.644230182208473e-02	1.659586907437561e-02
733	1.620536532232675e-02	1.621810097358930e-02
745	1.462778572927581e-02	1.479108388168207e-02
763	1.402985734589024e-02	1.412537544622754e-02
777	1.282643596630140e-02	1.288249551693134e-02
801	1.197262440490865e-02	1.202264434617413e-02
827	1.172705218398828e-02	1.174897554939530e-02
838	1.141511643177973e-02	1.148153621496883e-02
853	1.109214258373026e-02	1.122018454301964e-02
870	1.085476407993480e-02	1.096478196143185e-02
872	1.022719641675685e-02	1.023292992280754e-02
873	9.987638245769537e-03	1.000000000000000e-02
892	9.153996578756707e-03	9.332543007969915e-03
896	9.119924582915329e-03	9.120108393559097e-03
901	8.802776717940497e-03	8.912509381337459e-03
929	8.133500697879992e-03	8.317637711026709e-03
935	8.117190918284667e-03	8.128305161640995e-03
938	6.904036810103431e-03	6.918309709189363e-03
971	6.203371734005758e-03	6.309573444801930e-03
978	6.113841966949640e-03	6.165950018614822e-03
986	5.221646275581193e-03	5.248074602497728e-03
1112	5.101297251207115e-03	5.128613839913648e-03
1121	5.001570329878025e-03	5.011872336272725e-03
1150	4.808223100368325e-03	4.897788193684461e-03
1166	4.587777879701660e-03	4.677351412871981e-03
1180	4.563590409199625e-03	4.570881896148752e-03
1248	4.466467887914605e-03	4.466835921509630e-03
1283	3.593013734306982e-03	3.630780547701014e-03
1293	3.493863741593772e-03	3.548133892335753e-03
1301	3.350525219204870e-03	3.388441561392024e-03
1493	3.270137173880694e-03	3.311311214825911e-03
1499	3.224048632915588e-03	3.235936569296281e-03
1524	3.145487709727002e-03	3.162277660168379e-03
1532	3.046816942205099e-03	3.090295432513592e-03
1540	2.769118050727659e-03	2.818382931264455e-03
1555	2.750080133928967e-03	2.754228703338166e-03
1585	2.567565536614413e-03	2.570395782768865e-03
1603	2.480654940987481e-03	2.511886431509579e-03
1606	2.324305585135633e-03	2.344228815319923e-03
1654	2.256115148201787e-03	2.290867652767772e-03
1691	2.231352343670556e-03	2.238721138568340e-03
1700	2.182888811202655e-03	2.187761623949552e-03
1737	2.124560594743530e-03	2.137962089502233e-03
1747	2.083736616897203e-03	2.089296130854039e-03
1753	2.038416494246298e-03	2.041737944669530e-03
1761	1.992506824023188e-03	1.995262314968879e-03
2119	1.948813402480876e-03	1.949844599758046e-03
2143	1.902914850481441e-03	1.905460717963246e-03
2149	1.856412428564047e-03	1.862087136662868e-03
2158	1.754841919390460e-03	1.778279410038923e-03
2183	1.730715980766018e-03	1.737800828749376e-03
2226	1.687423478196282e-03	1.698243652461744e-03
2251	1.600173856983078e-03	1.621810097358930e-03
2261	1.583809887165777e-03	1.584893192461114e-03
2294	1.535556388547521e-03	1.548816618912481e-03
2332	1.513541230593995e-03	1.513561248436209e-03
2390	1.450641061431113e-03	1.479108388168207e-03
2394	1.442909412054383e-03	1.445439770745928e-03
2455	1.411695809809488e-03	1.412537544622754e-03
2858	1.376169642053782e-03	1.380384264602885e-03
2860	1.286052987644615e-03	1.288249551693134e-03
2894	1.257444958089105e-03	1.258925411794167e-03
2920	1.229859672991496e-03	1.230268770812381e-03
2970	1.187994944572224e-03	1.202264434617413e-03
2977	1.168362721163385e-03	1.174897554939529e-03
3038	1.141405288429209e-03	1.148153621496883e-03
3088	1.115122056631113e-03	1.122018454301963e-03
3094	1.095570203241802e-03	1.096478196143185e-03
3132	1.068031931808933e-03	1.071519305237606e-03
3170	1.016103784337474e-03	1.023292992280754e-03
3194	9.992531567221130e-04	1.000000000000000e-03
3793	9.770842372722743e-04	9.772372209558111e-04
3796	9.471363828844614e-04	9.549925860214359e-04
3806	9.292537924014965e-04	9.332543007969915e-04
3886	8.947993860118908e-04	9.120108393559096e-04
3891	8.683571111653965e-04	8.709635899560805e-04
4088	8.504674343452479e-04	8.511380382023768e-04
4152	8.316880089257461e-04	8.317637711026709e-04
4201	7.318727815619486e-04	7.413102413009177e-04
4220	7.174298090113496e-04	7.244359600749898e-04
4266	7.064774539368157e-04	7.079457843841380e-04
4327	6.885151249795829e-04	6.918309709189362e-04
4433	6.755125927415673e-04	6.760829753919819e-04
4520	6.606187181530387e-04	6.606934480075957e-04
5362	6.232328620364713e-04	6.309573444801930e-04
5376	6.151891004052557e-04	6.165950018614823e-04
5402	5.985998360269473e-04	6.025595860743575e-04
5456	5.880924571224355e-04	5.888436553555889e-04
5523	5.745923712644485e-04	5.754399373371566e-04
5622	5.622314635724823e-04	5.623413251903491e-04
5648	5.082002734170254e-04	5.128613839913648e-04
5676	4.947313727904357e-04	5.011872336272725e-04
5714	4.854749444441753e-04	4.897788193684461e-04
5803	4.784464896615548e-04	4.786300923226385e-04
5887	4.667411040940594e-04	4.677351412871981e-04
5915	4.515423330498924e-04	4.570881896148752e-04
5973	4.450591062383769e-04	4.466835921509630e-04
6137	4.266901488575447e-04	4.365158322401661e-04
6143	4.262849267893110e-04	4.265795188015926e-04
7245	4.168174620562404e-04	4.168693834703355e-04
7282	4.071640400287180e-04	4.073802778041126e-04
7312	3.808447659173764e-04	3.890451449942805e-04
7315	3.788861337419291e-04	3.801893963205612e-04
7354	3.703340558338652e-04	3.715352290971724e-04
7414	3.309736006159580e-04	3.311311214825911e-04
7456	3.211567827352546e-04	3.235936569296281e-04
7528	3.155878928134959e-04	3.162277660168379e-04
7724	3.086439240821415e-04	3.090295432513592e-04
7790	2.996416763334508e-04	3.019951720402016e-04
7877	2.910290488103984e-04	2.951209226666387e-04
7977	2.855369679677366e-04	2.884031503126605e-04
8148	2.806429685116019e-04	2.818382931264455e-04
9498	2.740681757303909e-04	2.754228703338166e-04
9567	2.659469608544685e-04	2.691534803926917e-04
9595	2.590734153513630e-04	2.630267991895381e-04
9683	2.561962624801906e-04	2.570395782768865e-04
9848	2.446055037881312e-04	2.454708915685031e-04
9913	2.393617927355374e-04	2.398832919019490e-04
9937	2.255135211701731e-04	2.290867652767772e-04
9983	2.230010998562904e-04	2.238721138568340e-04
10042	2.160286880491524e-04	2.187761623949552e-04
10099	2.136909319443436e-04	2.137962089502232e-04
10322	2.085140444239020e-04	2.089296130854039e-04
10693	2.028421691900872e-04	2.041737944669530e-04
10762	1.991560499114975e-04	1.995262314968879e-04
12906	1.947874293681817e-04	1.949844599758046e-04
13063	1.905313322295710e-04	1.905460717963246e-04
13317	1.862034513980815e-04	1.862087136662868e-04
13484	1.808468900235116e-04	1.819700858609983e-04
13621	1.773310849166876e-04	1.778279410038923e-04
13697	1.736795072808661e-04	1.737800828749376e-04
13985	1.693541853562408e-04	1.698243652461744e-04
14290	1.659300456022805e-04	1.659586907437562e-04
14649	1.619869706060983e-04	1.621810097358930e-04
17560	1.584696750530634e-04	1.584893192461114e-04
17662	1.548498137935450e-04	1.548816618912481e-04
17842	1.502070731392857e-04	1.513561248436209e-04
17928	1.472523074932397e-04	1.479108388168207e-04
18305	1.445186933631826e-04	1.445439770745928e-04
18385	1.410476408733041e-04	1.412537544622754e-04
18543	1.366720889478534e-04	1.380384264602885e-04
18591	1.332550960628787e-04	1.348962882591653e-04
18647	1.308807971647230e-04	1.318256738556407e-04
18815	1.286610853352688e-04	1.288249551693134e-04
22998	1.257488647667948e-04	1.258925411794167e-04
23346	1.230070791582438e-04	1.230268770812381e-04
23649	1.200903085580851e-04	1.202264434617413e-04
23975	1.174652037905233e-04	1.174897554939529e-04
24321	1.148030722137872e-04	1.148153621496883e-04
24751	1.121995592354708e-04	1.122018454301963e-04
29882	1.053494899336815e-04	1.071519305237606e-04
29925	1.047057674945506e-04	1.047128548050900e-04
30259	1.023275143808844e-04	1.023292992280754e-04
30761	9.986739428091695e-05	1.000000000000000e-04
31170	9.765080026324924e-05	9.772372209558111e-05
31749	9.547617137461994e-05	9.549925860214369e-05
38795	9.332141536122496e-05	9.332543007969905e-05
39337	9.103794359477391e-05	9.120108393559096e-05
39856	8.884144415188810e-05	8.912509381337459e-05
40364	8.685155287202484e-05	8.709635899560814e-05
41112	8.506688488707503e-05	8.511380382023759e-05
42224	8.317325157558564e-05	8.317637711026709e-05
43800	8.128026992793025e-05	8.128305161640995e-05
45105	7.941669741129420e-05	7.943282347242822e-05
46699	7.762353993745474e-05	7.762471166286911e-05
48330	7.583654226894776e-05	7.585775750291836e-05
50439	7.412874080281462e-05	7.413102413009176e-05
51564	7.236744893002189e-05	7.244359600749906e-05
53251	7.077787810794156e-05	7.079457843841373e-05
56391	6.918177070902587e-05	6.918309709189363e-05
62053	6.752765681816708e-05	6.760829753919819e-05
65463	6.604824761424766e-05	6.606934480075965e-05
71079	6.456484905437154e-05	6.456542290346549e-05
76600	6.309313554142548e-05	6.309573444801929e-05
79604	6.153183985280197e-05	6.165950018614822e-05
86630	6.025296825007409e-05	6.025595860743581e-05
99955	5.888436293022270e-05	5.888436553555884e-05
108530	5.739396735315871e-05	5.754399373371566e-05
134665	5.602873492560612e-05	5.623413251903491e-05
175394	5.493597052896870e-05	5.495408738576248e-05
180000	5.489953931048230e-05	5.495408738576248e-05
%
% index = 1204, name = bbob_f006_i11_d03__bbob_f020_i12_d03
% instance = 5, reference value = 9.192571976191090e-01
% function evaluation | indicator value | target hit
1	9.818549835177306e+02	1.000000000000000e+03
30	7.999777101681281e-01	8.128305161640993e-01
40	7.899312861609306e-01	7.943282347242815e-01
67	6.364934652119547e-01	6.456542290346555e-01
138	6.270168877722071e-01	6.309573444801932e-01
139	4.576578964056031e-01	4.677351412871982e-01
163	4.234071629523522e-01	4.265795188015927e-01
325	3.854646958664647e-01	3.890451449942806e-01
333	3.659280916672912e-01	3.715352290971726e-01
368	3.087340185404421e-01	3.090295432513591e-01
452	2.671684312184494e-01	2.691534803926916e-01
839	2.628416049836753e-01	2.630267991895382e-01
1005	2.517276841939697e-01	2.570395782768864e-01
1082	2.380703323930254e-01	2.398832919019490e-01
1105	2.272010247459170e-01	2.290867652767773e-01
1114	1.943341770551757e-01	1.949844599758045e-01
1176	1.888849420062833e-01	1.905460717963247e-01
1606	1.764614292574201e-01	1.778279410038923e-01
2020	1.420475455033533e-01	1.445439770745928e-01
3229	1.352285149808570e-01	1.380384264602885e-01
7804	1.341029864617154e-01	1.348962882591654e-01
10496	1.253814633701081e-01	1.258925411794167e-01
15253	1.154811598581832e-01	1.174897554939529e-01
29903	1.146999746549113e-01	1.148153621496883e-01
43961	1.099413054224243e-01	1.122018454301964e-01
45110	1.067512572629323e-01	1.071519305237607e-01
61731	1.033319115184768e-01	1.047128548050900e-01
63339	9.623890525297951e-02	9.772372209558107e-02
71308	9.240942534108076e-02	9.332543007969910e-02
79837	8.859709440376551e-02	8.912509381337455e-02
84049	8.650064495799858e-02	8.709635899560805e-02
98369	8.434916133381198e-02	8.511380382023763e-02
99253	8.109505448349597e-02	8.128305161640990e-02
100786	7.906149805113805e-02	7.943282347242814e-02
105546	7.717717658889811e-02	7.762471166286916e-02
106251	7.546883551458472e-02	7.585775750291836e-02
107731	7.263774310039095e-02	7.413102413009177e-02
121416	7.184856950881846e-02	7.244359600749903e-02
122482	6.855731209748051e-02	6.918309709189366e-02
128476	6.738901322283630e-02	6.760829753919818e-02
142721	5.453336195956959e-02	5.495408738576246e-02
160692	1.795194214676210e-02	1.819700858609984e-02
176325	1.777580206581852e-02	1.778279410038923e-02
180001	1.777538344924823e-02	1.778279410038923e-02
%
% index = 1205, name = bbob_f006_i13_d03__bbob_f020_i14_d03
% instance = 6, reference value = 9.997305458917780e-01
% function evaluation | indicator value | target hit
1	1.593931656765778e+00	1.621810097358930e+00
5	1.448335857754278e+00	1.479108388168207e+00
7	1.193493140933778e+00	1.202264434617413e+00
20	8.515881801898322e-01	8.709635899560807e-01
22	6.996950082879685e-01	7.079457843841379e-01
41	6.408037841816681e-01	6.456542290346555e-01
52	5.931619939377867e-01	6.025595860743578e-01
65	4.476765669847244e-01	4.570881896148750e-01
66	2.570628625039184e-01	2.630267991895382e-01
72	2.410571835420486e-01	2.454708915685030e-01
75	2.272752816683909e-01	2.290867652767773e-01
86	1.080941238934949e-01	1.096478196143185e-01
89	4.719211056533612e-02	4.786300923226382e-02
90	4.550809440437686e-02	4.570881896148749e-02
105	3.256828295118019e-02	3.311311214825911e-02
111	2.997961949427808e-02	3.019951720402016e-02
112	2.093891965301842e-02	2.137962089502233e-02
117	2.082833472993295e-02	2.089296130854040e-02
119	1.874663408282629e-02	1.905460717963247e-02
125	1.722323162052497e-02	1.737800828749375e-02
133	1.684728251437573e-02	1.698243652461744e-02
151	9.204953110401481e-03	9.332543007969915e-03
193	9.111679298236641e-03	9.120108393559097e-03
206	8.650160770819815e-03	8.709635899560805e-03
249	8.296048112324983e-03	8.317637711026709e-03
294	7.415881690049808e-03	7.585775750291836e-03
337	7.408666212680659e-03	7.413102413009177e-03
367	7.196101571971036e-03	7.244359600749898e-03
372	6.228768476039814e-03	6.309573444801930e-03
383	5.799845080950217e-03	5.888436553555890e-03
388	5.667767248061395e-03	5.754399373371567e-03
415	4.397141190349840e-03	4.466835921509630e-03
416	4.030060613273267e-03	4.073802778041126e-03
425	1.979377751723410e-03	1.995262314968879e-03
457	1.875582991754277e-03	1.905460717963246e-03
509	1.400277302216812e-03	1.412537544622754e-03
524	1.336614341382103e-03	1.348962882591653e-03
525	1.025596531424089e-03	1.047128548050900e-03
555	1.022739118658467e-03	1.023292992280754e-03
559	9.930473450954214e-04	1.000000000000000e-03
588	9.736579007353363e-04	9.772372209558111e-04
600	9.435714511406568e-04	9.549925860214359e-04
622	9.162340935303659e-04	9.332543007969915e-04
652	8.715094080006258e-04	8.912509381337459e-04
656	8.695202608176578e-04	8.709635899560805e-04
687	5.184447629529298e-04	5.248074602497728e-04
717	4.842585954204504e-04	4.897788193684461e-04
756	4.543628660282906e-04	4.570881896148752e-04
787	4.059900801995919e-04	4.073802778041126e-04
867	3.970874719838591e-04	3.981071705534974e-04
914	3.886616964136058e-04	3.890451449942805e-04
920	3.415413223583075e-04	3.467368504525317e-04
933	3.374289430858601e-04	3.388441561392024e-04
954	3.274542749046594e-04	3.311311214825911e-04
985	3.071229880287074e-04	3.090295432513592e-04
1031	2.979645018944543e-04	3.019951720402016e-04
1036	2.923792855706875e-04	2.951209226666387e-04
1047	2.844359558796805e-04	2.884031503126605e-04
1085	2.697264867556060e-04	2.754228703338166e-04
1098	2.624822455234987e-04	2.630267991895381e-04
1153	2.543673698466309e-04	2.570395782768865e-04
1164	2.488562639706426e-04	2.511886431509580e-04
1168	2.377252204076585e-04	2.398832919019490e-04
1380	2.333174550408490e-04	2.344228815319923e-04
1434	2.257037418214036e-04	2.290867652767772e-04
1435	2.236464298474017e-04	2.238721138568340e-04
1464	2.001825818839231e-04	2.041737944669530e-04
1482	1.972502364251394e-04	1.995262314968879e-04
1496	1.930399046378151e-04	1.949844599758046e-04
1531	1.878606349432488e-04	1.905460717963246e-04
1538	1.845219380707253e-04	1.862087136662868e-04
1557	1.748073655268856e-04	1.778279410038923e-04
1616	1.734429833981643e-04	1.737800828749376e-04
1640	1.656901770680230e-04	1.659586907437562e-04
1678	1.602150388224644e-04	1.621810097358930e-04
1698	1.583543411667332e-04	1.584893192461114e-04
1726	1.541739743117221e-04	1.548816618912481e-04
1754	1.512603640710930e-04	1.513561248436209e-04
2030	1.469960124396152e-04	1.479108388168207e-04
2077	1.330066417737363e-04	1.348962882591653e-04
2099	1.309826641918699e-04	1.318256738556407e-04
2150	1.282776975701783e-04	1.288249551693134e-04
2193	1.246041554811006e-04	1.258925411794167e-04
2240	1.224984518306549e-04	1.230268770812381e-04
2250	1.188122744509856e-04	1.202264434617413e-04
2292	1.152255815290992e-04	1.174897554939529e-04
2300	1.141520083859371e-04	1.148153621496883e-04
2324	1.122009623357734e-04	1.122018454301963e-04
2804	1.091866022403520e-04	1.096478196143185e-04
2896	1.069617568327796e-04	1.071519305237606e-04
2947	1.029807540459116e-04	1.047128548050900e-04
2948	1.021989017226943e-04	1.023292992280754e-04
3020	9.957867011245458e-05	1.000000000000000e-04
3068	9.156762161344201e-05	9.332543007969905e-05
3081	9.110079574670138e-05	9.120108393559096e-05
3161	8.904425872480193e-05	8.912509381337459e-05
3191	8.227938332694418e-05	8.317637711026709e-05
3800	8.035307291220928e-05	8.128305161640995e-05
3850	7.940792659988372e-05	7.943282347242822e-05
3938	7.750121390226461e-05	7.762471166286911e-05
4059	7.583009057554602e-05	7.585775750291836e-05
4178	7.412396870298821e-05	7.413102413009176e-05
5112	7.208154813076462e-05	7.244359600749906e-05
5180	7.075654614718818e-05	7.079457843841373e-05
5307	6.824749666389796e-05	6.918309709189363e-05
5324	6.754387044494159e-05	6.760829753919819e-05
5471	6.532045129348241e-05	6.606934480075965e-05
5606	6.368153919789066e-05	6.456542290346549e-05
6775	6.274428313957081e-05	6.309573444801929e-05
6790	6.102542858810178e-05	6.165950018614822e-05
6957	6.021121377919325e-05	6.025595860743581e-05
7167	5.865782892056082e-05	5.888436553555884e-05
7353	5.402804596899013e-05	5.495408738576248e-05
7416	5.355600615386535e-05	5.370317963702532e-05
7584	5.241380274889629e-05	5.248074602497723e-05
7627	5.063486411582829e-05	5.128613839913648e-05
7669	4.944770577131052e-05	5.011872336272725e-05
9376	4.897562115901977e-05	4.897788193684466e-05
9635	4.785788616035180e-05	4.786300923226380e-05
10062	4.675547844701367e-05	4.677351412871981e-05
10194	4.466425938109975e-05	4.466835921509635e-05
10536	4.361575040423560e-05	4.365158322401657e-05
13194	4.255037371414527e-05	4.265795188015926e-05
13472	4.168300670392977e-05	4.168693834703355e-05
13835	4.072022185896973e-05	4.073802778041130e-05
14604	3.980884358556480e-05	3.981071705534969e-05
14752	3.660860147924883e-05	3.715352290971728e-05
15048	3.630765510054257e-05	3.630780547701010e-05
19143	3.547824704208669e-05	3.548133892335753e-05
20022	3.466780885219567e-05	3.467368504525317e-05
21099	3.386325763088394e-05	3.388441561392028e-05
22179	3.311074236755918e-05	3.311311214825908e-05
27697	3.235659381672917e-05	3.235936569296281e-05
29046	3.162069921502919e-05	3.162277660168380e-05
30346	3.089306895498467e-05	3.090295432513592e-05
31818	3.019945735827090e-05	3.019951720402019e-05
32423	2.525140820486271e-05	2.570395782768864e-05
32946	2.509100322167779e-05	2.511886431509582e-05
39452	2.454514929406404e-05	2.454708915685029e-05
41103	2.375947974242454e-05	2.398832919019490e-05
42679	2.344091536254922e-05	2.344228815319923e-05
52814	2.290738033638995e-05	2.290867652767775e-05
55630	2.238686730660078e-05	2.238721138568338e-05
58360	2.172976863568099e-05	2.187761623949552e-05
60217	2.134916938367759e-05	2.137962089502232e-05
62617	1.977830699262384e-05	1.995262314968879e-05
66105	1.949662847766653e-05	1.949844599758046e-05
70374	1.904967162236204e-05	1.905460717963248e-05
81029	1.861809040160090e-05	1.862087136662866e-05
84805	1.819331509844702e-05	1.819700858609983e-05
92190	1.778268815721962e-05	1.778279410038923e-05
107470	1.737795442369183e-05	1.737800828749376e-05
113886	1.698243499237417e-05	1.698243652461746e-05
121428	1.658952210958908e-05	1.659586907437560e-05
125683	1.571672522171497e-05	1.584893192461114e-05
139264	1.548584267629938e-05	1.548816618912483e-05
166834	1.513405403708035e-05	1.513561248436207e-05
180001	1.490311795759869e-05	1.513561248436207e-05
%
% index = 1206, name = bbob_f006_i15_d03__bbob_f020_i16_d03
% instance = 7, reference value = 9.822562906246221e-01
% function evaluation | indicator value | target hit
1	3.391128675206122e+00	3.467368504525317e+00
3	3.385315474586122e+00	3.388441561392026e+00
4	7.951806202336544e-01	8.128305161640993e-01
34	7.593378558060124e-01	7.762471166286917e-01
50	6.549890787876472e-01	6.606934480075960e-01
59	5.333270790455032e-01	5.370317963702527e-01
62	3.580049851048360e-01	3.630780547701014e-01
68	2.020311900851761e-01	2.041737944669530e-01
79	1.565522894109315e-01	1.584893192461113e-01
86	1.418705308157169e-01	1.445439770745928e-01
113	9.975785592188002e-02	1.000000000000000e-01
126	8.400490769558044e-02	8.511380382023763e-02
155	7.949036298555656e-02	8.128305161640990e-02
165	7.871336685944541e-02	7.943282347242814e-02
176	7.737980996304905e-02	7.762471166286916e-02
199	7.391295189638525e-02	7.413102413009177e-02
204	6.482151650439216e-02	6.606934480075961e-02
205	6.434761305199987e-02	6.456542290346556e-02
226	5.517988688869968e-02	5.623413251903491e-02
254	5.382915110596798e-02	5.495408738576246e-02
260	5.317756734897516e-02	5.370317963702527e-02
272	5.108566017510907e-02	5.128613839913648e-02
296	4.165113877890281e-02	4.168693834703355e-02
356	3.383540920275985e-02	3.388441561392026e-02
381	3.309219419808418e-02	3.311311214825911e-02
389	3.231666097133412e-02	3.235936569296283e-02
477	3.160280045739572e-02	3.162277660168379e-02
481	3.074907893924139e-02	3.090295432513590e-02
504	2.630228772101573e-02	2.630267991895381e-02
511	2.550486425259857e-02	2.570395782768863e-02
534	2.291490849447408e-02	2.344228815319923e-02
543	2.281853895191965e-02	2.290867652767773e-02
554	2.133255184754490e-02	2.137962089502233e-02
567	1.883228996099651e-02	1.905460717963247e-02
570	1.850746397832426e-02	1.862087136662868e-02
580	1.722379361625004e-02	1.737800828749375e-02
583	1.668410434157153e-02	1.698243652461744e-02
612	1.613457444779187e-02	1.621810097358930e-02
631	1.573169371530847e-02	1.584893192461113e-02
639	1.504731468976994e-02	1.513561248436208e-02
683	1.458289431372939e-02	1.479108388168207e-02
709	1.430627025894249e-02	1.445439770745927e-02
743	1.407007474411814e-02	1.412537544622754e-02
763	1.337339338405252e-02	1.348962882591653e-02
765	1.291825297508631e-02	1.318256738556407e-02
774	1.116424905602731e-02	1.122018454301964e-02
787	1.055062569602971e-02	1.071519305237606e-02
800	9.906788545821166e-03	1.000000000000000e-02
825	9.218073849742603e-03	9.332543007969915e-03
831	9.117217244870135e-03	9.120108393559097e-03
897	8.491201760337797e-03	8.511380382023767e-03
909	8.132194163320450e-03	8.317637711026709e-03
917	8.084596409504208e-03	8.128305161640995e-03
939	7.923720302578485e-03	7.943282347242814e-03
950	7.440166614271049e-03	7.585775750291836e-03
976	7.382041294501263e-03	7.413102413009177e-03
980	7.201286378209382e-03	7.244359600749898e-03
981	6.381134599763638e-03	6.456542290346556e-03
1165	6.292008658445702e-03	6.309573444801930e-03
1185	6.093897964250305e-03	6.165950018614822e-03
1191	5.947323691533390e-03	6.025595860743574e-03
1193	5.773892806871683e-03	5.888436553555890e-03
1231	5.707006698664197e-03	5.754399373371567e-03
1237	5.429720328492871e-03	5.495408738576248e-03
1238	5.343394923846390e-03	5.370317963702527e-03
1247	5.104371024884702e-03	5.128613839913648e-03
1248	4.771530119020650e-03	4.786300923226385e-03
1290	4.526441127656988e-03	4.570881896148752e-03
1319	4.459284840227729e-03	4.466835921509630e-03
1325	4.209772295226344e-03	4.265795188015926e-03
1330	4.114363053584480e-03	4.168693834703355e-03
1331	3.963660605011299e-03	3.981071705534973e-03
1532	3.884046858739665e-03	3.890451449942805e-03
1555	3.796171721053843e-03	3.801893963205613e-03
1556	3.691450010887443e-03	3.715352290971724e-03
1558	3.614027013944421e-03	3.630780547701014e-03
1564	3.544428301687330e-03	3.548133892335753e-03
1579	3.337793998372529e-03	3.388441561392024e-03
1587	3.224950743033861e-03	3.235936569296281e-03
1603	3.145921338059465e-03	3.162277660168379e-03
1609	2.868908729959374e-03	2.884031503126605e-03
1631	2.796189036484820e-03	2.818382931264455e-03
1640	2.734743264393047e-03	2.754228703338166e-03
1642	2.679380640595697e-03	2.691534803926917e-03
1656	2.441408360415620e-03	2.454708915685031e-03
1676	2.391512443225885e-03	2.398832919019490e-03
1698	2.343533185483193e-03	2.344228815319923e-03
1706	2.272499179834742e-03	2.290867652767772e-03
1708	2.237723925116453e-03	2.238721138568340e-03
1709	2.155712961005252e-03	2.187761623949552e-03
1716	2.111868951955365e-03	2.137962089502233e-03
1723	2.086299356974020e-03	2.089296130854039e-03
1758	2.036076855715940e-03	2.041737944669530e-03
1768	1.982176016236958e-03	1.995262314968879e-03
1797	1.938486663324746e-03	1.949844599758046e-03
1805	1.898937357473041e-03	1.905460717963246e-03
1813	1.859587125530027e-03	1.862087136662868e-03
1855	1.819279484650438e-03	1.819700858609983e-03
1880	1.776627197051406e-03	1.778279410038923e-03
1904	1.694016591211822e-03	1.698243652461744e-03
1926	1.659289892105842e-03	1.659586907437561e-03
2312	1.613002169638333e-03	1.621810097358930e-03
2341	1.562487101673282e-03	1.584893192461114e-03
2348	1.528419742202525e-03	1.548816618912481e-03
2386	1.505505262115348e-03	1.513561248436209e-03
2408	1.474773543337915e-03	1.479108388168207e-03
2420	1.412147501938965e-03	1.412537544622754e-03
2457	1.371955389860791e-03	1.380384264602885e-03
2490	1.338828747264542e-03	1.348962882591653e-03
2552	1.313241409843791e-03	1.318256738556408e-03
2571	1.280586092512692e-03	1.288249551693134e-03
2604	1.256258721710979e-03	1.258925411794167e-03
2624	1.209823077044425e-03	1.230268770812381e-03
2625	1.179506432505084e-03	1.202264434617413e-03
2634	1.174893506900698e-03	1.174897554939529e-03
2661	1.139640697040978e-03	1.148153621496883e-03
2678	1.086525750660039e-03	1.096478196143185e-03
3230	1.069354315217041e-03	1.071519305237606e-03
3272	1.012467276379270e-03	1.023292992280754e-03
3290	9.893405193646121e-04	1.000000000000000e-03
3299	9.771115898307148e-04	9.772372209558111e-04
3357	9.507185630635018e-04	9.549925860214359e-04
3368	9.285381323619335e-04	9.332543007969915e-04
3386	9.088034085373842e-04	9.120108393559096e-04
3392	8.856615705621351e-04	8.912509381337459e-04
3404	8.690630168833868e-04	8.709635899560805e-04
3444	8.443211447370924e-04	8.511380382023768e-04
3474	8.291451100662650e-04	8.317637711026709e-04
3485	8.113599752951339e-04	8.128305161640995e-04
3518	7.942008343554408e-04	7.943282347242813e-04
3543	7.736043583826957e-04	7.762471166286919e-04
3576	7.579529498845661e-04	7.585775750291835e-04
4367	7.399741707597718e-04	7.413102413009177e-04
4388	7.243749276713007e-04	7.244359600749898e-04
4412	7.046448096080793e-04	7.079457843841380e-04
4417	6.905685411039419e-04	6.918309709189362e-04
4438	6.746022252228645e-04	6.760829753919819e-04
4480	6.442117942662140e-04	6.456542290346556e-04
4524	6.252826403655432e-04	6.309573444801930e-04
4531	6.161287249903946e-04	6.165950018614823e-04
4569	5.982720819954768e-04	6.025595860743575e-04
4578	5.883280812034597e-04	5.888436553555889e-04
4622	5.692624612249064e-04	5.754399373371566e-04
4649	5.612222664940214e-04	5.623413251903491e-04
4687	5.494037815837460e-04	5.495408738576248e-04
4747	5.361552244109724e-04	5.370317963702527e-04
4805	5.093118687572451e-04	5.128613839913648e-04
4839	5.010410445822622e-04	5.011872336272725e-04
4881	4.749963667040058e-04	4.786300923226385e-04
4933	4.670004286358997e-04	4.677351412871981e-04
6028	4.521556500546309e-04	4.570881896148752e-04
6037	4.447572511203646e-04	4.466835921509630e-04
6065	4.364896155230058e-04	4.365158322401661e-04
6099	4.238649861237898e-04	4.265795188015926e-04
6119	4.166528143472181e-04	4.168693834703355e-04
6138	4.061993820627663e-04	4.073802778041126e-04
6191	3.969029462959073e-04	3.981071705534974e-04
6211	3.888795432946957e-04	3.890451449942805e-04
6251	3.797127936550071e-04	3.801893963205612e-04
6363	3.709324874361375e-04	3.715352290971724e-04
6398	3.630507394548621e-04	3.630780547701014e-04
6446	3.541413798697768e-04	3.548133892335753e-04
6487	3.452991734796962e-04	3.467368504525317e-04
6489	3.328695823082706e-04	3.388441561392024e-04
6511	3.309539233996572e-04	3.311311214825911e-04
6552	3.235318598320269e-04	3.235936569296281e-04
8184	3.157544617098385e-04	3.162277660168379e-04
8224	3.081730193189580e-04	3.090295432513592e-04
8254	3.015122319057761e-04	3.019951720402016e-04
8255	2.923049707529435e-04	2.951209226666387e-04
8297	2.846418560076280e-04	2.884031503126605e-04
8338	2.817162342517721e-04	2.818382931264455e-04
8378	2.751044541164926e-04	2.754228703338166e-04
8422	2.691123962464959e-04	2.691534803926917e-04
8460	2.624276957915450e-04	2.630267991895381e-04
8492	2.567394230703623e-04	2.570395782768865e-04
8533	2.511603135406659e-04	2.511886431509580e-04
8582	2.453019793470235e-04	2.454708915685031e-04
8627	2.396008824351314e-04	2.398832919019490e-04
8713	2.336297805917154e-04	2.344228815319923e-04
8772	2.261046558438284e-04	2.290867652767772e-04
8799	2.237629382481066e-04	2.238721138568340e-04
8875	2.183210896625765e-04	2.187761623949552e-04
8909	2.136342587834017e-04	2.137962089502232e-04
11057	2.088862703296668e-04	2.089296130854039e-04
11092	2.041675228136031e-04	2.041737944669530e-04
11146	1.988646818011919e-04	1.995262314968879e-04
11180	1.942746372469717e-04	1.949844599758046e-04
11223	1.905409526509194e-04	1.905460717963246e-04
11276	1.861001101559623e-04	1.862087136662868e-04
11338	1.815820087812670e-04	1.819700858609983e-04
11400	1.772082770759020e-04	1.778279410038923e-04
11457	1.736953221874726e-04	1.737800828749376e-04
11504	1.696824889824144e-04	1.698243652461744e-04
11576	1.659102250795019e-04	1.659586907437562e-04
11647	1.611749104303284e-04	1.621810097358930e-04
11706	1.584456354084551e-04	1.584893192461114e-04
11774	1.546684056586978e-04	1.548816618912481e-04
11822	1.512574511178810e-04	1.513561248436209e-04
11902	1.478312370645218e-04	1.479108388168207e-04
11949	1.444614544156009e-04	1.445439770745928e-04
11997	1.412126496993515e-04	1.412537544622754e-04
14992	1.380358484877053e-04	1.380384264602885e-04
15064	1.347710800755353e-04	1.348962882591653e-04
15158	1.317235091976565e-04	1.318256738556407e-04
15235	1.285634728177554e-04	1.288249551693134e-04
15296	1.258751750554676e-04	1.258925411794167e-04
15411	1.230080568828118e-04	1.230268770812381e-04
15499	1.202207619369622e-04	1.202264434617413e-04
15558	1.174007186298676e-04	1.174897554939529e-04
15666	1.147452481625733e-04	1.148153621496883e-04
15745	1.121896126331512e-04	1.122018454301963e-04
15839	1.091615365067522e-04	1.096478196143185e-04
15900	1.071153569577321e-04	1.071519305237606e-04
16057	1.046521546933521e-04	1.047128548050900e-04
16172	1.022953799595383e-04	1.023292992280754e-04
16265	9.996033887282874e-05	1.000000000000000e-04
20415	9.758109582425067e-05	9.772372209558111e-05
20525	9.544184481735662e-05	9.549925860214369e-05
20593	9.322792805221969e-05	9.332543007969905e-05
20664	9.118387792406146e-05	9.120108393559096e-05
20819	8.909134783308126e-05	8.912509381337459e-05
20923	8.708064705054142e-05	8.709635899560814e-05
21092	8.506494439264323e-05	8.511380382023759e-05
21284	8.308324303774040e-05	8.317637711026709e-05
21380	8.120739043859793e-05	8.128305161640995e-05
21519	7.941047030801673e-05	7.943282347242822e-05
21690	7.762021203283620e-05	7.762471166286911e-05
21826	7.585659509301568e-05	7.585775750291836e-05
27493	7.409422111415154e-05	7.413102413009176e-05
27623	7.238239678541980e-05	7.244359600749906e-05
27712	7.078396699466971e-05	7.079457843841373e-05
27867	6.917047198395920e-05	6.918309709189363e-05
28014	6.760732366473121e-05	6.760829753919819e-05
28154	6.603821629047602e-05	6.606934480075965e-05
28354	6.453774916936883e-05	6.456542290346549e-05
28474	6.306418323154261e-05	6.309573444801929e-05
28647	6.165935835200642e-05	6.165950018614822e-05
28775	6.024407841631607e-05	6.025595860743581e-05
28933	5.888265489362166e-05	5.888436553555884e-05
29158	5.754304750826833e-05	5.754399373371566e-05
36614	5.622708956776190e-05	5.623413251903491e-05
36759	5.494536175898457e-05	5.495408738576248e-05
36962	5.365675619073418e-05	5.370317963702532e-05
37114	5.246594885011113e-05	5.248074602497723e-05
37353	5.127820499739588e-05	5.128613839913648e-05
37517	5.000791603715360e-05	5.011872336272725e-05
37728	4.897025050165649e-05	4.897788193684466e-05
37943	4.786112449284285e-05	4.786300923226380e-05
38304	4.676298974171100e-05	4.677351412871981e-05
38508	4.565550703872212e-05	4.570881896148752e-05
38734	4.466236371891696e-05	4.466835921509635e-05
39061	4.365001907469246e-05	4.365158322401657e-05
39316	4.264623150140867e-05	4.265795188015926e-05
39625	4.165647581122478e-05	4.168693834703355e-05
40003	4.073134654147825e-05	4.073802778041130e-05
40341	3.980397368352762e-05	3.981071705534969e-05
40603	3.889550764446525e-05	3.890451449942805e-05
41011	3.801623625498962e-05	3.801893963205612e-05
41330	3.714570368162917e-05	3.715352290971728e-05
41731	3.630314006863866e-05	3.630780547701010e-05
42124	3.547945799942109e-05	3.548133892335753e-05
42526	3.466010129904440e-05	3.467368504525317e-05
42913	3.388374938528838e-05	3.388441561392028e-05
43330	3.311232539304765e-05	3.311311214825908e-05
43843	3.235883009289342e-05	3.235936569296281e-05
44404	3.161856878131086e-05	3.162277660168380e-05
44912	3.090037449116068e-05	3.090295432513592e-05
45414	3.019629162270832e-05	3.019951720402019e-05
45792	2.950848694815988e-05	2.951209226666384e-05
46298	2.883465457104162e-05	2.884031503126606e-05
46876	2.818288894534948e-05	2.818382931264455e-05
47356	2.754226875512078e-05	2.754228703338169e-05
48039	2.690315371911556e-05	2.691534803926914e-05
48646	2.630161530314812e-05	2.630267991895381e-05
49323	2.556908589734785e-05	2.570395782768864e-05
49816	2.511884374090112e-05	2.511886431509582e-05
50254	2.446450944681988e-05	2.454708915685029e-05
50793	2.398455293106672e-05	2.398832919019490e-05
51404	2.341086746937560e-05	2.344228815319923e-05
52120	2.290734896337465e-05	2.290867652767775e-05
52863	2.238678152510776e-05	2.238721138568338e-05
53632	2.187698622635459e-05	2.187761623949552e-05
54530	2.137726841378029e-05	2.137962089502232e-05
55391	2.088626855845099e-05	2.089296130854041e-05
56069	2.041661584850640e-05	2.041737944669527e-05
58536	1.995234428442405e-05	1.995262314968879e-05
59257	1.947722993911327e-05	1.949844599758046e-05
59960	1.904665254737203e-05	1.905460717963248e-05
60683	1.860775782958068e-05	1.862087136662866e-05
61444	1.819687681270388e-05	1.819700858609983e-05
62147	1.778266738772238e-05	1.778279410038923e-05
63013	1.737770059551114e-05	1.737800828749376e-05
63874	1.698239293890236e-05	1.698243652461746e-05
64721	1.659567933176564e-05	1.659586907437560e-05
65632	1.621449711641798e-05	1.621810097358930e-05
66781	1.584813583743738e-05	1.584893192461114e-05
67659	1.548758905467462e-05	1.548816618912483e-05
68650	1.513555026644298e-05	1.513561248436207e-05
69855	1.478956068301507e-05	1.479108388168207e-05
71094	1.445363863428195e-05	1.445439770745928e-05
72515	1.411527476502528e-05	1.412537544622755e-05
73779	1.380373919379618e-05	1.380384264602884e-05
75041	1.348951728841197e-05	1.348962882591653e-05
76642	1.318212285317255e-05	1.318256738556407e-05
77932	1.288189563386499e-05	1.288249551693135e-05
79636	1.258839005668921e-05	1.258925411794166e-05
81515	1.230267303187205e-05	1.230268770812381e-05
82716	1.202019708512747e-05	1.202264434617413e-05
84408	1.174400275016918e-05	1.174897554939530e-05
86595	1.148141488371834e-05	1.148153621496882e-05
89038	1.122017976151746e-05	1.122018454301963e-05
91663	1.096472608796972e-05	1.096478196143185e-05
94453	1.071483085623992e-05	1.071519305237607e-05
97349	1.047120152464220e-05	1.047128548050899e-05
100513	1.023289719159770e-05	1.023292992280754e-05
104278	9.999827640827519e-06	1.000000000000000e-05
108496	9.770798426123051e-06	9.772372209558111e-06
112936	9.549680419662643e-06	9.549925860214369e-06
118162	9.332352658986132e-06	9.332543007969906e-06
123887	9.120013101049373e-06	9.120108393559096e-06
130456	8.912503093316815e-06	8.912509381337459e-06
137697	8.706030550698074e-06	8.709635899560814e-06
146503	8.511299341984468e-06	8.511380382023760e-06
157132	8.317550177383559e-06	8.317637711026709e-06
157401	8.118646182997402e-06	8.128305161640995e-06
169475	7.943260543208375e-06	7.943282347242822e-06
180000	7.815583784598346e-06	7.943282347242822e-06
%
% index = 1207, name = bbob_f006_i17_d03__bbob_f020_i18_d03
% instance = 8, reference value = 9.041515908863880e-01
% function evaluation | indicator value | target hit
1	1.400259229219638e+03	1.412537544622754e+03
7	1.267682981236388e+00	1.288249551693134e+00
32	1.150977576321388e+00	1.174897554939530e+00
83	1.134409642405888e+00	1.148153621496883e+00
161	7.958285636769550e-01	8.128305161640993e-01
198	7.941667357918061e-01	7.943282347242815e-01
255	7.496401220283806e-01	7.585775750291838e-01
266	6.653049973065170e-01	6.760829753919817e-01
294	6.605328849160723e-01	6.606934480075960e-01
329	6.302551628412547e-01	6.309573444801932e-01
354	4.857433836950995e-01	4.897788193684462e-01
463	4.776288988682545e-01	4.786300923226383e-01
508	3.405443343727602e-01	3.467368504525316e-01
537	3.255021459308793e-01	3.311311214825911e-01
635	3.230227762095522e-01	3.235936569296283e-01
841	1.624281894619978e-01	1.659586907437560e-01
926	1.263554359618428e-01	1.288249551693134e-01
1017	8.604741092644985e-02	8.709635899560805e-02
3266	4.621323756146134e-02	4.677351412871981e-02
5042	2.839800798014380e-02	2.884031503126606e-02
5486	2.812909009197695e-02	2.818382931264454e-02
8031	2.373230138423699e-02	2.398832919019490e-02
13661	2.159682827638154e-02	2.187761623949553e-02
13741	1.450490640527968e-02	1.479108388168207e-02
14292	1.124544315726661e-02	1.148153621496883e-02
15902	1.121777917858513e-02	1.122018454301964e-02
19942	1.056385218793199e-02	1.071519305237606e-02
21025	8.607063106874646e-03	8.709635899560805e-03
22092	8.327803668490397e-03	8.511380382023767e-03
23151	8.317544374885633e-03	8.317637711026709e-03
24632	8.122919740602752e-03	8.128305161640995e-03
26721	6.802769420650612e-03	6.918309709189363e-03
27464	6.524053618803594e-03	6.606934480075957e-03
28960	5.787145341286326e-03	5.888436553555890e-03
41759	5.754308786457440e-03	5.754399373371567e-03
50573	5.565207693786101e-03	5.623413251903491e-03
180000	5.534431664752093e-03	5.623413251903491e-03
%
% index = 1208, name = bbob_f006_i19_d03__bbob_f020_i21_d03
% instance = 9, reference value = 9.482299311977330e-01
% function evaluation | indicator value | target hit
1	9.340006868153922e+01	9.549925860214358e+01
9	2.757070380813059e+01	2.818382931264453e+01
17	2.528487860423189e+01	2.570395782768863e+01
20	2.314575196517968e+01	2.344228815319923e+01
29	5.193342217126779e+00	5.248074602497725e+00
64	2.624950010320466e+00	2.630267991895382e+00
84	1.191077249999733e+00	1.202264434617413e+00
95	7.824543237776329e-01	7.943282347242815e-01
97	5.387388152315142e-01	5.495408738576245e-01
106	2.495118630597994e-01	2.511886431509580e-01
118	1.955014937767577e-01	1.995262314968880e-01
164	1.793632290778260e-01	1.819700858609984e-01
167	1.748872454186630e-01	1.778279410038923e-01
200	1.714271959770978e-01	1.737800828749375e-01
207	1.210717712004857e-01	1.230268770812381e-01
228	1.077028500559530e-01	1.096478196143185e-01
236	9.610268971982883e-02	9.772372209558107e-02
250	9.027722772439195e-02	9.120108393559097e-02
314	8.697627683829068e-02	8.709635899560805e-02
337	7.409031224877749e-02	7.413102413009177e-02
404	7.206769468674734e-02	7.244359600749903e-02
467	6.712449300821599e-02	6.760829753919818e-02
470	6.432073151898221e-02	6.456542290346556e-02
482	6.285298007414919e-02	6.309573444801933e-02
493	6.105790415951773e-02	6.165950018614822e-02
501	5.625312794062631e-02	5.754399373371569e-02
511	5.614969885827914e-02	5.623413251903491e-02
525	3.894787567762870e-02	3.981071705534973e-02
531	3.840614431631717e-02	3.890451449942807e-02
545	3.762611465300369e-02	3.801893963205612e-02
583	3.612948690390350e-02	3.630780547701014e-02
587	3.491935513470923e-02	3.548133892335755e-02
739	3.458884063250889e-02	3.467368504525317e-02
758	2.439728054523216e-02	2.454708915685030e-02
769	2.348817499051670e-02	2.398832919019490e-02
792	2.343884540402064e-02	2.344228815319923e-02
877	2.290851440147401e-02	2.290867652767773e-02
920	2.237708817862516e-02	2.238721138568340e-02
958	2.184624747170538e-02	2.187761623949553e-02
1020	2.136593592403513e-02	2.137962089502233e-02
1039	2.089063232398669e-02	2.089296130854040e-02
1054	2.003822442765024e-02	2.041737944669529e-02
1077	1.994615614005035e-02	1.995262314968880e-02
1085	1.933494480802522e-02	1.949844599758046e-02
1116	1.904930465782173e-02	1.905460717963247e-02
1466	1.844460181039775e-02	1.862087136662868e-02
1491	1.813158495983413e-02	1.819700858609984e-02
1557	1.763668440969157e-02	1.778279410038923e-02
1647	1.736109858087165e-02	1.737800828749375e-02
1650	1.695217198940657e-02	1.698243652461744e-02
1708	1.659193838541173e-02	1.659586907437561e-02
1730	1.476506125804555e-02	1.479108388168207e-02
1808	1.418257448945159e-02	1.445439770745927e-02
1810	1.400715434107958e-02	1.412537544622754e-02
2367	1.376273533206696e-02	1.380384264602885e-02
2530	1.313025285243175e-02	1.318256738556407e-02
2539	1.280486177569584e-02	1.288249551693134e-02
2607	1.256010805369479e-02	1.258925411794167e-02
2707	1.215584544664672e-02	1.230268770812382e-02
3536	1.191048125359606e-02	1.202264434617413e-02
3674	1.173124403405612e-02	1.174897554939530e-02
3822	1.147369592496805e-02	1.148153621496883e-02
5030	1.110315956439900e-02	1.122018454301964e-02
5070	1.094389837423770e-02	1.096478196143185e-02
5277	1.009180516842112e-02	1.023292992280754e-02
5297	9.932902055406534e-03	1.000000000000000e-02
7185	9.771726715925966e-03	9.772372209558112e-03
7539	8.029129242764554e-03	8.128305161640995e-03
9869	7.895439842018570e-03	7.943282347242814e-03
10429	7.761609051060381e-03	7.762471166286920e-03
14397	5.533776941121449e-03	5.623413251903491e-03
18863	5.495407438035116e-03	5.495408738576248e-03
19459	5.350176186465272e-03	5.370317963702527e-03
26459	5.240263843079185e-03	5.248074602497728e-03
28691	5.124447511198116e-03	5.128613839913648e-03
30714	5.010375162687319e-03	5.011872336272725e-03
30884	4.772716168813917e-03	4.786300923226385e-03
32013	4.536717212801800e-03	4.570881896148752e-03
32696	2.904974004398819e-03	2.951209226666387e-03
33754	2.882847200028071e-03	2.884031503126605e-03
35682	2.818372304668637e-03	2.818382931264455e-03
36421	2.730625621714111e-03	2.754228703338166e-03
36887	2.655186679263344e-03	2.691534803926917e-03
37679	2.613434699356487e-03	2.630267991895381e-03
38343	2.568668453874046e-03	2.570395782768865e-03
40163	2.421973996666216e-03	2.454708915685031e-03
42198	2.398631905882520e-03	2.398832919019490e-03
44622	2.330071990211180e-03	2.344228815319923e-03
50585	2.290680344849361e-03	2.290867652767772e-03
52192	2.213472479011713e-03	2.238721138568340e-03
52970	2.182852769607391e-03	2.187761623949552e-03
58232	2.136567830217095e-03	2.137962089502233e-03
64065	2.056842327707087e-03	2.089296130854039e-03
64979	2.035283874708416e-03	2.041737944669530e-03
69375	1.993261308348537e-03	1.995262314968879e-03
74635	1.945367221223737e-03	1.949844599758046e-03
77120	1.899387630905691e-03	1.905460717963246e-03
79197	1.859948900080677e-03	1.862087136662868e-03
82341	1.816708010104917e-03	1.819700858609983e-03
93806	1.761718607118712e-03	1.778279410038923e-03
101912	1.666335238813432e-03	1.698243652461744e-03
103082	1.655413780452419e-03	1.659586907437561e-03
108054	1.021043527090648e-03	1.023292992280754e-03
111930	9.981910442126152e-04	1.000000000000000e-03
114069	9.433128007000358e-04	9.549925860214359e-04
114076	8.381388399574252e-04	8.511380382023768e-04
116232	8.317636916499449e-04	8.317637711026709e-04
122032	8.088437523988690e-04	8.128305161640995e-04
125358	7.942972708080420e-04	7.943282347242813e-04
126839	7.587713760007775e-04	7.762471166286919e-04
127295	7.577001346231738e-04	7.585775750291835e-04
130750	7.386367097915736e-04	7.413102413009177e-04
134324	7.236099790296491e-04	7.244359600749898e-04
137257	7.044459860516827e-04	7.079457843841380e-04
141342	6.802337959087579e-04	6.918309709189362e-04
142550	6.724505918999091e-04	6.760829753919819e-04
142749	5.902489897881003e-04	6.025595860743575e-04
143150	5.876436685418041e-04	5.888436553555889e-04
148036	5.750427902162514e-04	5.754399373371566e-04
149581	5.614502998050330e-04	5.623413251903491e-04
154036	5.477756380073417e-04	5.495408738576248e-04
158458	5.301712797429747e-04	5.370317963702527e-04
158601	5.214411640448446e-04	5.248074602497728e-04
163776	5.128133831444615e-04	5.128613839913648e-04
167048	3.866968017403050e-04	3.890451449942805e-04
167433	3.801777141949625e-04	3.801893963205612e-04
167752	3.599631029299610e-04	3.630780547701014e-04
169534	3.547407974212602e-04	3.548133892335753e-04
172252	3.399429150403588e-04	3.467368504525317e-04
172507	3.387509475089034e-04	3.388441561392024e-04
174813	3.277278742422896e-04	3.311311214825911e-04
177049	3.229234366648459e-04	3.235936569296281e-04
180000	3.201123478520085e-04	3.235936569296281e-04
%
% index = 1209, name = bbob_f006_i21_d03__bbob_f020_i22_d03
% instance = 10, reference value = 7.924233752448800e-01
% function evaluation | indicator value | target hit
1	1.315406375252091e+03	1.318256738556408e+03
9	2.439048286733859e+02	2.454708915685031e+02
89	1.878388400588084e+02	1.905460717963246e+02
101	1.030732869012574e+02	1.047128548050900e+02
120	7.647215040236138e+01	7.762471166286916e+01
216	7.670684403694122e-01	7.762471166286917e-01
257	4.641568820962557e-01	4.677351412871982e-01
346	4.322639590439491e-01	4.365158322401660e-01
350	3.268820822684256e-01	3.311311214825911e-01
417	3.235189712621232e-01	3.235936569296283e-01
427	3.106407096581438e-01	3.162277660168379e-01
435	3.008618931088733e-01	3.019951720402016e-01
437	2.883633931530688e-01	2.884031503126606e-01
441	2.694998994234591e-01	2.754228703338166e-01
445	2.623971265145365e-01	2.630267991895382e-01
487	2.524821446872938e-01	2.570395782768864e-01
489	2.496423826799722e-01	2.511886431509580e-01
522	2.443717235363077e-01	2.454708915685030e-01
567	2.136390172944402e-01	2.137962089502232e-01
606	2.085613473366109e-01	2.089296130854039e-01
616	1.955460949234088e-01	1.995262314968880e-01
619	1.949282905440093e-01	1.949844599758045e-01
666	1.891795780483422e-01	1.905460717963247e-01
691	1.830206988248174e-01	1.862087136662867e-01
721	1.808968307624254e-01	1.819700858609984e-01
775	1.442570886354891e-01	1.445439770745928e-01
822	1.404698272190545e-01	1.412537544622754e-01
849	1.372414036218320e-01	1.380384264602885e-01
962	1.342798115059045e-01	1.348962882591654e-01
963	1.254599429103017e-01	1.258925411794167e-01
990	1.003460253920089e-01	1.023292992280754e-01
996	9.992141117266840e-02	1.000000000000000e-01
1069	9.732670421915512e-02	9.772372209558107e-02
1372	8.852387069971712e-02	8.912509381337455e-02
1496	8.693924745607817e-02	8.709635899560805e-02
1928	8.470422337566419e-02	8.511380382023763e-02
2585	8.253035972182288e-02	8.317637711026708e-02
2881	8.126957785158562e-02	8.128305161640990e-02
3569	7.915834223004781e-02	7.943282347242814e-02
4434	7.739636900723601e-02	7.762471166286916e-02
6536	7.538375944502007e-02	7.585775750291836e-02
7712	7.308105572462609e-02	7.413102413009177e-02
11326	6.750634139643596e-02	6.760829753919818e-02
47600	6.416118333951870e-02	6.456542290346556e-02
67324	6.296411011578451e-02	6.309573444801933e-02
83727	6.118459696861989e-02	6.165950018614822e-02
109950	6.018818978606444e-02	6.025595860743578e-02
152976	5.887446436320298e-02	5.888436553555890e-02
180305	5.757518043235654e-02	5.888436553555890e-02
%
% index = 1210, name = bbob_f006_i23_d03__bbob_f020_i24_d03
% instance = 11, reference value = 1.000000000000000e+00
% function evaluation | indicator value | target hit
1	5.888203251254078e-01	5.888436553555889e-01
18	5.540917470634770e-01	5.623413251903491e-01
24	2.262488911045328e-01	2.290867652767773e-01
31	2.020855392058815e-01	2.041737944669530e-01
40	1.594317080085078e-01	1.621810097358930e-01
48	1.547475158990795e-01	1.548816618912481e-01
71	1.928214398448325e-02	1.949844599758046e-02
84	1.902093803576332e-02	1.905460717963247e-02
109	1.576441265368878e-02	1.584893192461113e-02
168	1.544309805133559e-02	1.548816618912481e-02
173	1.148110358490739e-02	1.148153621496883e-02
193	1.014864562503348e-02	1.023292992280754e-02
215	1.488182443145747e-03	1.513561248436209e-03
235	1.173040969674188e-03	1.174897554939529e-03
236	1.127763792691527e-03	1.148153621496883e-03
237	9.826711248555053e-04	1.000000000000000e-03
250	8.334894124939485e-04	8.511380382023768e-04
269	8.295881130850891e-04	8.317637711026709e-04
272	5.367415712054235e-04	5.370317963702527e-04
273	5.004333774762948e-04	5.011872336272725e-04
274	2.542072371967130e-04	2.570395782768865e-04
315	2.357542353577102e-04	2.398832919019490e-04
325	2.271631719130696e-04	2.290867652767772e-04
374	1.907917518156887e-04	1.949844599758046e-04
380	1.649071678212488e-04	1.659586907437562e-04
405	1.328584123602150e-04	1.348962882591653e-04
432	1.305151869387400e-04	1.318256738556407e-04
470	1.273895158827587e-04	1.288249551693134e-04
549	1.258805342054803e-04	1.258925411794167e-04
604	1.192296391747671e-04	1.202264434617413e-04
641	1.116810448655858e-04	1.122018454301963e-04
904	1.092454177834545e-04	1.096478196143185e-04
1533	1.070587240296073e-04	1.071519305237606e-04
2968	1.046828495642194e-04	1.047128548050900e-04
12332	1.021327062541433e-04	1.023292992280754e-04
32787	9.648461097722105e-05	9.772372209558111e-05
69412	9.477248687106421e-05	9.549925860214369e-05
180000	9.471316752251990e-05	9.549925860214369e-05
%
% index = 1211, name = bbob_f006_i25_d03__bbob_f020_i26_d03
% instance = 12, reference value = 1.000000000000000e+00
% function evaluation | indicator value | target hit
1	3.751944429049885e+02	3.801893963205613e+02
11	6.065230189556725e+00	6.165950018614822e+00
21	9.376188122010656e-01	9.549925860214360e-01
57	7.875071249991279e-01	7.943282347242815e-01
89	7.495864647692740e-01	7.585775750291838e-01
100	7.102739453323176e-01	7.244359600749900e-01
107	5.730746411033082e-01	5.754399373371569e-01
132	4.754542275570537e-01	4.786300923226383e-01
166	3.625692559987861e-01	3.630780547701014e-01
177	2.772286266199540e-01	2.818382931264454e-01
178	2.752099982028611e-01	2.754228703338166e-01
193	2.665112287898560e-01	2.691534803926916e-01
278	2.005376107077966e-01	2.041737944669530e-01
354	1.916075734741467e-01	1.949844599758045e-01
367	1.855251553090858e-01	1.862087136662867e-01
441	1.814958291897820e-01	1.819700858609984e-01
482	1.507253424672164e-01	1.513561248436208e-01
589	1.261742454703866e-01	1.288249551693134e-01
601	1.164113060597201e-01	1.174897554939529e-01
650	1.141698817979236e-01	1.148153621496883e-01
685	1.102987905494661e-01	1.122018454301964e-01
733	1.093905749713788e-01	1.096478196143185e-01
751	1.016359803718155e-01	1.023292992280754e-01
905	9.604298897970831e-02	9.772372209558107e-02
926	9.511282491965467e-02	9.549925860214359e-02
958	7.523114568521183e-02	7.585775750291836e-02
998	7.293303985632837e-02	7.413102413009177e-02
1005	7.099639335090213e-02	7.244359600749903e-02
1093	7.075234822879406e-02	7.079457843841380e-02
1172	6.913661611127964e-02	6.918309709189366e-02
1194	6.616773396725073e-02	6.760829753919818e-02
1199	6.531868153020204e-02	6.606934480075961e-02
1337	6.316875103547481e-02	6.456542290346556e-02
1403	6.273785419433131e-02	6.309573444801933e-02
1449	5.884522097393052e-02	5.888436553555890e-02
1513	5.333523963603959e-02	5.370317963702527e-02
1518	5.231879168381715e-02	5.248074602497726e-02
1582	5.127762288465199e-02	5.128613839913648e-02
1651	5.001331638369688e-02	5.011872336272722e-02
1917	4.873162654496987e-02	4.897788193684462e-02
1954	4.762401011484185e-02	4.786300923226382e-02
1966	4.676157115274171e-02	4.677351412871981e-02
2010	4.568099508275203e-02	4.570881896148749e-02
2380	4.466021205281090e-02	4.466835921509630e-02
2468	4.364982282346164e-02	4.365158322401658e-02
2566	4.252506427398506e-02	4.265795188015926e-02
3071	4.168065673688159e-02	4.168693834703355e-02
3808	4.073755625814213e-02	4.073802778041128e-02
5098	3.977001033853311e-02	3.981071705534973e-02
6894	3.890065436998091e-02	3.890451449942807e-02
9748	3.797611185164129e-02	3.801893963205612e-02
18195	3.713932490852689e-02	3.715352290971726e-02
180000	3.636999672828944e-02	3.715352290971726e-02
%
% index = 1212, name = bbob_f006_i27_d03__bbob_f020_i28_d03
% instance = 13, reference value = 1.000000000000000e+00
% function evaluation | indicator value | target hit
1	9.371223595776257e+01	9.549925860214358e+01
20	7.689793522159107e+01	7.762471166286916e+01
28	6.902007397737169e-01	6.918309709189365e-01
318	4.806568829564865e-01	4.897788193684462e-01
337	4.786204169885973e-01	4.786300923226383e-01
418	3.285655199638398e-01	3.311311214825911e-01
473	1.001028779007130e-01	1.023292992280754e-01
476	8.910702845835972e-02	8.912509381337455e-02
564	8.309326566589248e-02	8.317637711026708e-02
584	7.853918360308898e-02	7.943282347242814e-02
623	7.489858961564388e-02	7.585775750291836e-02
624	7.317084201329327e-02	7.413102413009177e-02
659	6.138227379080941e-02	6.165950018614822e-02
708	5.991938833613752e-02	6.025595860743578e-02
718	5.777899650580520e-02	5.888436553555890e-02
725	5.648530464733770e-02	5.754399373371569e-02
744	5.265912483586888e-02	5.370317963702527e-02
750	5.235872617593551e-02	5.248074602497726e-02
760	4.935740907223229e-02	5.011872336272722e-02
761	4.485956912181344e-02	4.570881896148749e-02
763	4.455717373354262e-02	4.466835921509630e-02
768	4.262555029528470e-02	4.265795188015926e-02
825	4.085075020853668e-02	4.168693834703355e-02
835	3.866495771931910e-02	3.890451449942807e-02
849	3.504207731988951e-02	3.548133892335755e-02
909	2.651499434926208e-02	2.691534803926915e-02
986	2.628605308945575e-02	2.630267991895381e-02
1079	2.251732579233989e-02	2.290867652767773e-02
1174	2.238251574935346e-02	2.238721138568340e-02
1193	2.170178415486079e-02	2.187761623949553e-02
1218	1.840149094726296e-02	1.862087136662868e-02
1265	1.817723757795409e-02	1.819700858609984e-02
1269	1.704253521198651e-02	1.737800828749375e-02
1306	1.697687795223979e-02	1.698243652461744e-02
1368	1.651512378718478e-02	1.659586907437561e-02
1454	1.478261975793949e-02	1.479108388168207e-02
1529	1.411942821027090e-02	1.412537544622754e-02
1549	1.130314877863015e-02	1.148153621496883e-02
1552	1.119489350643854e-02	1.122018454301964e-02
1803	1.096436806436030e-02	1.096478196143185e-02
2211	1.062762012548935e-02	1.071519305237606e-02
2286	1.046550378782851e-02	1.047128548050900e-02
3806	1.019850641693731e-02	1.023292992280754e-02
6786	9.998796288866019e-03	1.000000000000000e-02
10131	9.769965935944591e-03	9.772372209558112e-03
13901	9.539822316694369e-03	9.549925860214359e-03
37051	9.329907401155801e-03	9.332543007969915e-03
95585	9.102007441506910e-03	9.120108393559097e-03
106027	8.873409894188833e-03	8.912509381337459e-03
176461	8.707656440143596e-03	8.709635899560805e-03
182556	8.706585998627503e-03	8.709635899560805e-03
%
% index = 1213, name = bbob_f006_i29_d03__bbob_f020_i30_d03
% instance = 14, reference value = 1.000000000000000e+00
% function evaluation | indicator value | target hit
1	2.481319701278629e+00	2.511886431509580e+00
99	1.102894208372500e+00	1.122018454301963e+00
145	7.545251100760476e-01	7.585775750291838e-01
157	1.982108476148335e-01	1.995262314968880e-01
166	1.424307748506813e-01	1.445439770745928e-01
170	1.373506695504333e-01	1.380384264602885e-01
195	9.202100427932469e-02	9.332543007969910e-02
206	3.685812084704976e-03	3.715352290971724e-03
282	2.688303999361485e-03	2.691534803926917e-03
323	2.052635119014989e-03	2.089296130854039e-03
334	1.852476122520152e-03	1.862087136662868e-03
340	1.769497030704392e-03	1.778279410038923e-03
367	1.296279658115185e-03	1.318256738556408e-03
449	1.279466880601099e-03	1.288249551693134e-03
474	1.232993172460395e-03	1.258925411794167e-03
513	1.176381701063156e-03	1.202264434617413e-03
579	1.120830280258778e-03	1.122018454301963e-03
680	1.081891935818646e-03	1.096478196143185e-03
777	1.061989947640618e-03	1.071519305237606e-03
793	1.045138398275913e-03	1.047128548050900e-03
983	1.013798966819079e-03	1.023292992280754e-03
1010	9.930258781761792e-04	1.000000000000000e-03
1210	9.741328556753803e-04	9.772372209558111e-04
1217	8.203139539527671e-04	8.317637711026709e-04
1244	8.013385370203574e-04	8.128305161640995e-04
1595	7.621446252478181e-04	7.762471166286919e-04
1648	7.496820368615431e-04	7.585775750291835e-04
2062	7.382605724552960e-04	7.413102413009177e-04
2534	7.098424607305809e-04	7.244359600749898e-04
2589	7.011992300171022e-04	7.079457843841380e-04
3301	6.897215502512655e-04	6.918309709189362e-04
6599	6.745602459008460e-04	6.760829753919819e-04
18143	6.572778508368016e-04	6.606934480075957e-04
37480	6.441004572322884e-04	6.456542290346556e-04
109250	5.987791055452885e-04	6.025595860743575e-04
133602	5.406586135326963e-04	5.495408738576248e-04
162011	5.353934105604141e-04	5.370317963702527e-04
180001	5.338653826191253e-04	5.370317963702527e-04
%
% index = 1214, name = bbob_f006_i31_d03__bbob_f020_i34_d03
% instance = 15, reference value = 1.000000000000000e+00
% function evaluation | indicator value | target hit
1	1.903773596301583e-01	1.905460717963247e-01
6	3.966313236815422e-02	3.981071705534973e-02
45	3.207120967142052e-02	3.235936569296283e-02
53	3.095999391954263e-03	3.162277660168379e-03
75	2.812555671730887e-03	2.818382931264455e-03
83	2.401232853407098e-03	2.454708915685031e-03
135	2.395901990801863e-03	2.398832919019490e-03
136	2.216999281733467e-03	2.238721138568340e-03
150	9.610629373046908e-04	9.772372209558111e-04
250	9.464304209957364e-04	9.549925860214359e-04
260	8.765198694153931e-04	8.912509381337459e-04
268	7.003148070451326e-04	7.079457843841380e-04
323	6.863753841467313e-04	6.918309709189362e-04
361	6.709005720431094e-04	6.760829753919819e-04
362	6.606250013866388e-04	6.606934480075957e-04
398	6.320330308011712e-04	6.456542290346556e-04
413	6.240495324052464e-04	6.309573444801930e-04
443	6.005424522960157e-04	6.025595860743575e-04
557	5.816999810309698e-04	5.888436553555889e-04
562	5.595613454872916e-04	5.623413251903491e-04
635	5.244632929944926e-04	5.248074602497728e-04
718	5.067212031641954e-04	5.128613839913648e-04
721	4.887010073025833e-04	4.897788193684461e-04
919	4.689693594273070e-04	4.786300923226385e-04
958	4.647482610664611e-04	4.677351412871981e-04
1003	4.415104750725707e-04	4.466835921509630e-04
1062	4.314607247464242e-04	4.365158322401661e-04
1169	4.179777713843036e-04	4.265795188015926e-04
1213	4.165430364873046e-04	4.168693834703355e-04
1314	3.763300371770750e-04	3.801893963205612e-04
1560	3.709325945380204e-04	3.715352290971724e-04
1615	3.544750183767098e-04	3.548133892335753e-04
2016	3.467075388280394e-04	3.467368504525317e-04
2686	3.370253056032002e-04	3.388441561392024e-04
2977	3.310220113468265e-04	3.311311214825911e-04
7532	3.235931648958301e-04	3.235936569296281e-04
180001	3.194369234242878e-04	3.235936569296281e-04
