%
% index = 2025, name = bbob_f006_i02_d05__bbob_f020_i04_d05
% instance = 1, reference value = 9.490351944898160e-01
% function evaluation | indicator value | target hit
1	3.992069937629573e+02	4.073802778041126e+02
13	3.586895036506398e+02	3.630780547701014e+02
21	2.693040060798078e+02	2.754228703338166e+02
33	9.063930354321653e+01	9.120108393559097e+01
35	7.859761182301288e+01	7.943282347242814e+01
39	2.085090180184736e+01	2.089296130854040e+01
42	5.658518768127795e+00	5.754399373371569e+00
55	2.587274493509691e+00	2.630267991895382e+00
75	2.287701671804989e+00	2.290867652767773e+00
80	2.096865675388164e+00	2.137962089502232e+00
82	6.650851323882805e-01	6.760829753919817e-01
181	6.598828788336020e-01	6.606934480075960e-01
190	5.929825318778011e-01	6.025595860743578e-01
209	5.029270808883202e-01	5.128613839913648e-01
261	5.010491702166145e-01	5.011872336272722e-01
286	4.018693222846895e-01	4.073802778041127e-01
287	3.839546319312988e-01	3.890451449942806e-01
311	3.741893844200046e-01	3.801893963205612e-01
316	3.505161342395239e-01	3.548133892335755e-01
367	3.463856769342303e-01	3.467368504525316e-01
384	3.289294956086011e-01	3.311311214825911e-01
406	2.009071599593752e-01	2.041737944669530e-01
501	1.993990157840911e-01	1.995262314968880e-01
545	1.946571590180067e-01	1.949844599758045e-01
583	1.823834850053083e-01	1.862087136662867e-01
585	1.811542246226645e-01	1.819700858609984e-01
612	1.772734313575695e-01	1.778279410038923e-01
659	1.721056357404090e-01	1.737800828749375e-01
726	1.684055826402310e-01	1.698243652461744e-01
891	1.657333107493729e-01	1.659586907437560e-01
1142	1.621122940048439e-01	1.621810097358930e-01
1329	1.493266826782071e-01	1.513561248436208e-01
1446	1.478632031492962e-01	1.479108388168208e-01
1477	1.338216458936937e-01	1.348962882591654e-01
1598	8.691714316001298e-02	8.709635899560805e-02
1610	8.505270339919002e-02	8.511380382023763e-02
1720	8.269059946461232e-02	8.317637711026708e-02
1945	6.510369376090130e-02	6.606934480075961e-02
1975	6.418254368397247e-02	6.456542290346556e-02
1986	6.176744201016326e-02	6.309573444801933e-02
2012	6.158700331481215e-02	6.165950018614822e-02
2033	5.978838255254804e-02	6.025595860743578e-02
2335	5.863319628205466e-02	5.888436553555890e-02
2388	5.752014380109827e-02	5.754399373371569e-02
2475	5.327015387755651e-02	5.370317963702527e-02
2560	5.247762648548016e-02	5.248074602497726e-02
3019	5.124969349588604e-02	5.128613839913648e-02
3134	4.578723926406092e-02	4.677351412871981e-02
3174	4.538037109341686e-02	4.570881896148749e-02
3308	4.442642634602312e-02	4.466835921509630e-02
3548	4.358830385671641e-02	4.365158322401658e-02
3558	4.146843375949172e-02	4.168693834703355e-02
3622	3.527153573397601e-02	3.548133892335755e-02
3632	3.388562960327646e-02	3.467368504525317e-02
3638	3.386407773270328e-02	3.388441561392026e-02
3698	3.113655754620792e-02	3.162277660168379e-02
3748	3.089863539890880e-02	3.090295432513590e-02
3958	2.713681645164523e-02	2.754228703338166e-02
4514	2.691238102569649e-02	2.691534803926915e-02
4616	2.173129276661678e-02	2.187761623949553e-02
4654	2.123315116487434e-02	2.137962089502233e-02
5520	2.079248187874672e-02	2.089296130854040e-02
5608	1.885157078210720e-02	1.905460717963247e-02
5772	1.862029944121468e-02	1.862087136662868e-02
7194	1.819425641872097e-02	1.819700858609984e-02
7415	1.744716752804287e-02	1.778279410038923e-02
7572	1.737006066868707e-02	1.737800828749375e-02
9284	1.698194732542879e-02	1.698243652461744e-02
9295	1.467586088235107e-02	1.479108388168207e-02
9483	1.437639587526929e-02	1.445439770745927e-02
10168	1.412464665287305e-02	1.412537544622754e-02
11046	1.373421255065232e-02	1.380384264602885e-02
11732	1.343478057617242e-02	1.348962882591653e-02
12093	1.286420036942526e-02	1.288249551693134e-02
12562	1.258245775427769e-02	1.258925411794167e-02
15085	1.050044966894847e-02	1.071519305237606e-02
15159	1.047000442216006e-02	1.047128548050900e-02
15332	1.023280828697171e-02	1.023292992280754e-02
15936	9.578718333781100e-03	9.772372209558112e-03
16121	9.479043922294483e-03	9.549925860214359e-03
16599	9.329352820295900e-03	9.332543007969915e-03
17210	9.112044066718172e-03	9.120108393559097e-03
20462	8.911893072923172e-03	8.912509381337459e-03
21693	8.702690966507221e-03	8.709635899560805e-03
23071	8.511222469028912e-03	8.511380382023767e-03
23183	7.230331974227622e-03	7.244359600749898e-03
26922	7.078819729623875e-03	7.079457843841380e-03
28000	6.917695655854428e-03	6.918309709189363e-03
29225	6.760827810989523e-03	6.760829753919818e-03
30291	5.737751367658195e-03	5.754399373371567e-03
30776	5.619456565261638e-03	5.623413251903491e-03
36073	5.495406831431016e-03	5.495408738576248e-03
36166	5.356059670892921e-03	5.370317963702527e-03
38199	5.171843144216925e-03	5.248074602497728e-03
39278	5.128558008361317e-03	5.128613839913648e-03
46323	4.692182445939053e-03	4.786300923226385e-03
46437	4.669030455900725e-03	4.677351412871981e-03
47928	4.570841798123948e-03	4.570881896148752e-03
50211	4.422224783876882e-03	4.466835921509630e-03
51678	4.365122204417649e-03	4.365158322401661e-03
53728	4.255825433060134e-03	4.265795188015926e-03
54558	4.167194343260072e-03	4.168693834703355e-03
54810	3.995062973492614e-03	4.073802778041126e-03
55358	3.981069596971754e-03	3.981071705534973e-03
57618	3.874991886338108e-03	3.890451449942805e-03
58943	3.794559681693288e-03	3.801893963205613e-03
61499	3.715196889369055e-03	3.715352290971724e-03
61987	3.315679504124147e-03	3.388441561392024e-03
62273	3.308897937342792e-03	3.311311214825911e-03
64943	3.235920746870069e-03	3.235936569296281e-03
74479	3.161715309579316e-03	3.162277660168379e-03
74982	2.552921036267697e-03	2.570395782768865e-03
76266	2.511852056122366e-03	2.511886431509579e-03
78783	2.452980529905169e-03	2.454708915685031e-03
82039	2.398790683343921e-03	2.398832919019490e-03
85282	2.344221090916698e-03	2.344228815319923e-03
89776	2.290834712697309e-03	2.290867652767772e-03
100439	2.233370326780615e-03	2.238721138568340e-03
104768	2.187323881895020e-03	2.187761623949552e-03
111988	2.137864683599777e-03	2.137962089502233e-03
118911	1.995517639765576e-03	2.041737944669530e-03
118973	1.995142507819181e-03	1.995262314968879e-03
131466	1.949609845815381e-03	1.949844599758046e-03
138792	1.884976888090306e-03	1.905460717963246e-03
144328	1.848316553369478e-03	1.862087136662868e-03
156381	1.819692281324947e-03	1.819700858609983e-03
158275	1.732996080441529e-03	1.737800828749376e-03
172828	1.698226102450073e-03	1.698243652461744e-03
182707	1.659582462566589e-03	1.659586907437561e-03
191599	1.621654508550008e-03	1.621810097358930e-03
203132	1.584848264741812e-03	1.584893192461114e-03
220680	1.548813250143777e-03	1.548816618912481e-03
260252	1.513528181005142e-03	1.513561248436209e-03
299199	1.479107138511848e-03	1.479108388168207e-03
300000	1.478375189391090e-03	1.479108388168207e-03
%
% index = 2026, name = bbob_f006_i03_d05__bbob_f020_i05_d05
% instance = 2, reference value = 9.792221067845570e-01
% function evaluation | indicator value | target hit
1	1.215542883884057e+00	1.230268770812382e+00
3	1.147912282975557e+00	1.148153621496883e+00
5	1.051944191136057e+00	1.071519305237606e+00
25	7.774877167850209e-01	7.943282347242815e-01
43	7.636452113119949e-01	7.762471166286917e-01
100	4.880824113420347e-01	4.897788193684462e-01
123	4.331296880056298e-01	4.365158322401660e-01
158	4.157128894378194e-01	4.168693834703354e-01
197	4.048907625479669e-01	4.073802778041127e-01
213	3.205046685409345e-01	3.235936569296283e-01
227	2.796994998877853e-01	2.818382931264454e-01
229	2.642550752224788e-01	2.691534803926916e-01
232	2.608317960504971e-01	2.630267991895382e-01
235	2.368873185869472e-01	2.398832919019490e-01
249	1.391683453795061e-01	1.412537544622754e-01
262	1.150525284137145e-01	1.174897554939529e-01
279	1.142193928480769e-01	1.148153621496883e-01
280	1.054901562558023e-01	1.071519305237607e-01
308	1.037590507426085e-01	1.047128548050900e-01
350	9.470346624015780e-02	9.549925860214359e-02
359	8.132140573882962e-02	8.317637711026708e-02
363	8.126174296982547e-02	8.128305161640990e-02
392	7.800807777833374e-02	7.943282347242814e-02
447	7.223422521853173e-02	7.244359600749903e-02
467	6.643116394229587e-02	6.760829753919818e-02
489	5.871410365934515e-02	5.888436553555890e-02
507	5.285524620027604e-02	5.370317963702527e-02
545	5.226273011816152e-02	5.248074602497726e-02
567	5.042980820785248e-02	5.128613839913648e-02
584	4.890438190648083e-02	4.897788193684462e-02
598	4.408115076745200e-02	4.466835921509630e-02
641	4.348550196259260e-02	4.365158322401658e-02
669	4.173956204122820e-02	4.265795188015926e-02
682	3.287932716719322e-02	3.311311214825911e-02
726	3.225709338367877e-02	3.235936569296283e-02
728	3.143109624414564e-02	3.162277660168379e-02
736	3.022874267955578e-02	3.090295432513590e-02
757	2.993358799583501e-02	3.019951720402016e-02
780	2.912385916892779e-02	2.951209226666385e-02
788	2.866067675313866e-02	2.884031503126606e-02
946	2.809390125904743e-02	2.818382931264454e-02
955	2.609094495321340e-02	2.630267991895381e-02
960	2.564871741046282e-02	2.570395782768863e-02
1000	2.214803373243301e-02	2.238721138568340e-02
1020	2.170761770887042e-02	2.187761623949553e-02
1027	2.101781067927222e-02	2.137962089502233e-02
1033	2.040322431941854e-02	2.041737944669529e-02
1063	1.994920805263678e-02	1.995262314968880e-02
1082	1.936080937616580e-02	1.949844599758046e-02
1125	1.879382620518799e-02	1.905460717963247e-02
1136	1.780607282473778e-02	1.819700858609984e-02
1141	1.699865775511533e-02	1.737800828749375e-02
1147	1.696644181147822e-02	1.698243652461744e-02
1161	1.637940774076063e-02	1.659586907437561e-02
1175	1.604998412544001e-02	1.621810097358930e-02
1193	1.541409808162764e-02	1.548816618912481e-02
1225	1.505451759281862e-02	1.513561248436208e-02
1249	1.458852145781420e-02	1.479108388168207e-02
1263	1.445429715937507e-02	1.445439770745927e-02
1283	1.392314154475027e-02	1.412537544622754e-02
1302	1.376237601323993e-02	1.380384264602885e-02
1481	1.321986774035822e-02	1.348962882591653e-02
1482	1.313573042829264e-02	1.318256738556407e-02
1485	1.246076137358609e-02	1.258925411794167e-02
1502	1.224231410789800e-02	1.230268770812382e-02
1511	1.184815442351606e-02	1.202264434617413e-02
1518	1.171566155535919e-02	1.174897554939530e-02
1520	1.147235597688567e-02	1.148153621496883e-02
1535	1.080361480040015e-02	1.096478196143185e-02
1539	1.069169041369000e-02	1.071519305237606e-02
1554	1.028783662545196e-02	1.047128548050900e-02
1563	1.022677261368454e-02	1.023292992280754e-02
1571	9.999673826293187e-03	1.000000000000000e-02
1592	9.603013802870097e-03	9.772372209558112e-03
1596	9.305950944343389e-03	9.332543007969915e-03
1604	8.803322133695612e-03	8.912509381337459e-03
1619	8.691828823965575e-03	8.709635899560805e-03
1654	8.478535351577055e-03	8.511380382023767e-03
1672	8.301471824717410e-03	8.317637711026709e-03
1689	8.107248444070181e-03	8.128305161640995e-03
1697	7.398820571306697e-03	7.413102413009177e-03
1718	7.242975860073275e-03	7.244359600749898e-03
1753	6.991455774514099e-03	7.079457843841380e-03
1783	6.869434802763141e-03	6.918309709189363e-03
1820	6.718190764682830e-03	6.760829753919818e-03
1841	6.601539700606618e-03	6.606934480075957e-03
1855	6.397021784333989e-03	6.456542290346556e-03
2117	6.303278017072200e-03	6.309573444801930e-03
2154	6.165243075017091e-03	6.165950018614822e-03
2217	6.019792327224605e-03	6.025595860743574e-03
2253	5.882096613644139e-03	5.888436553555890e-03
2291	5.744634788808267e-03	5.754399373371567e-03
2354	5.610943973056060e-03	5.623413251903491e-03
2383	5.398247548454305e-03	5.495408738576248e-03
2404	5.359601658746938e-03	5.370317963702527e-03
2447	5.245257615814403e-03	5.248074602497728e-03
2477	5.085014490899376e-03	5.128613839913648e-03
2873	5.008139949934876e-03	5.011872336272725e-03
2903	4.833825206491116e-03	4.897788193684461e-03
2938	4.776071291626827e-03	4.786300923226385e-03
2986	4.665340382209449e-03	4.677351412871981e-03
3058	4.551031698757035e-03	4.570881896148752e-03
3156	4.446188680650387e-03	4.466835921509630e-03
3228	4.355223985392231e-03	4.365158322401661e-03
3783	4.265655363838383e-03	4.265795188015926e-03
3807	4.142885480489022e-03	4.168693834703355e-03
3865	3.999023490289133e-03	4.073802778041126e-03
3879	3.767757360286117e-03	3.801893963205613e-03
3886	3.706189836577889e-03	3.715352290971724e-03
3939	3.625811555734271e-03	3.630780547701014e-03
4021	3.547069750239107e-03	3.548133892335753e-03
4078	3.463528516114422e-03	3.467368504525317e-03
4142	3.375273503469001e-03	3.388441561392024e-03
4187	3.309448535447346e-03	3.311311214825911e-03
4247	3.227953878807255e-03	3.235936569296281e-03
4344	3.160396196744464e-03	3.162277660168379e-03
4504	3.088951128136896e-03	3.090295432513592e-03
5310	3.013755216534242e-03	3.019951720402016e-03
5364	2.948687480698986e-03	2.951209226666387e-03
5407	2.882547986835737e-03	2.884031503126605e-03
5494	2.816687160021814e-03	2.818382931264455e-03
5614	2.753338109136250e-03	2.754228703338166e-03
5736	2.691514735965073e-03	2.691534803926917e-03
5881	2.629910214618558e-03	2.630267991895381e-03
5998	2.569568588888016e-03	2.570395782768865e-03
6114	2.508176054420774e-03	2.511886431509579e-03
6241	2.454495012123470e-03	2.454708915685031e-03
6361	2.398820936422519e-03	2.398832919019490e-03
6547	2.337910207392269e-03	2.344228815319923e-03
7662	2.289589691474969e-03	2.290867652767772e-03
7747	2.233998499957979e-03	2.238721138568340e-03
7852	2.186589308792786e-03	2.187761623949552e-03
8008	2.132449005178505e-03	2.137962089502233e-03
8142	2.086247580213141e-03	2.089296130854039e-03
8301	2.041731821397219e-03	2.041737944669530e-03
8510	1.995228348831701e-03	1.995262314968879e-03
8714	1.948685120573557e-03	1.949844599758046e-03
10172	1.903028695806164e-03	1.905460717963246e-03
10337	1.858677427581168e-03	1.862087136662868e-03
10561	1.819467804109132e-03	1.819700858609983e-03
10824	1.777908595281374e-03	1.778279410038923e-03
11080	1.737457748011151e-03	1.737800828749376e-03
11406	1.697362531133284e-03	1.698243652461744e-03
11773	1.657569235826606e-03	1.659586907437561e-03
12128	1.621582645815800e-03	1.621810097358930e-03
14165	1.584333553793171e-03	1.584893192461114e-03
14481	1.548534468337359e-03	1.548816618912481e-03
14821	1.512980505470995e-03	1.513561248436209e-03
15298	1.478990786517587e-03	1.479108388168207e-03
15721	1.427063480717305e-03	1.445439770745928e-03
15939	1.412295708692723e-03	1.412537544622754e-03
18721	1.380377195610905e-03	1.380384264602885e-03
19100	1.348773020573013e-03	1.348962882591653e-03
19734	1.317916408590025e-03	1.318256738556408e-03
20640	1.287900107969975e-03	1.288249551693134e-03
21536	1.258872634661068e-03	1.258925411794167e-03
25316	1.230110622186587e-03	1.230268770812381e-03
25934	1.202052739358250e-03	1.202264434617413e-03
26983	1.174876601579999e-03	1.174897554939529e-03
27975	1.148066866233477e-03	1.148153621496883e-03
28954	1.116557537352070e-03	1.122018454301963e-03
29792	1.096472551644245e-03	1.096478196143185e-03
30939	1.071170356544138e-03	1.071519305237606e-03
31973	1.046947667276199e-03	1.047128548050900e-03
33348	1.023173546170986e-03	1.023292992280754e-03
34535	9.999335399155651e-04	1.000000000000000e-03
35870	9.770772602251121e-04	9.772372209558111e-04
37283	9.549862054165636e-04	9.549925860214359e-04
38546	9.325807507771788e-04	9.332543007969915e-04
39565	9.119565044151123e-04	9.120108393559096e-04
40653	8.912106485127191e-04	8.912509381337459e-04
45910	8.709354532866476e-04	8.709635899560805e-04
46653	8.496406440150484e-04	8.511380382023768e-04
47570	8.316484128771950e-04	8.317637711026709e-04
49077	8.127977469926106e-04	8.128305161640995e-04
49932	7.943187180585731e-04	7.943282347242813e-04
51071	7.762424125118406e-04	7.762471166286919e-04
52100	7.584509072057211e-04	7.585775750291835e-04
52908	7.412948401185337e-04	7.413102413009177e-04
54039	7.243183313903057e-04	7.244359600749898e-04
55146	7.078598083466447e-04	7.079457843841380e-04
56465	6.918285337779162e-04	6.918309709189362e-04
57384	6.756870072978094e-04	6.760829753919819e-04
58724	6.601366782673646e-04	6.606934480075957e-04
59824	6.454765046822741e-04	6.456542290346556e-04
60849	6.307566379513130e-04	6.309573444801930e-04
61988	6.165837441413080e-04	6.165950018614823e-04
63203	6.025451862289311e-04	6.025595860743575e-04
70335	5.887729318263535e-04	5.888436553555889e-04
71207	5.754129880063408e-04	5.754399373371566e-04
72148	5.622567269421008e-04	5.623413251903491e-04
73063	5.494920079385235e-04	5.495408738576248e-04
74204	5.369293791339658e-04	5.370317963702527e-04
75287	5.246304958491654e-04	5.248074602497728e-04
76972	5.122576868208384e-04	5.128613839913648e-04
78300	5.004121578023879e-04	5.011872336272725e-04
79535	4.891019295391041e-04	4.897788193684461e-04
81029	4.785131433440171e-04	4.786300923226385e-04
82369	4.677056068882468e-04	4.677351412871981e-04
83840	4.570226344089434e-04	4.570881896148752e-04
85242	4.466246790053585e-04	4.466835921509630e-04
86895	4.355395831049380e-04	4.365158322401661e-04
88560	4.265695640219835e-04	4.265795188015926e-04
89953	4.167075342543791e-04	4.168693834703355e-04
98118	4.073591469576643e-04	4.073802778041126e-04
99295	3.980576387951906e-04	3.981071705534974e-04
100833	3.885182128851028e-04	3.890451449942805e-04
102047	3.801862962140579e-04	3.801893963205612e-04
104460	3.714282217242015e-04	3.715352290971724e-04
106302	3.629369657393022e-04	3.630780547701014e-04
108147	3.547514566381027e-04	3.548133892335753e-04
110008	3.466240548509747e-04	3.467368504525317e-04
112759	3.387460910257989e-04	3.388441561392024e-04
115573	3.311267781072047e-04	3.311311214825911e-04
123151	3.235935500597309e-04	3.235936569296281e-04
126379	3.162233879587806e-04	3.162277660168379e-04
129132	3.089210199151982e-04	3.090295432513592e-04
132374	3.019942441407908e-04	3.019951720402016e-04
135952	2.951148524733549e-04	2.951209226666387e-04
141434	2.883237529103244e-04	2.884031503126605e-04
147522	2.818382676872400e-04	2.818382931264455e-04
152470	2.754227882367788e-04	2.754228703338166e-04
158115	2.691533296849125e-04	2.691534803926917e-04
163861	2.630266866366915e-04	2.630267991895381e-04
170390	2.570393496604817e-04	2.570395782768865e-04
178899	2.511770211742759e-04	2.511886431509580e-04
187978	2.452652008715361e-04	2.454708915685031e-04
199183	2.398830442078559e-04	2.398832919019490e-04
210768	2.344206732299847e-04	2.344228815319923e-04
224941	2.290862398659499e-04	2.290867652767772e-04
240091	2.238064169991505e-04	2.238721138568340e-04
255160	2.187573931464737e-04	2.187761623949552e-04
268476	2.137677129948612e-04	2.137962089502232e-04
286693	2.088986149023642e-04	2.089296130854039e-04
300000	2.057356175226843e-04	2.089296130854039e-04
%
% index = 2027, name = bbob_f006_i07_d05__bbob_f020_i08_d05
% instance = 3, reference value = 9.840107816472300e-01
% function evaluation | indicator value | target hit
1	9.621859447678061e-01	9.772372209558107e-01
9	6.672792030015549e-01	6.760829753919817e-01
13	6.516968013696477e-01	6.606934480075960e-01
60	5.542863384522297e-01	5.623413251903491e-01
67	4.634851269097147e-01	4.677351412871982e-01
75	4.189486497469285e-01	4.265795188015927e-01
78	2.109357566432215e-01	2.137962089502232e-01
81	1.754761948531475e-01	1.778279410038923e-01
86	1.734917401218948e-01	1.737800828749375e-01
105	1.587309637796269e-01	1.621810097358930e-01
121	1.011766940338777e-01	1.023292992280754e-01
135	9.859452207333486e-02	1.000000000000000e-01
157	8.744093978490919e-02	8.912509381337455e-02
164	8.454371946567130e-02	8.511380382023763e-02
185	7.894284591670298e-02	7.943282347242814e-02
188	6.786779907062568e-02	6.918309709189366e-02
192	6.734306412595192e-02	6.760829753919818e-02
206	6.450504652969624e-02	6.456542290346556e-02
214	6.220119351765452e-02	6.309573444801933e-02
216	5.864086350784270e-02	5.888436553555890e-02
259	5.649053520361946e-02	5.754399373371569e-02
268	5.117485201435534e-02	5.128613839913648e-02
272	4.532746452383218e-02	4.570881896148749e-02
286	4.465812966203175e-02	4.466835921509630e-02
299	4.210929151032283e-02	4.265795188015926e-02
317	4.092894271561109e-02	4.168693834703355e-02
330	3.925558591316880e-02	3.981071705534973e-02
339	3.863198208649365e-02	3.890451449942807e-02
362	3.307414960471977e-02	3.311311214825911e-02
370	3.206602611133458e-02	3.235936569296283e-02
400	3.040874540620586e-02	3.090295432513590e-02
407	3.007723757013292e-02	3.019951720402016e-02
418	2.941445757265837e-02	2.951209226666385e-02
422	2.749735317205537e-02	2.754228703338166e-02
435	2.680675379272468e-02	2.691534803926915e-02
457	2.623444991715751e-02	2.630267991895381e-02
503	2.419493996006927e-02	2.454708915685030e-02
511	2.370761749994399e-02	2.398832919019490e-02
559	2.311862059963132e-02	2.344228815319923e-02
580	2.280224439100220e-02	2.290867652767773e-02
581	2.220862546583902e-02	2.238721138568340e-02
588	2.062333310084363e-02	2.089296130854040e-02
618	2.024203967172045e-02	2.041737944669529e-02
622	1.950157164832411e-02	1.995262314968880e-02
623	1.909730325557746e-02	1.949844599758046e-02
627	1.842516893398871e-02	1.862087136662868e-02
629	1.783315883464320e-02	1.819700858609984e-02
637	1.749735517856010e-02	1.778279410038923e-02
651	1.736917957933160e-02	1.737800828749375e-02
664	1.684403393123157e-02	1.698243652461744e-02
683	1.572926611688630e-02	1.584893192461113e-02
688	1.515963733692549e-02	1.548816618912481e-02
689	1.477450020459226e-02	1.479108388168207e-02
704	1.412736477765508e-02	1.445439770745927e-02
722	1.412288225703306e-02	1.412537544622754e-02
743	1.328093896658156e-02	1.348962882591653e-02
747	1.298417825244769e-02	1.318256738556407e-02
748	1.164813148766219e-02	1.174897554939530e-02
753	1.146204881975121e-02	1.148153621496883e-02
764	1.069572623371762e-02	1.071519305237606e-02
798	9.783526795916875e-03	1.000000000000000e-02
803	9.671949683820014e-03	9.772372209558112e-03
920	9.508220399926715e-03	9.549925860214359e-03
983	9.197286734958232e-03	9.332543007969915e-03
985	9.075045489909339e-03	9.120108393559097e-03
1022	8.875404939287179e-03	8.912509381337459e-03
1023	8.520492437212757e-03	8.709635899560805e-03
1044	8.374210623680600e-03	8.511380382023767e-03
1059	8.308365486816571e-03	8.317637711026709e-03
1063	8.076582190053916e-03	8.128305161640995e-03
1072	7.939822779497896e-03	7.943282347242814e-03
1073	7.618199010373305e-03	7.762471166286920e-03
1080	7.581916643232156e-03	7.585775750291836e-03
1094	7.236080749866813e-03	7.244359600749898e-03
1096	7.029553596223592e-03	7.079457843841380e-03
1264	6.682332916386313e-03	6.760829753919818e-03
1269	6.601405362873458e-03	6.606934480075957e-03
1298	6.453421208868382e-03	6.456542290346556e-03
1310	6.263303006862730e-03	6.309573444801930e-03
1320	6.125249482904382e-03	6.165950018614822e-03
1322	5.814112907861491e-03	5.888436553555890e-03
1326	5.742462136250737e-03	5.754399373371567e-03
1338	5.613335365702521e-03	5.623413251903491e-03
1360	5.486652124286007e-03	5.495408738576248e-03
1369	5.280486521849093e-03	5.370317963702527e-03
1389	5.241384023772500e-03	5.248074602497728e-03
1406	5.125437559747259e-03	5.128613839913648e-03
1443	4.981662971631606e-03	5.011872336272725e-03
1722	4.895722768677668e-03	4.897788193684461e-03
1735	4.749780675985971e-03	4.786300923226385e-03
1739	4.455315101758006e-03	4.466835921509630e-03
1756	4.329497563337004e-03	4.365158322401661e-03
1780	4.262738094806151e-03	4.265795188015926e-03
1788	4.158472453064666e-03	4.168693834703355e-03
1801	4.060348836996464e-03	4.073802778041126e-03
1804	3.979317352183043e-03	3.981071705534973e-03
1845	3.886676720948889e-03	3.890451449942805e-03
1869	3.798047191470921e-03	3.801893963205613e-03
1890	3.711654591627256e-03	3.715352290971724e-03
1934	3.628904137600419e-03	3.630780547701014e-03
1973	3.543713412443417e-03	3.548133892335753e-03
1994	3.460069764367413e-03	3.467368504525317e-03
2031	3.387733825531702e-03	3.388441561392024e-03
2059	3.281674745945096e-03	3.311311214825911e-03
2087	3.235876810021354e-03	3.235936569296281e-03
2554	3.154387585119212e-03	3.162277660168379e-03
2577	3.084718500876771e-03	3.090295432513592e-03
2585	3.018321375322763e-03	3.019951720402016e-03
2598	2.866945028600631e-03	2.884031503126605e-03
2614	2.814020814205120e-03	2.818382931264455e-03
2649	2.713642225020685e-03	2.754228703338166e-03
2676	2.691505861791565e-03	2.691534803926917e-03
2740	2.612309222044917e-03	2.630267991895381e-03
2752	2.557628666939871e-03	2.570395782768865e-03
2787	2.506328656911916e-03	2.511886431509579e-03
2826	2.453925470530471e-03	2.454708915685031e-03
2869	2.394801816738457e-03	2.398832919019490e-03
2911	2.342483414214613e-03	2.344228815319923e-03
3506	2.244027439082918e-03	2.290867652767772e-03
3512	2.185193149543241e-03	2.187761623949552e-03
3554	2.136982316997105e-03	2.137962089502233e-03
3562	2.069523716200172e-03	2.089296130854039e-03
3576	2.041315743527505e-03	2.041737944669530e-03
3611	1.990503199510552e-03	1.995262314968879e-03
3661	1.938919659909111e-03	1.949844599758046e-03
3714	1.847912813782826e-03	1.862087136662868e-03
3731	1.781152158198851e-03	1.819700858609983e-03
3745	1.770692534332596e-03	1.778279410038923e-03
3750	1.736057156563997e-03	1.737800828749376e-03
3800	1.693725934512780e-03	1.698243652461744e-03
3814	1.647732999908835e-03	1.659586907437561e-03
3849	1.597370006996779e-03	1.621810097358930e-03
3850	1.556715552315846e-03	1.584893192461114e-03
3889	1.543592975725483e-03	1.548816618912481e-03
3937	1.480697944671538e-03	1.513561248436209e-03
3948	1.478356233711731e-03	1.479108388168207e-03
4020	1.444916111458916e-03	1.445439770745928e-03
4052	1.411794393945676e-03	1.412537544622754e-03
4084	1.368615728861600e-03	1.380384264602885e-03
4122	1.345206659661757e-03	1.348962882591653e-03
4277	1.317377315036117e-03	1.318256738556408e-03
5106	1.276247481274639e-03	1.288249551693134e-03
5125	1.257281907578789e-03	1.258925411794167e-03
5160	1.217518024438480e-03	1.230268770812381e-03
5187	1.198060036044502e-03	1.202264434617413e-03
5213	1.174893718639103e-03	1.174897554939529e-03
5278	1.146109493453951e-03	1.148153621496883e-03
5333	1.120209112137949e-03	1.122018454301963e-03
5390	1.095725025792693e-03	1.096478196143185e-03
5424	1.070244053313796e-03	1.071519305237606e-03
5507	1.047022779134599e-03	1.047128548050900e-03
5654	1.021900919237151e-03	1.023292992280754e-03
5686	9.979116818691347e-04	1.000000000000000e-03
5741	9.749327147891007e-04	9.772372209558111e-04
5842	9.533946393625037e-04	9.549925860214359e-04
6999	9.280191738944010e-04	9.332543007969915e-04
7025	9.119613986564579e-04	9.120108393559096e-04
7115	8.879611779621932e-04	8.912509381337459e-04
7167	8.692563539328679e-04	8.709635899560805e-04
7226	8.511346924682250e-04	8.511380382023768e-04
7330	8.315953111668328e-04	8.317637711026709e-04
7392	8.125898235707973e-04	8.128305161640995e-04
7462	7.939120855615656e-04	7.943282347242813e-04
7516	7.758998208621248e-04	7.762471166286919e-04
7627	7.582325962943726e-04	7.585775750291835e-04
7666	7.375928821186095e-04	7.413102413009177e-04
7776	7.230662904055274e-04	7.244359600749898e-04
7873	7.073314529750796e-04	7.079457843841380e-04
9445	6.912924141017074e-04	6.918309709189362e-04
9570	6.755278119934260e-04	6.760829753919819e-04
9675	6.602154004330396e-04	6.606934480075957e-04
9755	6.451354214876970e-04	6.456542290346556e-04
9870	6.308880588998811e-04	6.309573444801930e-04
9979	6.141389328995217e-04	6.165950018614823e-04
10117	6.024367739757563e-04	6.025595860743575e-04
10212	5.884773971931434e-04	5.888436553555889e-04
10318	5.753726435632212e-04	5.754399373371566e-04
10422	5.605822336004485e-04	5.623413251903491e-04
12616	5.477964069606767e-04	5.495408738576248e-04
12760	5.369552029048652e-04	5.370317963702527e-04
12955	5.246700549008665e-04	5.248074602497728e-04
13126	5.128219854049210e-04	5.128613839913648e-04
13325	4.999360122741603e-04	5.011872336272725e-04
13546	4.897710717757242e-04	4.897788193684461e-04
13674	4.786002921945975e-04	4.786300923226385e-04
16874	4.677159163847255e-04	4.677351412871981e-04
17054	4.570565480547240e-04	4.570881896148752e-04
17308	4.466070349427032e-04	4.466835921509630e-04
17598	4.364979232168720e-04	4.365158322401661e-04
17894	4.265727483587778e-04	4.265795188015926e-04
18189	4.166004118363320e-04	4.168693834703355e-04
18588	4.069377847603084e-04	4.073802778041126e-04
22742	3.980582086062778e-04	3.981071705534974e-04
22949	3.876041101347205e-04	3.890451449942805e-04
23272	3.801892078418856e-04	3.801893963205612e-04
23645	3.714931418141720e-04	3.715352290971724e-04
24070	3.630468287517674e-04	3.630780547701014e-04
24563	3.547497890769025e-04	3.548133892335753e-04
25052	3.464415403618970e-04	3.467368504525317e-04
30912	3.388413897725817e-04	3.388441561392024e-04
31423	3.311301000999967e-04	3.311311214825911e-04
31715	3.204988681382304e-04	3.235936569296281e-04
31935	3.162171690036519e-04	3.162277660168379e-04
32737	3.089172601383749e-04	3.090295432513592e-04
33516	3.018919633468453e-04	3.019951720402016e-04
34489	2.949880925434689e-04	2.951209226666387e-04
42529	2.883920338504486e-04	2.884031503126605e-04
43554	2.818284766678003e-04	2.818382931264455e-04
44416	2.754210852928818e-04	2.754228703338166e-04
45616	2.686538463180232e-04	2.691534803926917e-04
47235	2.630179319940140e-04	2.630267991895381e-04
49162	2.568814456785917e-04	2.570395782768865e-04
51022	2.511516157793769e-04	2.511886431509580e-04
53176	2.453948184163446e-04	2.454708915685031e-04
55381	2.398726113546079e-04	2.398832919019490e-04
57817	2.344194159000779e-04	2.344228815319923e-04
59754	2.290237890175684e-04	2.290867652767772e-04
62292	2.238607267699422e-04	2.238721138568340e-04
69898	2.187759158673863e-04	2.187761623949552e-04
71694	2.137126299159853e-04	2.137962089502232e-04
73609	2.089259805900801e-04	2.089296130854039e-04
75868	2.041685213446387e-04	2.041737944669530e-04
78359	1.994729671673801e-04	1.995262314968879e-04
80525	1.945736951040056e-04	1.949844599758046e-04
82696	1.905402512182297e-04	1.905460717963246e-04
84686	1.862005440054215e-04	1.862087136662868e-04
87120	1.819618929906897e-04	1.819700858609983e-04
94519	1.778278825497193e-04	1.778279410038923e-04
96234	1.737793158881340e-04	1.737800828749376e-04
98384	1.698190459324955e-04	1.698243652461744e-04
101133	1.659482286403557e-04	1.659586907437562e-04
103738	1.621758226240111e-04	1.621810097358930e-04
106291	1.584845022473136e-04	1.584893192461114e-04
108570	1.548790536167743e-04	1.548816618912481e-04
110628	1.512736515743018e-04	1.513561248436209e-04
113178	1.478918981175914e-04	1.479108388168207e-04
117739	1.445423988610806e-04	1.445439770745928e-04
120323	1.412516409223796e-04	1.412537544622754e-04
122604	1.380148233064427e-04	1.380384264602885e-04
124874	1.348929225335471e-04	1.348962882591653e-04
127871	1.318062843208567e-04	1.318256738556407e-04
130096	1.288187560116727e-04	1.288249551693134e-04
133232	1.258848880795194e-04	1.258925411794167e-04
136336	1.229972023542025e-04	1.230268770812381e-04
139417	1.201423758895315e-04	1.202264434617413e-04
142995	1.174875314069457e-04	1.174897554939529e-04
146650	1.148128983401442e-04	1.148153621496883e-04
150244	1.120390348939848e-04	1.122018454301963e-04
153096	1.096281443222491e-04	1.096478196143185e-04
156353	1.071287018077349e-04	1.071519305237606e-04
159455	1.046711965633218e-04	1.047128548050900e-04
162446	1.014533868871625e-04	1.023292992280754e-04
164994	9.997980665998885e-05	1.000000000000000e-04
169286	9.771358428978250e-05	9.772372209558111e-05
173454	9.549456937596457e-05	9.549925860214369e-05
177880	9.330930834439144e-05	9.332543007969905e-05
182472	9.120108310078923e-05	9.120108393559096e-05
186960	8.912508546088382e-05	8.912509381337459e-05
192637	8.708733388262946e-05	8.709635899560814e-05
196896	8.510991094523579e-05	8.511380382023759e-05
202703	8.317576443117591e-05	8.317637711026709e-05
209363	8.127109806821409e-05	8.128305161640995e-05
217120	7.942926205117828e-05	7.943282347242822e-05
224463	7.762278091127950e-05	7.762471166286911e-05
230840	7.585455422898235e-05	7.585775750291836e-05
237996	7.412889964808489e-05	7.413102413009176e-05
246355	7.243971870773969e-05	7.244359600749906e-05
254180	7.078555150130672e-05	7.079457843841373e-05
263626	6.918121394949850e-05	6.918309709189363e-05
272787	6.760699257823966e-05	6.760829753919819e-05
284543	6.606856178703602e-05	6.606934480075965e-05
292363	6.456541198074373e-05	6.456542290346549e-05
300000	6.317346377815447e-05	6.456542290346549e-05
%
% index = 2028, name = bbob_f006_i09_d05__bbob_f020_i10_d05
% instance = 4, reference value = 9.653936417644901e-01
% function evaluation | indicator value | target hit
1	2.148114811771490e+00	2.187761623949553e+00
9	9.534762036615942e-01	9.549925860214360e-01
47	6.372201096619242e-01	6.456542290346555e-01
77	5.651438703556281e-01	5.754399373371569e-01
82	5.603107142590338e-01	5.623413251903491e-01
106	5.456466463984702e-01	5.495408738576245e-01
110	5.179253409712088e-01	5.248074602497725e-01
112	5.066356095621051e-01	5.128613839913648e-01
206	4.667922416569882e-01	4.677351412871982e-01
211	4.564585856282734e-01	4.570881896148750e-01
219	4.308240393940020e-01	4.365158322401660e-01
241	4.232725055651758e-01	4.265795188015927e-01
265	4.021549963351063e-01	4.073802778041127e-01
274	3.198512090146327e-01	3.235936569296283e-01
286	3.106088570912235e-01	3.162277660168379e-01
301	2.453181423061909e-01	2.454708915685030e-01
315	2.346169348964340e-01	2.398832919019490e-01
333	2.251633242424478e-01	2.290867652767773e-01
346	1.785432113750244e-01	1.819700858609984e-01
391	1.342560304456955e-01	1.348962882591654e-01
409	1.317775455536015e-01	1.318256738556407e-01
428	1.245185793175710e-01	1.258925411794167e-01
430	1.193068127683956e-01	1.202264434617413e-01
436	1.117280428740265e-01	1.122018454301964e-01
484	1.074414110039594e-01	1.096478196143185e-01
519	9.941193496376477e-02	1.000000000000000e-01
522	9.565361550021956e-02	9.772372209558107e-02
533	9.209940283025186e-02	9.332543007969910e-02
543	9.114115253804445e-02	9.120108393559097e-02
547	8.765634816841350e-02	8.912509381337455e-02
550	7.302551571940763e-02	7.413102413009177e-02
571	7.113948754648147e-02	7.244359600749903e-02
586	6.861011718373689e-02	6.918309709189366e-02
587	6.514710797867285e-02	6.606934480075961e-02
590	6.451735258954228e-02	6.456542290346556e-02
610	6.094177850379989e-02	6.165950018614822e-02
611	5.938524033780967e-02	6.025595860743578e-02
618	5.472109812331538e-02	5.495408738576246e-02
632	5.361296148132833e-02	5.370317963702527e-02
670	5.071783458109169e-02	5.128613839913648e-02
676	4.906294511904652e-02	5.011872336272722e-02
677	4.850631073413780e-02	4.897788193684462e-02
697	4.699650691095081e-02	4.786300923226382e-02
704	4.541721115581387e-02	4.570881896148749e-02
716	3.831085524670030e-02	3.890451449942807e-02
732	3.453821013587655e-02	3.467368504525317e-02
733	3.357353451457501e-02	3.388441561392026e-02
741	3.210302211184712e-02	3.235936569296283e-02
754	3.090026413694436e-02	3.090295432513590e-02
760	2.947845654592474e-02	2.951209226666385e-02
767	2.665722513407831e-02	2.691534803926915e-02
773	2.612249599736505e-02	2.630267991895381e-02
781	2.340396978032000e-02	2.344228815319923e-02
784	2.271687553180357e-02	2.290867652767773e-02
798	2.179114017695538e-02	2.187761623949553e-02
808	2.128189402522451e-02	2.137962089502233e-02
812	2.007243327431030e-02	2.041737944669529e-02
820	1.952137773474527e-02	1.995262314968880e-02
822	1.676085026349339e-02	1.698243652461744e-02
854	1.636462066518007e-02	1.659586907437561e-02
861	1.568712970717112e-02	1.584893192461113e-02
865	1.495796598049703e-02	1.513561248436208e-02
884	1.472642340612496e-02	1.479108388168207e-02
901	1.437749765772478e-02	1.445439770745927e-02
915	1.395606155867191e-02	1.412537544622754e-02
918	1.374470916611470e-02	1.380384264602885e-02
926	1.316132974370743e-02	1.318256738556407e-02
928	1.269353012023255e-02	1.288249551693134e-02
932	1.233750973005465e-02	1.258925411794167e-02
939	1.222629629676464e-02	1.230268770812382e-02
947	1.180017038667946e-02	1.202264434617413e-02
951	1.170568852204990e-02	1.174897554939530e-02
952	1.122200204146750e-02	1.148153621496883e-02
954	1.118027957867029e-02	1.122018454301964e-02
957	1.083578402119889e-02	1.096478196143185e-02
967	1.071365927482992e-02	1.071519305237606e-02
983	1.024315991967040e-02	1.047128548050900e-02
988	9.960866812271818e-03	1.000000000000000e-02
1188	9.618677656631602e-03	9.772372209558112e-03
1193	9.353761671651140e-03	9.549925860214359e-03
1195	9.246177082896989e-03	9.332543007969915e-03
1196	9.011644425200860e-03	9.120108393559097e-03
1202	8.755001260715045e-03	8.912509381337459e-03
1208	8.492401883308909e-03	8.511380382023767e-03
1235	8.231342595092617e-03	8.317637711026709e-03
1244	8.067808090925221e-03	8.128305161640995e-03
1259	7.904911562844563e-03	7.943282347242814e-03
1270	7.426490220256099e-03	7.585775750291836e-03
1273	7.165371526283604e-03	7.244359600749898e-03
1276	6.991969353578709e-03	7.079457843841380e-03
1281	6.902518418882564e-03	6.918309709189363e-03
1287	6.710239943999996e-03	6.760829753919818e-03
1304	6.557937303219297e-03	6.606934480075957e-03
1310	6.450312620484233e-03	6.456542290346556e-03
1323	5.965805272612479e-03	6.025595860743574e-03
1324	5.698392776805616e-03	5.754399373371567e-03
1518	5.539497985152075e-03	5.623413251903491e-03
1519	5.493181460513252e-03	5.495408738576248e-03
1558	5.358801883732500e-03	5.370317963702527e-03
1579	5.056966786941341e-03	5.128613839913648e-03
1581	4.996712292605787e-03	5.011872336272725e-03
1606	4.859068492013563e-03	4.897788193684461e-03
1630	4.786086984520543e-03	4.786300923226385e-03
1648	4.670212380437744e-03	4.677351412871981e-03
1651	4.566621394347825e-03	4.570881896148752e-03
1672	4.385971518184872e-03	4.466835921509630e-03
1680	4.332326835698730e-03	4.365158322401661e-03
1685	4.238209728591347e-03	4.265795188015926e-03
1696	4.136043368544118e-03	4.168693834703355e-03
1704	3.950229866005572e-03	3.981071705534973e-03
1713	3.888922366479641e-03	3.890451449942805e-03
1975	3.795718707788276e-03	3.801893963205613e-03
1983	3.709110566971652e-03	3.715352290971724e-03
2001	3.629560070881555e-03	3.630780547701014e-03
2011	3.545603573802958e-03	3.548133892335753e-03
2016	3.404402937973727e-03	3.467368504525317e-03
2021	3.375311967336425e-03	3.388441561392024e-03
2037	3.252023770969559e-03	3.311311214825911e-03
2041	3.044302631814100e-03	3.090295432513592e-03
2047	2.987028338094166e-03	3.019951720402016e-03
2056	2.945355615485146e-03	2.951209226666387e-03
2076	2.883110168056646e-03	2.884031503126605e-03
2091	2.810163684424216e-03	2.818382931264455e-03
2100	2.743836649114262e-03	2.754228703338166e-03
2119	2.676517803108847e-03	2.691534803926917e-03
2146	2.612287737377761e-03	2.630267991895381e-03
2170	2.554641459635132e-03	2.570395782768865e-03
2533	2.511261605649295e-03	2.511886431509579e-03
2540	2.452448878870306e-03	2.454708915685031e-03
2549	2.392081387660672e-03	2.398832919019490e-03
2555	2.344151373259717e-03	2.344228815319923e-03
2569	2.282682950954573e-03	2.290867652767772e-03
2575	2.216448308255070e-03	2.238721138568340e-03
2584	2.184903590672915e-03	2.187761623949552e-03
2592	2.133665132234785e-03	2.137962089502233e-03
2608	2.027079126926679e-03	2.041737944669530e-03
2622	1.994200111016253e-03	1.995262314968879e-03
2661	1.941381387296603e-03	1.949844599758046e-03
2668	1.899007666391617e-03	1.905460717963246e-03
2672	1.862043632976706e-03	1.862087136662868e-03
2679	1.807882252645499e-03	1.819700858609983e-03
2699	1.773785013316043e-03	1.778279410038923e-03
3290	1.737517615353235e-03	1.737800828749376e-03
3328	1.695593645122062e-03	1.698243652461744e-03
3350	1.625677771478484e-03	1.659586907437561e-03
3356	1.620824003339072e-03	1.621810097358930e-03
3364	1.542876759002443e-03	1.548816618912481e-03
3373	1.511749681464503e-03	1.513561248436209e-03
3410	1.475969425538959e-03	1.479108388168207e-03
3419	1.444961818898860e-03	1.445439770745928e-03
3446	1.403332373799748e-03	1.412537544622754e-03
3475	1.378794190953769e-03	1.380384264602885e-03
3508	1.346740008630665e-03	1.348962882591653e-03
3551	1.314548343557931e-03	1.318256738556408e-03
3604	1.288139354181372e-03	1.288249551693134e-03
3628	1.253868464368812e-03	1.258925411794167e-03
3651	1.225278666155516e-03	1.230268770812381e-03
3658	1.202003392709039e-03	1.202264434617413e-03
4619	1.174410597459818e-03	1.174897554939529e-03
4662	1.129732596248267e-03	1.148153621496883e-03
4680	1.121829146454756e-03	1.122018454301963e-03
4735	1.096374627174379e-03	1.096478196143185e-03
4767	1.069770946013904e-03	1.071519305237606e-03
4796	1.044675366119074e-03	1.047128548050900e-03
4841	1.023249666069148e-03	1.023292992280754e-03
4890	9.994711271904544e-04	1.000000000000000e-03
4961	9.727168834483546e-04	9.772372209558111e-04
4994	9.507681361728970e-04	9.549925860214359e-04
6390	9.329217959406222e-04	9.332543007969915e-04
6462	9.119816796582247e-04	9.120108393559096e-04
6502	8.893930778856030e-04	8.912509381337459e-04
6572	8.674221782183356e-04	8.709635899560805e-04
6644	8.482184859763819e-04	8.511380382023768e-04
6693	8.311956742745874e-04	8.317637711026709e-04
6798	8.125228535632578e-04	8.128305161640995e-04
6897	7.941575118834976e-04	7.943282347242813e-04
8907	7.743624044115327e-04	7.762471166286919e-04
9025	7.582317982950393e-04	7.585775750291835e-04
9124	7.411936479798653e-04	7.413102413009177e-04
9215	7.243959851396253e-04	7.244359600749898e-04
9399	7.078085497108644e-04	7.079457843841380e-04
9565	6.911292918215795e-04	6.918309709189362e-04
12282	6.752676842236571e-04	6.760829753919819e-04
12398	6.605351453853325e-04	6.606934480075957e-04
12615	6.456501648625101e-04	6.456542290346556e-04
12706	6.303650716276143e-04	6.309573444801930e-04
12974	6.165525000698668e-04	6.165950018614823e-04
13178	6.025587717217729e-04	6.025595860743575e-04
16982	5.884053121284483e-04	5.888436553555889e-04
17270	5.753404710805432e-04	5.754399373371566e-04
17584	5.580809108638451e-04	5.623413251903491e-04
17792	5.466911146838616e-04	5.495408738576248e-04
18082	5.355440390911737e-04	5.370317963702527e-04
23081	5.247977487641275e-04	5.248074602497728e-04
23495	5.128005161568749e-04	5.128613839913648e-04
23866	5.004595562355663e-04	5.011872336272725e-04
24443	4.897458200737725e-04	4.897788193684461e-04
25116	4.785977623428250e-04	4.786300923226385e-04
32255	4.671768744479721e-04	4.677351412871981e-04
33073	4.570770243296218e-04	4.570881896148752e-04
34110	4.463332670872067e-04	4.466835921509630e-04
35361	4.363907271224265e-04	4.365158322401661e-04
37042	4.265725363781225e-04	4.265795188015926e-04
39338	4.168490768912125e-04	4.168693834703355e-04
41219	4.073356947561502e-04	4.073802778041126e-04
44257	3.945700723911871e-04	3.981071705534974e-04
46391	3.890354301051557e-04	3.890451449942805e-04
50410	3.801211333165355e-04	3.801893963205612e-04
59041	3.715301661461057e-04	3.715352290971724e-04
63728	3.630760429755853e-04	3.630780547701014e-04
68918	3.548026548858552e-04	3.548133892335753e-04
75138	3.467126135611176e-04	3.467368504525317e-04
84385	3.388429979169771e-04	3.388441561392024e-04
91118	3.311307716838963e-04	3.311311214825911e-04
97877	3.235901833584798e-04	3.235936569296281e-04
106791	3.162226248552003e-04	3.162277660168379e-04
114745	3.090289906639843e-04	3.090295432513592e-04
122900	3.019922832231403e-04	3.019951720402016e-04
130827	2.951108327061691e-04	2.951209226666387e-04
139257	2.884005837928694e-04	2.884031503126605e-04
147182	2.818361690811733e-04	2.818382931264455e-04
155318	2.754198925364326e-04	2.754228703338166e-04
160681	2.691528659644060e-04	2.691534803926917e-04
168847	2.630195888774223e-04	2.630267991895381e-04
176749	2.570392255721865e-04	2.570395782768865e-04
184774	2.511850261989190e-04	2.511886431509580e-04
192474	2.454554612491000e-04	2.454708915685031e-04
199077	2.398805268065685e-04	2.398832919019490e-04
205986	2.344206845880104e-04	2.344228815319923e-04
213584	2.290821218949857e-04	2.290867652767772e-04
220532	2.238449936263764e-04	2.238721138568340e-04
228249	2.187756686901077e-04	2.187761623949552e-04
236013	2.137953684453464e-04	2.137962089502232e-04
244948	2.089269475260558e-04	2.089296130854039e-04
253422	2.041623920671087e-04	2.041737944669530e-04
262527	1.993143434495526e-04	1.995262314968879e-04
267013	1.940090210145184e-04	1.949844599758046e-04
273554	1.905430181899925e-04	1.905460717963246e-04
281027	1.861890513346065e-04	1.862087136662868e-04
288671	1.819673552724277e-04	1.819700858609983e-04
299241	1.778269294075985e-04	1.778279410038923e-04
300001	1.773116721900392e-04	1.778279410038923e-04
%
% index = 2029, name = bbob_f006_i11_d05__bbob_f020_i12_d05
% instance = 5, reference value = 9.995650243308620e-01
% function evaluation | indicator value | target hit
1	1.052761483192685e+01	1.071519305237607e+01
5	2.240202369818047e+00	2.290867652767773e+00
70	1.952911475080050e+00	1.995262314968880e+00
100	1.919722101009881e+00	1.949844599758045e+00
193	1.701124929713362e+00	1.737800828749375e+00
235	9.419017140349112e-01	9.549925860214360e-01
365	6.651596882868462e-01	6.760829753919817e-01
371	6.520595520215712e-01	6.606934480075960e-01
376	6.259861785746683e-01	6.309573444801932e-01
441	5.464849474300773e-01	5.495408738576245e-01
459	4.624956039048848e-01	4.677351412871982e-01
485	4.472148274666451e-01	4.570881896148750e-01
537	4.441197600900466e-01	4.466835921509631e-01
551	4.165583608054233e-01	4.168693834703354e-01
570	1.000357860428733e-01	1.023292992280754e-01
572	9.283842911058016e-02	9.332543007969910e-02
606	8.639746705130225e-02	8.709635899560805e-02
652	8.393445162982038e-02	8.511380382023763e-02
794	8.245744176449299e-02	8.317637711026708e-02
798	5.960776335126849e-02	6.025595860743578e-02
842	5.582054343062215e-02	5.623413251903491e-02
857	4.638613533130920e-02	4.677351412871981e-02
860	4.127838208034662e-02	4.168693834703355e-02
871	4.032168841700856e-02	4.073802778041128e-02
939	3.201288935122582e-02	3.235936569296283e-02
955	2.455558530852997e-02	2.511886431509579e-02
962	2.324197219636681e-02	2.344228815319923e-02
985	2.251276114614120e-02	2.290867652767773e-02
987	1.899822153510544e-02	1.905460717963247e-02
995	1.765704603952289e-02	1.778279410038923e-02
1073	1.359173324133545e-02	1.380384264602885e-02
1077	9.880224320152675e-03	1.000000000000000e-02
1119	8.886830789670674e-03	8.912509381337459e-03
1175	8.423921651961708e-03	8.511380382023767e-03
1183	7.617148398659568e-03	7.762471166286920e-03
1185	7.578582210584828e-03	7.585775750291836e-03
1217	7.307965421891383e-03	7.413102413009177e-03
1235	7.193208691508080e-03	7.244359600749898e-03
1272	6.904580757415957e-03	6.918309709189363e-03
1296	6.333639931045631e-03	6.456542290346556e-03
1325	6.273116824715097e-03	6.309573444801930e-03
1334	6.124660154830819e-03	6.165950018614822e-03
1386	5.993044024272587e-03	6.025595860743574e-03
1410	5.555434065364406e-03	5.623413251903491e-03
1416	5.486134842557888e-03	5.495408738576248e-03
1417	5.342476049836620e-03	5.370317963702527e-03
1434	5.028995361088029e-03	5.128613839913648e-03
1447	4.986607387153397e-03	5.011872336272725e-03
1470	4.862812104872161e-03	4.897788193684461e-03
1500	4.601603830683976e-03	4.677351412871981e-03
1503	4.432598682805655e-03	4.466835921509630e-03
1539	4.363023624715523e-03	4.365158322401661e-03
1567	3.879809588073435e-03	3.890451449942805e-03
1629	3.784443178754149e-03	3.801893963205613e-03
1702	3.709329523255644e-03	3.715352290971724e-03
1774	3.557200564333507e-03	3.630780547701014e-03
1778	3.540006292861886e-03	3.548133892335753e-03
1933	3.452206128166546e-03	3.467368504525317e-03
1942	3.360289048261467e-03	3.388441561392024e-03
1972	3.280480723342305e-03	3.311311214825911e-03
2162	3.235696142009581e-03	3.235936569296281e-03
2256	3.117220419720401e-03	3.162277660168379e-03
2277	3.089011271210196e-03	3.090295432513592e-03
2547	2.980247619067899e-03	3.019951720402016e-03
2601	2.948478063093063e-03	2.951209226666387e-03
2609	2.662723126684030e-03	2.691534803926917e-03
2754	2.629365927255045e-03	2.630267991895381e-03
2819	2.537567905065319e-03	2.570395782768865e-03
3297	2.444540032655373e-03	2.454708915685031e-03
3561	2.398514028063570e-03	2.398832919019490e-03
4380	2.344047617614975e-03	2.344228815319923e-03
5014	2.289413882953784e-03	2.290867652767772e-03
6416	2.232891272065496e-03	2.238721138568340e-03
8447	2.174458053529338e-03	2.187761623949552e-03
9267	1.945622657430146e-03	1.949844599758046e-03
9305	1.843709154361828e-03	1.862087136662868e-03
9819	1.813769257538844e-03	1.819700858609983e-03
10863	1.741640688107005e-03	1.778279410038923e-03
11387	1.737698822454226e-03	1.737800828749376e-03
11448	1.690193828345565e-03	1.698243652461744e-03
15163	1.618136081262045e-03	1.621810097358930e-03
16442	1.584883874412690e-03	1.584893192461114e-03
30463	1.548765873491731e-03	1.548816618912481e-03
41094	1.511178911010491e-03	1.513561248436209e-03
48558	1.458816778942107e-03	1.479108388168207e-03
50094	1.426179288596896e-03	1.445439770745928e-03
51301	1.340024909561310e-03	1.348962882591653e-03
51924	1.316141803458959e-03	1.318256738556408e-03
52374	1.282497342449673e-03	1.288249551693134e-03
61828	1.250929384648991e-03	1.258925411794167e-03
62192	1.230091920242815e-03	1.230268770812381e-03
71664	1.202052109939400e-03	1.202264434617413e-03
80568	1.163363958791019e-03	1.174897554939529e-03
137320	1.147571525942914e-03	1.148153621496883e-03
300000	1.137350705522566e-03	1.148153621496883e-03
%
% index = 2030, name = bbob_f006_i13_d05__bbob_f020_i14_d05
% instance = 6, reference value = 9.999508847091790e-01
% function evaluation | indicator value | target hit
1	8.934957875865983e-01	9.120108393559098e-01
10	3.166078905761047e-01	3.235936569296283e-01
44	3.090881836343458e-01	3.162277660168379e-01
102	3.075589761641347e-01	3.090295432513591e-01
181	2.831163183979010e-01	2.884031503126606e-01
198	2.802157706803550e-01	2.818382931264454e-01
216	1.791062792307961e-01	1.819700858609984e-01
296	1.740565516665048e-01	1.778279410038923e-01
304	1.507824292626034e-01	1.513561248436208e-01
305	1.181175694344426e-01	1.202264434617413e-01
331	1.152606562932726e-01	1.174897554939529e-01
353	9.328783219464121e-02	9.332543007969910e-02
360	9.074554923991829e-02	9.120108393559097e-02
362	5.655535069471196e-02	5.754399373371569e-02
364	3.848002918847870e-02	3.890451449942807e-02
375	3.711899948258324e-02	3.715352290971726e-02
395	2.275787533908469e-02	2.290867652767773e-02
415	1.791035904411653e-02	1.819700858609984e-02
420	1.772365263846387e-02	1.778279410038923e-02
426	1.672948405087304e-02	1.698243652461744e-02
455	1.618283767158413e-02	1.621810097358930e-02
463	1.445887761824771e-02	1.479108388168207e-02
464	1.440224387844347e-02	1.445439770745927e-02
468	1.127288299641627e-02	1.148153621496883e-02
492	1.118739283410619e-02	1.122018454301964e-02
497	7.416949732767519e-03	7.585775750291836e-03
500	2.353358477605871e-03	2.398832919019490e-03
531	2.304928415020835e-03	2.344228815319923e-03
564	1.980714361086822e-03	1.995262314968879e-03
570	1.926519216928546e-03	1.949844599758046e-03
572	1.857657546960434e-03	1.862087136662868e-03
627	1.194456445990921e-03	1.202264434617413e-03
642	1.119824191990970e-03	1.122018454301963e-03
652	1.052324114261816e-03	1.071519305237606e-03
677	1.042988020942937e-03	1.047128548050900e-03
679	9.824921929849628e-04	1.000000000000000e-03
687	9.274116299782253e-04	9.332543007969915e-04
708	8.826839611055792e-04	8.912509381337459e-04
730	8.371493615721981e-04	8.511380382023768e-04
757	8.209677078762079e-04	8.317637711026709e-04
772	8.044128282915786e-04	8.128305161640995e-04
795	7.377336343322716e-04	7.413102413009177e-04
815	4.913532625001604e-04	5.011872336272725e-04
826	4.826895585221536e-04	4.897788193684461e-04
869	4.593591358716953e-04	4.677351412871981e-04
890	4.465369072580438e-04	4.466835921509630e-04
912	4.286678859914961e-04	4.365158322401661e-04
920	3.994909629863042e-04	4.073802778041126e-04
929	3.790287938153503e-04	3.801893963205612e-04
961	3.391917327818517e-04	3.467368504525317e-04
982	3.388214489100649e-04	3.388441561392024e-04
1167	3.291606195401364e-04	3.311311214825911e-04
1342	3.111749989739288e-04	3.162277660168379e-04
1373	3.024374765230320e-04	3.090295432513592e-04
1375	3.013494284446194e-04	3.019951720402016e-04
1659	2.950653347628673e-04	2.951209226666387e-04
1693	2.810865843525523e-04	2.818382931264455e-04
1694	2.664688543924099e-04	2.691534803926917e-04
1763	2.626814549305800e-04	2.630267991895381e-04
1878	2.530678246944751e-04	2.570395782768865e-04
2157	2.491960166601803e-04	2.511886431509580e-04
2627	2.413326614050249e-04	2.454708915685031e-04
2782	2.355738564149279e-04	2.398832919019490e-04
2975	2.340069557820179e-04	2.344228815319923e-04
4032	2.277355321974595e-04	2.290867652767772e-04
4373	2.211327168294419e-04	2.238721138568340e-04
5514	2.181364567888089e-04	2.187761623949552e-04
8382	2.133681467313409e-04	2.137962089502232e-04
41654	2.075466965044681e-04	2.089296130854039e-04
92878	2.040661060696003e-04	2.041737944669530e-04
254515	1.975887732724724e-04	1.995262314968879e-04
286602	1.947439332699030e-04	1.949844599758046e-04
302374	1.943061212896779e-04	1.949844599758046e-04
%
% index = 2031, name = bbob_f006_i15_d05__bbob_f020_i16_d05
% instance = 7, reference value = 9.996484891262830e-01
% function evaluation | indicator value | target hit
1	1.139552240824283e+00	1.148153621496883e+00
29	1.121888348979283e+00	1.122018454301963e+00
83	1.035594596901783e+00	1.047128548050900e+00
84	5.571786787792981e-01	5.623413251903491e-01
98	5.193556605948337e-01	5.248074602497725e-01
141	4.826586247667358e-01	4.897788193684462e-01
170	1.925940516964711e-01	1.949844599758045e-01
211	3.469383611815646e-02	3.548133892335755e-02
230	3.466679396015981e-02	3.467368504525317e-02
248	1.568616674308332e-02	1.584893192461113e-02
257	1.540691553669171e-02	1.548816618912481e-02
282	1.025874849211827e-02	1.047128548050900e-02
286	1.021431373845727e-02	1.023292992280754e-02
321	7.922463551012560e-03	7.943282347242814e-03
357	6.941365531719090e-03	7.079457843841380e-03
393	6.845026890572981e-03	6.918309709189363e-03
430	5.545049066541852e-03	5.623413251903491e-03
433	5.467418789484202e-03	5.495408738576248e-03
480	4.931480289729340e-03	5.011872336272725e-03
505	4.879177821312641e-03	4.897788193684461e-03
595	4.715563616627949e-03	4.786300923226385e-03
620	4.651346179113336e-03	4.677351412871981e-03
773	4.536938804304502e-03	4.570881896148752e-03
835	4.415151906561832e-03	4.466835921509630e-03
900	4.335944770506250e-03	4.365158322401661e-03
903	4.130157450580985e-03	4.168693834703355e-03
939	3.996459302008204e-03	4.073802778041126e-03
1037	3.688383968747155e-03	3.715352290971724e-03
1210	3.519185406461012e-03	3.548133892335753e-03
1366	3.402985389061253e-03	3.467368504525317e-03
1372	3.336196010877313e-03	3.388441561392024e-03
1389	3.085167043948456e-03	3.090295432513592e-03
1397	3.010995837811503e-03	3.019951720402016e-03
1420	2.594891299816826e-03	2.630267991895381e-03
1467	2.548515826984121e-03	2.570395782768865e-03
1514	2.509738775422488e-03	2.511886431509579e-03
1599	2.425279478534992e-03	2.454708915685031e-03
1760	2.377904651576501e-03	2.398832919019490e-03
1800	2.334554897592933e-03	2.344228815319923e-03
2016	2.274485401771664e-03	2.290867652767772e-03
2119	1.625603183136648e-03	1.659586907437561e-03
2403	1.614775740192753e-03	1.621810097358930e-03
2647	1.452969418010208e-03	1.479108388168207e-03
2683	1.420558042476205e-03	1.445439770745928e-03
3086	1.352693211133849e-03	1.380384264602885e-03
3333	1.332557772185217e-03	1.348962882591653e-03
3900	1.301216579687181e-03	1.318256738556408e-03
6436	1.284490684674622e-03	1.288249551693134e-03
11690	1.258069306200760e-03	1.258925411794167e-03
67256	1.208056516646239e-03	1.230268770812381e-03
73114	1.173305379075229e-03	1.174897554939529e-03
78619	1.142491272864476e-03	1.148153621496883e-03
78771	1.113427733518968e-03	1.122018454301963e-03
83023	9.215570049290189e-04	9.332543007969915e-04
83455	8.779742186039163e-04	8.912509381337459e-04
86693	8.296298888302855e-04	8.317637711026709e-04
87366	8.047030382946074e-04	8.128305161640995e-04
89969	7.800352161478896e-04	7.943282347242813e-04
93741	7.686669548236935e-04	7.762471166286919e-04
94492	7.388988576186861e-04	7.413102413009177e-04
95657	7.227878545669197e-04	7.244359600749898e-04
119444	6.979600547603049e-04	7.079457843841380e-04
124674	6.879951466902678e-04	6.918309709189362e-04
133060	6.760819888582681e-04	6.760829753919819e-04
134254	6.320732346305480e-04	6.456542290346556e-04
137292	6.309379374384028e-04	6.309573444801930e-04
158299	6.052167359764660e-04	6.165950018614823e-04
159408	5.904598131990513e-04	6.025595860743575e-04
165136	5.880399209924336e-04	5.888436553555889e-04
169894	5.691197196849851e-04	5.754399373371566e-04
176800	5.598949258621699e-04	5.623413251903491e-04
181598	5.389425631953104e-04	5.495408738576248e-04
183837	5.227169831351075e-04	5.248074602497728e-04
188581	5.126723506813091e-04	5.128613839913648e-04
189442	4.975826584486809e-04	5.011872336272725e-04
192485	4.330203685036782e-04	4.365158322401661e-04
194323	3.789187312446263e-04	3.801893963205612e-04
195049	3.704000099216120e-04	3.715352290971724e-04
195114	3.607981611162270e-04	3.630780547701014e-04
199916	3.374769414276058e-04	3.388441561392024e-04
200655	3.271907688895404e-04	3.311311214825911e-04
201259	3.184734347964069e-04	3.235936569296281e-04
203758	3.052794258727731e-04	3.090295432513592e-04
207738	2.982617718937375e-04	3.019951720402016e-04
210739	2.832034916934179e-04	2.884031503126605e-04
217472	2.683310332810551e-04	2.691534803926917e-04
230857	2.579865600209619e-04	2.630267991895381e-04
230905	2.559725450886896e-04	2.570395782768865e-04
233769	2.050468426889607e-04	2.089296130854039e-04
235068	2.041383273461150e-04	2.041737944669530e-04
235969	1.861111985066444e-04	1.862087136662868e-04
241321	1.791998910328774e-04	1.819700858609983e-04
248662	1.531113308804732e-04	1.548816618912481e-04
248725	1.160347569043596e-04	1.174897554939529e-04
249619	1.066610606149654e-04	1.071519305237606e-04
250517	1.042998338568468e-04	1.047128548050900e-04
252927	1.023223053490119e-04	1.023292992280754e-04
257952	8.540171978410616e-05	8.709635899560814e-05
258234	8.476769983623011e-05	8.511380382023759e-05
262752	8.315182636653429e-05	8.317637711026709e-05
272967	8.128057546952228e-05	8.128305161640995e-05
274175	7.539935856115676e-05	7.585775750291836e-05
277282	7.412870670742144e-05	7.413102413009176e-05
279941	7.182357256207972e-05	7.244359600749906e-05
281213	6.896478814166773e-05	6.918309709189363e-05
285390	6.505384874355702e-05	6.606934480075965e-05
288644	6.456532679366411e-05	6.456542290346549e-05
300001	6.408213741604385e-05	6.456542290346549e-05
%
% index = 2032, name = bbob_f006_i17_d05__bbob_f020_i18_d05
% instance = 8, reference value = 9.937950243174200e-01
% function evaluation | indicator value | target hit
1	9.179790892084027e-01	9.332543007969910e-01
23	8.550893843522031e-01	8.709635899560807e-01
24	6.779014372353287e-01	6.918309709189365e-01
26	6.447068557571973e-01	6.456542290346555e-01
39	4.771857436323959e-01	4.786300923226383e-01
57	4.326854400623833e-01	4.365158322401660e-01
110	4.259436556802825e-01	4.265795188015927e-01
125	3.981799273612115e-01	4.073802778041127e-01
131	3.768967704492820e-01	3.801893963205612e-01
147	3.656690029140973e-01	3.715352290971726e-01
182	3.628444612178989e-01	3.630780547701014e-01
245	9.691602473929450e-02	9.772372209558107e-02
261	9.357094031163071e-02	9.549925860214359e-02
273	9.332139676547302e-02	9.332543007969910e-02
401	9.119875430091018e-02	9.120108393559097e-02
404	6.969710989165312e-02	7.079457843841380e-02
424	6.502312324086335e-02	6.606934480075961e-02
449	6.422322640200229e-02	6.456542290346556e-02
451	6.136591370745459e-02	6.165950018614822e-02
507	4.505190961610217e-02	4.570881896148749e-02
541	4.464487873312672e-02	4.466835921509630e-02
551	4.290151556696442e-02	4.365158322401658e-02
625	4.265673727381036e-02	4.265795188015926e-02
718	3.960742254086180e-02	3.981071705534973e-02
768	3.879476861342956e-02	3.890451449942807e-02
793	3.797798378480166e-02	3.801893963205612e-02
813	3.607130150197080e-02	3.630780547701014e-02
824	3.438825739731843e-02	3.467368504525317e-02
872	3.384193211341013e-02	3.388441561392026e-02
888	2.810685759477216e-02	2.818382931264454e-02
889	2.524719263130171e-02	2.570395782768863e-02
894	2.395827720293486e-02	2.398832919019490e-02
925	2.301302972820685e-02	2.344228815319923e-02
938	2.290383884627623e-02	2.290867652767773e-02
954	2.186362972235667e-02	2.187761623949553e-02
987	2.137837514065766e-02	2.137962089502233e-02
1003	2.088738388052480e-02	2.089296130854040e-02
1126	1.948838951136556e-02	1.949844599758046e-02
1142	1.897455741778953e-02	1.905460717963247e-02
1176	1.861350559425823e-02	1.862087136662868e-02
1182	1.710835912552133e-02	1.737800828749375e-02
1186	1.605907901205528e-02	1.621810097358930e-02
1200	1.577766413555892e-02	1.584893192461113e-02
1217	1.451175070854926e-02	1.479108388168207e-02
1226	1.443208005438312e-02	1.445439770745927e-02
1247	1.371439949473530e-02	1.380384264602885e-02
1293	1.348036116922113e-02	1.348962882591653e-02
1303	1.302502523164140e-02	1.318256738556407e-02
1304	1.204633636734365e-02	1.230268770812382e-02
1327	1.201174789505610e-02	1.202264434617413e-02
1343	1.156618888065719e-02	1.174897554939530e-02
1360	1.138450959084059e-02	1.148153621496883e-02
1381	1.120972214322358e-02	1.122018454301964e-02
1402	1.094109386206543e-02	1.096478196143185e-02
1432	1.058823379670371e-02	1.071519305237606e-02
1447	1.025336302397406e-02	1.047128548050900e-02
1449	1.022347388289313e-02	1.023292992280754e-02
1454	9.921679498361868e-03	1.000000000000000e-02
1493	9.757506927981496e-03	9.772372209558112e-03
1720	9.418234998986530e-03	9.549925860214359e-03
1725	9.324692242032917e-03	9.332543007969915e-03
1737	9.088175424195821e-03	9.120108393559097e-03
1761	8.822458094327468e-03	8.912509381337459e-03
1767	8.561432954613091e-03	8.709635899560805e-03
1780	8.501066772129806e-03	8.511380382023767e-03
1803	8.292425236365863e-03	8.317637711026709e-03
1846	8.110415109485181e-03	8.128305161640995e-03
1914	7.599990550984148e-03	7.762471166286920e-03
1917	7.569270229721536e-03	7.585775750291836e-03
1981	7.411725531022539e-03	7.413102413009177e-03
2009	7.226163056248791e-03	7.244359600749898e-03
2045	6.865313513145455e-03	6.918309709189363e-03
2091	6.639830128727819e-03	6.760829753919818e-03
2093	6.521691744364677e-03	6.606934480075957e-03
2386	6.450814230405832e-03	6.456542290346556e-03
2440	6.293857934047908e-03	6.309573444801930e-03
2462	6.123293436301469e-03	6.165950018614822e-03
2493	5.976855310476425e-03	6.025595860743574e-03
2555	5.860428590156563e-03	5.888436553555890e-03
2641	5.738302098779569e-03	5.754399373371567e-03
2670	5.133084927678055e-03	5.248074602497728e-03
2685	5.128326781005943e-03	5.128613839913648e-03
2710	4.996340772388530e-03	5.011872336272725e-03
2736	4.890017994813589e-03	4.897788193684461e-03
2834	4.703131716660369e-03	4.786300923226385e-03
2858	4.645600241507286e-03	4.677351412871981e-03
2931	4.457314134916346e-03	4.466835921509630e-03
3077	4.334181441062568e-03	4.365158322401661e-03
3171	4.263402412638007e-03	4.265795188015926e-03
3288	4.162098700464023e-03	4.168693834703355e-03
3316	4.062267848190970e-03	4.073802778041126e-03
3359	3.911136674788485e-03	3.981071705534973e-03
3369	3.773740777220480e-03	3.801893963205613e-03
3380	3.713091259695767e-03	3.715352290971724e-03
3384	3.573089155340381e-03	3.630780547701014e-03
3427	3.488067221721458e-03	3.548133892335753e-03
3441	3.418493848685311e-03	3.467368504525317e-03
3452	3.386842412318347e-03	3.388441561392024e-03
3487	3.310492301490719e-03	3.311311214825911e-03
3553	3.211250655671294e-03	3.235936569296281e-03
3604	3.153740003427496e-03	3.162277660168379e-03
3747	3.089379043806018e-03	3.090295432513592e-03
4203	3.011091797019749e-03	3.019951720402016e-03
4244	2.951091256951477e-03	2.951209226666387e-03
4258	2.878599486688671e-03	2.884031503126605e-03
4288	2.796176645249671e-03	2.818382931264455e-03
4312	2.742342444487900e-03	2.754228703338166e-03
4349	2.684666309690775e-03	2.691534803926917e-03
4374	2.623073864919334e-03	2.630267991895381e-03
4454	2.555280922778347e-03	2.570395782768865e-03
4493	2.498991052763966e-03	2.511886431509579e-03
5177	2.453531780443718e-03	2.454708915685031e-03
5264	2.391584617085440e-03	2.398832919019490e-03
5329	2.342841300205567e-03	2.344228815319923e-03
5462	2.289268409875755e-03	2.290867652767772e-03
5610	2.238579169213217e-03	2.238721138568340e-03
5814	2.184695183867214e-03	2.187761623949552e-03
6769	2.134381795441453e-03	2.137962089502233e-03
6930	2.088791376678723e-03	2.089296130854039e-03
7124	2.041697093461692e-03	2.041737944669530e-03
7327	1.995213600204493e-03	1.995262314968879e-03
7636	1.949564863888975e-03	1.949844599758046e-03
8439	1.818901085870683e-03	1.819700858609983e-03
8929	1.757528420243348e-03	1.778279410038923e-03
8958	1.687906908560022e-03	1.698243652461744e-03
9101	1.658463386643771e-03	1.659586907437561e-03
9262	1.613360304957290e-03	1.621810097358930e-03
9312	1.560557524716177e-03	1.584893192461114e-03
9340	1.523097878441515e-03	1.548816618912481e-03
9404	1.511179337584601e-03	1.513561248436209e-03
9606	1.478401441441068e-03	1.479108388168207e-03
10581	1.427886690431812e-03	1.445439770745928e-03
10643	1.411021938590995e-03	1.412537544622754e-03
10687	1.363071699668317e-03	1.380384264602885e-03
10758	1.298683101859543e-03	1.318256738556408e-03
10775	1.287085816143341e-03	1.288249551693134e-03
10822	1.256339973464637e-03	1.258925411794167e-03
10870	1.230122994246408e-03	1.230268770812381e-03
10934	1.193191047442532e-03	1.202264434617413e-03
10990	1.172858368717278e-03	1.174897554939529e-03
11030	1.142386270610474e-03	1.148153621496883e-03
11198	1.120783826204952e-03	1.122018454301963e-03
11238	1.095006676884669e-03	1.096478196143185e-03
11302	1.063242588228097e-03	1.071519305237606e-03
11377	1.034564817411376e-03	1.047128548050900e-03
11380	1.009347235256475e-03	1.023292992280754e-03
12168	9.981684609768893e-04	1.000000000000000e-03
12170	9.519186823687686e-04	9.549925860214359e-04
12213	9.216192758391140e-04	9.332543007969915e-04
12242	9.117871902356578e-04	9.120108393559096e-04
12291	8.908567874365003e-04	8.912509381337459e-04
12340	8.697004860335200e-04	8.709635899560805e-04
12400	8.506390869958969e-04	8.511380382023768e-04
12434	8.271629067293507e-04	8.317637711026709e-04
12443	8.038856768961544e-04	8.128305161640995e-04
12461	7.927567034378136e-04	7.943282347242813e-04
12467	7.758429225256380e-04	7.762471166286919e-04
12470	7.570648450111461e-04	7.585775750291835e-04
12525	7.410010918272869e-04	7.413102413009177e-04
12587	7.235030032911594e-04	7.244359600749898e-04
12668	7.060723689545911e-04	7.079457843841380e-04
12804	6.907791243474515e-04	6.918309709189362e-04
12901	6.756264833034376e-04	6.760829753919819e-04
12986	6.603597046596077e-04	6.606934480075957e-04
13049	6.455678377988994e-04	6.456542290346556e-04
13151	6.297246048878602e-04	6.309573444801930e-04
14154	6.132083334217109e-04	6.165950018614823e-04
14201	6.023918906810088e-04	6.025595860743575e-04
14299	5.888122954340602e-04	5.888436553555889e-04
14345	5.435535342502851e-04	5.495408738576248e-04
14351	5.359265141589020e-04	5.370317963702527e-04
14436	5.247730960246111e-04	5.248074602497728e-04
14543	5.125353698464119e-04	5.128613839913648e-04
14644	4.995647472830766e-04	5.011872336272725e-04
15932	4.897087692373736e-04	4.897788193684461e-04
16052	4.784788118027405e-04	4.786300923226385e-04
16220	4.677009742497518e-04	4.677351412871981e-04
16467	4.570822066958247e-04	4.570881896148752e-04
16655	4.464618467033832e-04	4.466835921509630e-04
18565	4.360076619761566e-04	4.365158322401661e-04
18752	4.265075827729614e-04	4.265795188015926e-04
18972	4.168080121846884e-04	4.168693834703355e-04
19308	4.072388797149440e-04	4.073802778041126e-04
19714	3.980673593686479e-04	3.981071705534974e-04
22443	3.889238469538814e-04	3.890451449942805e-04
22805	3.798927245035610e-04	3.801893963205612e-04
23253	3.714580843973136e-04	3.715352290971724e-04
23878	3.630748796693561e-04	3.630780547701014e-04
24552	3.547989270319407e-04	3.548133892335753e-04
28155	3.467253220553745e-04	3.467368504525317e-04
28817	3.386737671494666e-04	3.388441561392024e-04
29757	3.309768021076964e-04	3.311311214825911e-04
34779	3.235892561425091e-04	3.235936569296281e-04
35968	3.162266784355605e-04	3.162277660168379e-04
37193	3.090189606359539e-04	3.090295432513592e-04
44787	3.019930755374656e-04	3.019951720402016e-04
46456	2.951094954551925e-04	2.951209226666387e-04
56428	2.882275457811723e-04	2.884031503126605e-04
58881	2.818266322088814e-04	2.818382931264455e-04
62862	2.751854034376278e-04	2.754228703338166e-04
68206	2.691527462501675e-04	2.691534803926917e-04
80484	2.630265226922779e-04	2.630267991895381e-04
90345	2.570352694163391e-04	2.570395782768865e-04
104029	2.511882276297062e-04	2.511886431509580e-04
117255	2.454699637933766e-04	2.454708915685031e-04
140795	2.398589321195299e-04	2.398832919019490e-04
185780	2.344145780982521e-04	2.344228815319923e-04
300000	2.293122952776727e-04	2.344228815319923e-04
%
% index = 2033, name = bbob_f006_i19_d05__bbob_f020_i21_d05
% instance = 9, reference value = 9.997086243892920e-01
% function evaluation | indicator value | target hit
1	2.649120442152292e+00	2.691534803926916e+00
13	7.699862852296186e-01	7.762471166286917e-01
31	7.281959519497004e-01	7.413102413009175e-01
40	6.190440675975166e-01	6.309573444801932e-01
80	5.744328740127640e-01	5.754399373371569e-01
183	5.618627292332548e-01	5.623413251903491e-01
207	3.289425870341364e-01	3.311311214825911e-01
208	3.108417888830665e-01	3.162277660168379e-01
268	1.462643776724101e-01	1.479108388168208e-01
269	1.186217602255031e-01	1.202264434617413e-01
289	9.926290119396775e-02	1.000000000000000e-01
301	9.387801760092895e-02	9.549925860214359e-02
319	9.303373989936403e-02	9.332543007969910e-02
361	3.369903490190207e-02	3.388441561392026e-02
369	1.694110107512226e-02	1.698243652461744e-02
377	1.390517271376168e-02	1.412537544622754e-02
383	4.084272429492608e-03	4.168693834703355e-03
416	3.985777782893885e-03	4.073802778041126e-03
430	3.941118823911904e-03	3.981071705534973e-03
459	3.732516124038909e-03	3.801893963205613e-03
519	3.326871968121536e-03	3.388441561392024e-03
537	3.309480067197113e-03	3.311311214825911e-03
544	3.125819339499736e-03	3.162277660168379e-03
593	2.814576919406786e-03	2.818382931264455e-03
643	2.753830368351751e-03	2.754228703338166e-03
669	2.541063677744426e-03	2.570395782768865e-03
686	2.244517600539342e-03	2.290867652767772e-03
751	2.237256311634850e-03	2.238721138568340e-03
880	2.042668615413468e-03	2.089296130854039e-03
893	2.035899140199526e-03	2.041737944669530e-03
947	1.722957363981092e-03	1.737800828749376e-03
963	1.669325496261753e-03	1.698243652461744e-03
977	1.627117972303527e-03	1.659586907437561e-03
981	1.585011352782995e-03	1.621810097358930e-03
1047	1.582071153470532e-03	1.584893192461114e-03
1066	1.546407234004676e-03	1.548816618912481e-03
1139	1.510627589146996e-03	1.513561248436209e-03
1245	1.442719989129704e-03	1.445439770745928e-03
1386	1.284835703528331e-03	1.288249551693134e-03
1468	1.256634249196753e-03	1.258925411794167e-03
1549	1.230138059479247e-03	1.230268770812381e-03
1718	1.200518788469163e-03	1.202264434617413e-03
2075	1.173226665136196e-03	1.174897554939529e-03
2121	1.053193373442229e-03	1.071519305237606e-03
2146	1.041552223424724e-03	1.047128548050900e-03
2159	1.013368013494720e-03	1.023292992280754e-03
2188	9.861408028437602e-04	1.000000000000000e-03
2189	9.661339132395197e-04	9.772372209558111e-04
2190	8.660190507542298e-04	8.709635899560805e-04
2268	8.293620028213544e-04	8.317637711026709e-04
2369	8.081327822921924e-04	8.128305161640995e-04
2382	7.749004851268504e-04	7.762471166286919e-04
2407	7.300740603894962e-04	7.413102413009177e-04
2454	7.187065037700391e-04	7.244359600749898e-04
2534	7.058252180263125e-04	7.079457843841380e-04
2804	6.679368231121696e-04	6.760829753919819e-04
2852	6.486529955648246e-04	6.606934480075957e-04
2912	6.444184246600093e-04	6.456542290346556e-04
3101	6.292919479722325e-04	6.309573444801930e-04
3213	6.148446953150311e-04	6.165950018614823e-04
3220	5.497512136941607e-04	5.623413251903491e-04
3232	5.446848769418144e-04	5.495408738576248e-04
3318	5.329526413829777e-04	5.370317963702527e-04
3416	5.242364019990564e-04	5.248074602497728e-04
3894	5.119609838617478e-04	5.128613839913648e-04
4346	4.905246069430991e-04	5.011872336272725e-04
4372	4.885496266910927e-04	4.897788193684461e-04
4501	4.763508397858107e-04	4.786300923226385e-04
4744	4.632564434398079e-04	4.677351412871981e-04
4865	4.495252936246308e-04	4.570881896148752e-04
4958	4.444195730264333e-04	4.466835921509630e-04
5598	3.934272990496757e-04	3.981071705534974e-04
6380	3.833639385996124e-04	3.890451449942805e-04
6745	3.801884702744340e-04	3.801893963205612e-04
8382	3.665837476931610e-04	3.715352290971724e-04
8727	3.481049521105728e-04	3.548133892335753e-04
10142	3.430486909582475e-04	3.467368504525317e-04
10526	2.860529154853353e-04	2.884031503126605e-04
12650	2.811379789953161e-04	2.818382931264455e-04
13474	2.703559695174107e-04	2.754228703338166e-04
14488	2.688493946186865e-04	2.691534803926917e-04
14517	2.487689622943101e-04	2.511886431509580e-04
16193	2.444084739503527e-04	2.454708915685031e-04
19773	2.287183308344876e-04	2.290867652767772e-04
21881	2.204835217379797e-04	2.238721138568340e-04
22483	2.136438295848864e-04	2.137962089502232e-04
27843	2.068059283717449e-04	2.089296130854039e-04
32446	2.009269009874970e-04	2.041737944669530e-04
36863	1.995256196415385e-04	1.995262314968879e-04
37797	1.949648287072892e-04	1.949844599758046e-04
50686	1.905453699623250e-04	1.905460717963246e-04
69165	1.862080576731096e-04	1.862087136662868e-04
75868	1.812632981768036e-04	1.819700858609983e-04
114810	1.778279108247682e-04	1.778279410038923e-04
167149	1.711358854054046e-04	1.737800828749376e-04
180151	1.698235994294084e-04	1.698243652461744e-04
211319	1.633161642781156e-04	1.659586907437562e-04
255337	1.621806845163443e-04	1.621810097358930e-04
294880	1.553381692440681e-04	1.584893192461114e-04
300001	1.552429038481629e-04	1.584893192461114e-04
%
% index = 2034, name = bbob_f006_i21_d05__bbob_f020_i22_d05
% instance = 10, reference value = 9.944958871738130e-01
% function evaluation | indicator value | target hit
1	1.036252980600148e+02	1.047128548050900e+02
3	6.351755259185081e+01	6.456542290346556e+01
17	3.969875560397931e+01	3.981071705534973e+01
61	6.248929164681517e-01	6.309573444801932e-01
92	6.147371915298743e-01	6.165950018614822e-01
110	5.665245136248727e-01	5.754399373371569e-01
143	3.832712514322654e-01	3.890451449942806e-01
190	3.785816830465221e-01	3.801893963205612e-01
233	2.212648558447117e-01	2.238721138568339e-01
306	1.667989578977878e-01	1.698243652461744e-01
307	1.649408577196192e-01	1.659586907437560e-01
341	1.390033187403252e-01	1.412537544622754e-01
362	1.007851464479600e-01	1.023292992280754e-01
365	9.908421141023949e-02	1.000000000000000e-01
367	9.209577538091418e-02	9.332543007969910e-02
369	8.505587764755540e-02	8.511380382023763e-02
385	7.808686488192007e-02	7.943282347242814e-02
423	7.395509065341010e-02	7.413102413009177e-02
435	6.863316935205954e-02	6.918309709189366e-02
483	6.710933252040563e-02	6.760829753919818e-02
487	6.371825466669812e-02	6.456542290346556e-02
492	6.260590857452619e-02	6.309573444801933e-02
555	6.154803405259779e-02	6.165950018614822e-02
584	5.536018654730901e-02	5.623413251903491e-02
600	5.488567105511399e-02	5.495408738576246e-02
613	5.307341832054113e-02	5.370317963702527e-02
618	5.040231999164635e-02	5.128613839913648e-02
630	4.936949539005386e-02	5.011872336272722e-02
691	4.670655013091007e-02	4.677351412871981e-02
745	4.141881368220501e-02	4.168693834703355e-02
795	3.924980402018385e-02	3.981071705534973e-02
802	3.377822202285941e-02	3.388441561392026e-02
871	3.310374732637023e-02	3.311311214825911e-02
972	3.190557180309250e-02	3.235936569296283e-02
1008	3.158737162247660e-02	3.162277660168379e-02
1267	3.079410958543094e-02	3.090295432513590e-02
1473	2.986509539463844e-02	3.019951720402016e-02
1625	2.646531433810173e-02	2.691534803926915e-02
1730	2.606053729327196e-02	2.630267991895381e-02
1842	2.567114398733139e-02	2.570395782768863e-02
2007	2.435297204099984e-02	2.454708915685030e-02
2017	2.397012582378966e-02	2.398832919019490e-02
2780	2.246169047015245e-02	2.290867652767773e-02
2818	2.104514349878772e-02	2.137962089502233e-02
2819	2.084858236995091e-02	2.089296130854040e-02
3151	1.969084570230994e-02	1.995262314968880e-02
4492	1.949672554804993e-02	1.949844599758046e-02
5170	1.892144842041477e-02	1.905460717963247e-02
8097	1.855334672705156e-02	1.862087136662868e-02
8350	1.818997980413872e-02	1.819700858609984e-02
8612	1.768353774005149e-02	1.778279410038923e-02
10849	1.736678717611684e-02	1.737800828749375e-02
12368	1.668126689798022e-02	1.698243652461744e-02
12862	1.657344480188394e-02	1.659586907437561e-02
31887	1.621213935014787e-02	1.621810097358930e-02
52805	1.584643747992454e-02	1.584893192461113e-02
69968	1.544480920693592e-02	1.548816618912481e-02
71024	1.479687402570229e-02	1.513561248436208e-02
74164	1.478236303480418e-02	1.479108388168207e-02
80227	1.427566778331857e-02	1.445439770745927e-02
83201	1.405714081482157e-02	1.412537544622754e-02
93442	1.375704588270987e-02	1.380384264602885e-02
106676	1.346008223444206e-02	1.348962882591653e-02
112846	1.287780902433899e-02	1.288249551693134e-02
142094	1.258810289826751e-02	1.258925411794167e-02
182555	1.219527901051687e-02	1.230268770812382e-02
227475	1.184164753404304e-02	1.202264434617413e-02
263011	1.174495890601046e-02	1.174897554939530e-02
293256	1.147616979393162e-02	1.148153621496883e-02
300000	1.147313950461404e-02	1.148153621496883e-02
%
% index = 2035, name = bbob_f006_i23_d05__bbob_f020_i24_d05
% instance = 11, reference value = 1.000000000000000e+00
% function evaluation | indicator value | target hit
1	8.885531960707598e-01	8.912509381337456e-01
2	8.402086379780251e-01	8.511380382023764e-01
27	7.734731562702553e-01	7.762471166286917e-01
39	6.800665373445668e-01	6.918309709189365e-01
65	6.503959828041651e-01	6.606934480075960e-01
73	6.403229302013423e-01	6.456542290346555e-01
74	5.177010425969019e-01	5.248074602497725e-01
103	4.598598473644360e-01	4.677351412871982e-01
137	4.395624984418781e-01	4.466835921509631e-01
142	4.357943524105731e-01	4.365158322401660e-01
195	4.251513680263507e-01	4.265795188015927e-01
224	4.128470541306359e-01	4.168693834703354e-01
226	2.593136340049904e-01	2.630267991895382e-01
227	2.563477802556572e-01	2.570395782768864e-01
229	2.301588729291926e-01	2.344228815319922e-01
252	1.873738815229258e-01	1.905460717963247e-01
318	8.992333516485185e-02	9.120108393559097e-02
322	8.614791837609181e-02	8.709635899560805e-02
346	8.379169422282073e-02	8.511380382023763e-02
351	6.948823377455082e-02	7.079457843841380e-02
360	6.744370445934644e-02	6.760829753919818e-02
387	3.412595176939426e-02	3.467368504525317e-02
388	2.471840984916540e-02	2.511886431509579e-02
396	2.387250192766055e-02	2.398832919019490e-02
412	1.853993021101974e-02	1.862087136662868e-02
445	1.657062121389030e-02	1.659586907437561e-02
460	1.604322338072450e-02	1.621810097358930e-02
474	1.545306935892521e-02	1.548816618912481e-02
487	1.479683726630532e-02	1.513561248436208e-02
488	1.367417064478116e-02	1.380384264602885e-02
505	1.261755992570135e-02	1.288249551693134e-02
515	1.219559409716020e-02	1.230268770812382e-02
519	1.184076127709743e-02	1.202264434617413e-02
521	1.169683224147122e-02	1.174897554939530e-02
527	1.116449375699735e-02	1.122018454301964e-02
530	1.046154334724181e-02	1.047128548050900e-02
563	1.017572330914673e-02	1.023292992280754e-02
568	9.426939266039547e-03	9.549925860214359e-03
569	9.299218061155301e-03	9.332543007969915e-03
610	9.118167969777713e-03	9.120108393559097e-03
630	8.708807073888325e-03	8.709635899560805e-03
654	8.461230708320722e-03	8.511380382023767e-03
661	8.315834532047317e-03	8.317637711026709e-03
662	8.074196556004054e-03	8.128305161640995e-03
674	7.904615473443344e-03	7.943282347242814e-03
695	7.761647546634554e-03	7.762471166286920e-03
726	7.565648655149637e-03	7.585775750291836e-03
732	7.383481311012852e-03	7.413102413009177e-03
753	7.106855754372421e-03	7.244359600749898e-03
758	7.076170782595925e-03	7.079457843841380e-03
779	6.913352604973055e-03	6.918309709189363e-03
783	6.663744959830797e-03	6.760829753919818e-03
807	6.540742231309848e-03	6.606934480075957e-03
818	6.414269127447358e-03	6.456542290346556e-03
851	6.280752113003829e-03	6.309573444801930e-03
855	6.011174250392992e-03	6.025595860743574e-03
871	5.877955976449800e-03	5.888436553555890e-03
874	5.629025909116070e-03	5.754399373371567e-03
880	5.605302745875562e-03	5.623413251903491e-03
897	5.304533107768239e-03	5.370317963702527e-03
900	5.149310891534475e-03	5.248074602497728e-03
901	5.007063249943156e-03	5.011872336272725e-03
917	4.888807683027019e-03	4.897788193684461e-03
959	4.689801975997887e-03	4.786300923226385e-03
981	4.649275067120762e-03	4.677351412871981e-03
1033	4.408854562581888e-03	4.466835921509630e-03
1059	4.344154411467849e-03	4.365158322401661e-03
1072	4.175527784281097e-03	4.265795188015926e-03
1100	4.152183702567425e-03	4.168693834703355e-03
1119	4.063177100299020e-03	4.073802778041126e-03
1320	3.981028359575256e-03	3.981071705534973e-03
1352	3.870315206488617e-03	3.890451449942805e-03
1354	3.778461744352812e-03	3.801893963205613e-03
1395	3.658859128425451e-03	3.715352290971724e-03
1410	3.627469929945448e-03	3.630780547701014e-03
1439	3.539812266626918e-03	3.548133892335753e-03
1485	3.456034826057497e-03	3.467368504525317e-03
1720	3.383497522636891e-03	3.388441561392024e-03
1788	3.309079409018478e-03	3.311311214825911e-03
1855	3.229961193859210e-03	3.235936569296281e-03
2150	3.150376551481204e-03	3.162277660168379e-03
2197	3.089470464674893e-03	3.090295432513592e-03
2226	3.017520035827892e-03	3.019951720402016e-03
2265	2.947399560901620e-03	2.951209226666387e-03
2339	2.881130898891304e-03	2.884031503126605e-03
2368	2.809905331168427e-03	2.818382931264455e-03
2497	2.752595203353581e-03	2.754228703338166e-03
2550	2.680222824643863e-03	2.691534803926917e-03
2600	2.628345929544418e-03	2.630267991895381e-03
2722	2.570369739552270e-03	2.570395782768865e-03
2804	2.511572001589579e-03	2.511886431509579e-03
2862	2.449538552219965e-03	2.454708915685031e-03
2915	2.398189207244106e-03	2.398832919019490e-03
3054	2.344108005565837e-03	2.344228815319923e-03
3091	2.288034640447578e-03	2.290867652767772e-03
3225	2.238333236052270e-03	2.238721138568340e-03
3482	2.187409272008445e-03	2.187761623949552e-03
3906	2.136675503520813e-03	2.137962089502233e-03
4015	2.088169629083314e-03	2.089296130854039e-03
4174	2.039329536135281e-03	2.041737944669530e-03
4544	1.994609181840468e-03	1.995262314968879e-03
5209	1.949698898332630e-03	1.949844599758046e-03
5437	1.904865126579169e-03	1.905460717963246e-03
5864	1.861484713476247e-03	1.862087136662868e-03
6920	1.819393957999016e-03	1.819700858609983e-03
7214	1.778258097908991e-03	1.778279410038923e-03
8778	1.737591625533219e-03	1.737800828749376e-03
9771	1.698239705289928e-03	1.698243652461744e-03
12797	1.659576720412281e-03	1.659586907437561e-03
22597	1.621809314958811e-03	1.621810097358930e-03
66026	1.584744013043871e-03	1.584893192461114e-03
300001	1.553463104503217e-03	1.584893192461114e-03
%
% index = 2036, name = bbob_f006_i25_d05__bbob_f020_i26_d05
% instance = 12, reference value = 1.000000000000000e+00
% function evaluation | indicator value | target hit
1	3.709764506580500e+00	3.715352290971725e+00
14	3.157699258796500e+00	3.162277660168380e+00
29	2.790092939066500e+00	2.818382931264454e+00
73	1.101433027617000e+00	1.122018454301963e+00
77	5.247053435324270e-01	5.248074602497725e-01
87	4.535220415502846e-01	4.570881896148750e-01
90	4.348592418598738e-01	4.365158322401660e-01
135	8.172686236597548e-02	8.317637711026708e-02
146	6.893410003084133e-02	6.918309709189366e-02
163	5.433627153996778e-02	5.495408738576246e-02
206	5.066696645165958e-02	5.128613839913648e-02
211	5.005259471862733e-02	5.011872336272722e-02
227	4.755047790317024e-02	4.786300923226382e-02
269	4.642016348732381e-02	4.677351412871981e-02
359	4.416453595773695e-02	4.466835921509630e-02
366	4.254140997861000e-02	4.265795188015926e-02
421	4.158439504348654e-02	4.168693834703355e-02
432	3.321887983940652e-02	3.388441561392026e-02
443	3.288193255049732e-02	3.311311214825911e-02
468	3.190710445098877e-02	3.235936569296283e-02
501	3.078117442816619e-02	3.090295432513590e-02
534	2.992066956121420e-02	3.019951720402016e-02
543	2.192219600910039e-02	2.238721138568340e-02
576	2.012116688054155e-02	2.041737944669529e-02
578	1.661780757262132e-02	1.698243652461744e-02
585	1.658641814861828e-02	1.659586907437561e-02
623	1.619744917954058e-02	1.621810097358930e-02
635	1.317665228113785e-02	1.318256738556407e-02
711	1.280007136369232e-02	1.288249551693134e-02
725	1.004226727925706e-02	1.023292992280754e-02
728	9.980958460018230e-03	1.000000000000000e-02
760	9.696121745665143e-03	9.772372209558112e-03
801	9.543340195940719e-03	9.549925860214359e-03
822	9.122637793966382e-03	9.332543007969915e-03
827	9.119416994206819e-03	9.120108393559097e-03
861	8.911922730768240e-03	8.912509381337459e-03
873	8.562425345291835e-03	8.709635899560805e-03
914	8.420425377763441e-03	8.511380382023767e-03
939	8.276852396047696e-03	8.317637711026709e-03
984	7.913793147511838e-03	7.943282347242814e-03
1157	6.692850775314119e-03	6.760829753919818e-03
1160	6.595900626864104e-03	6.606934480075957e-03
1231	6.362160460608335e-03	6.456542290346556e-03
1240	6.309297603023678e-03	6.309573444801930e-03
1287	6.163979745535841e-03	6.165950018614822e-03
1562	5.977719175676244e-03	6.025595860743574e-03
1578	5.877956524012018e-03	5.888436553555890e-03
1611	5.746219171665401e-03	5.754399373371567e-03
1658	5.586120252690896e-03	5.623413251903491e-03
1720	5.449741123008223e-03	5.495408738576248e-03
1752	5.351720269132665e-03	5.370317963702527e-03
1832	5.246854388313849e-03	5.248074602497728e-03
1906	5.128039581955735e-03	5.128613839913648e-03
2260	4.981214122658173e-03	5.011872336272725e-03
2263	4.878611130372024e-03	4.897788193684461e-03
2349	4.613448372796869e-03	4.677351412871981e-03
2422	4.567597182322136e-03	4.570881896148752e-03
2522	4.444617213586244e-03	4.466835921509630e-03
2534	4.261650491825031e-03	4.265795188015926e-03
2642	4.164978583489298e-03	4.168693834703355e-03
2767	4.053133642525575e-03	4.073802778041126e-03
2838	3.958043875144646e-03	3.981071705534973e-03
3420	3.884262292279450e-03	3.890451449942805e-03
3431	3.801671858159716e-03	3.801893963205613e-03
3559	3.707804703560136e-03	3.715352290971724e-03
3871	3.618382616743521e-03	3.630780547701014e-03
4010	3.547807798860547e-03	3.548133892335753e-03
4130	3.464004823671485e-03	3.467368504525317e-03
4314	3.377120027118874e-03	3.388441561392024e-03
4588	3.309106964957564e-03	3.311311214825911e-03
4990	3.235582106107526e-03	3.235936569296281e-03
5913	3.149191293927323e-03	3.162277660168379e-03
6337	3.088963465350258e-03	3.090295432513592e-03
6558	3.019510865312380e-03	3.019951720402016e-03
6923	2.948378491500203e-03	2.951209226666387e-03
8176	2.879826485780668e-03	2.884031503126605e-03
8553	2.818110636310989e-03	2.818382931264455e-03
9141	2.746474014805766e-03	2.754228703338166e-03
9866	2.684684804633797e-03	2.691534803926917e-03
10924	2.628750342510422e-03	2.630267991895381e-03
11676	2.567218907232882e-03	2.570395782768865e-03
14032	2.510328478270263e-03	2.511886431509579e-03
14825	2.454398972588367e-03	2.454708915685031e-03
15914	2.398796897202904e-03	2.398832919019490e-03
16547	2.342976510418038e-03	2.344228815319923e-03
18203	2.290216836073000e-03	2.290867652767772e-03
21330	2.231078899340266e-03	2.238721138568340e-03
22286	2.185095097564149e-03	2.187761623949552e-03
23646	2.137890922168650e-03	2.137962089502233e-03
25840	2.089276201676649e-03	2.089296130854039e-03
26904	2.040753686125329e-03	2.041737944669530e-03
31035	1.992399075339768e-03	1.995262314968879e-03
34558	1.949790424113473e-03	1.949844599758046e-03
39893	1.894665104002935e-03	1.905460717963246e-03
41537	1.861750447468724e-03	1.862087136662868e-03
47109	1.819331994195039e-03	1.819700858609983e-03
49302	1.735790828063744e-03	1.737800828749376e-03
56276	1.698173725690588e-03	1.698243652461744e-03
57964	1.657621979780033e-03	1.659586907437561e-03
67085	1.621550249771619e-03	1.621810097358930e-03
71060	1.570836528253405e-03	1.584893192461114e-03
80883	1.548436868351155e-03	1.548816618912481e-03
87198	1.508735301209763e-03	1.513561248436209e-03
97065	1.477591506842568e-03	1.479108388168207e-03
104597	1.436702761116293e-03	1.445439770745928e-03
111487	1.410843918946747e-03	1.412537544622754e-03
132937	1.380075249538981e-03	1.380384264602885e-03
139257	1.347268629005915e-03	1.348962882591653e-03
151969	1.317858034536656e-03	1.318256738556408e-03
163881	1.280113826810703e-03	1.288249551693134e-03
177831	1.258356281034212e-03	1.258925411794167e-03
214741	1.230061678374916e-03	1.230268770812381e-03
265134	1.202009188825626e-03	1.202264434617413e-03
300000	1.183158109055338e-03	1.202264434617413e-03
%
% index = 2037, name = bbob_f006_i27_d05__bbob_f020_i28_d05
% instance = 13, reference value = 1.000000000000000e+00
% function evaluation | indicator value | target hit
1	6.589555072551155e-01	6.606934480075960e-01
5	5.146656211333073e-01	5.248074602497725e-01
14	4.207209270337919e-01	4.265795188015927e-01
21	3.380161781330913e-01	3.388441561392025e-01
28	3.280791493890874e-01	3.311311214825911e-01
51	3.153410450938849e-01	3.162277660168379e-01
71	3.013668322982653e-01	3.019951720402016e-01
80	2.463166586380352e-01	2.511886431509580e-01
85	1.217853001983005e-01	1.230268770812381e-01
88	9.377693066057402e-02	9.549925860214359e-02
105	9.307635888312149e-02	9.332543007969910e-02
123	8.849669216556788e-02	8.912509381337455e-02
126	8.434570048181500e-02	8.511380382023763e-02
154	8.232411809847018e-02	8.317637711026708e-02
156	8.052375318163263e-02	8.128305161640990e-02
185	7.798290958520604e-02	7.943282347242814e-02
206	7.253960693556516e-02	7.413102413009177e-02
208	6.486641568071927e-02	6.606934480075961e-02
213	6.401163957435130e-02	6.456542290346556e-02
225	4.804794527880862e-02	4.897788193684462e-02
239	4.762316326334970e-02	4.786300923226382e-02
292	3.321121681730066e-02	3.388441561392026e-02
300	8.170164817968728e-03	8.317637711026709e-03
312	4.902165549922621e-04	5.011872336272725e-04
325	4.877783754495546e-04	4.897788193684461e-04
374	3.968459139891412e-04	3.981071705534974e-04
399	3.784179705377255e-04	3.801893963205612e-04
407	3.679803027248907e-04	3.715352290971724e-04
408	3.522877957703452e-04	3.548133892335753e-04
434	3.437739737658374e-04	3.467368504525317e-04
465	3.301364901648896e-04	3.311311214825911e-04
466	2.731353392227964e-04	2.754228703338166e-04
467	2.534575863174515e-04	2.570395782768865e-04
474	2.506722508074377e-04	2.511886431509580e-04
502	2.431274712323406e-04	2.454708915685031e-04
504	2.387381488224705e-04	2.398832919019490e-04
505	2.321224698877966e-04	2.344228815319923e-04
536	2.199200853889582e-04	2.238721138568340e-04
555	2.179078826402003e-04	2.187761623949552e-04
565	2.040876442123141e-04	2.041737944669530e-04
613	1.968474429878686e-04	1.995262314968879e-04
642	1.719878961691235e-04	1.737800828749376e-04
751	1.688170952697243e-04	1.698243652461744e-04
797	1.652204843983762e-04	1.659586907437562e-04
834	1.618522799070599e-04	1.621810097358930e-04
975	1.423916104795753e-04	1.445439770745928e-04
1152	1.408160660868463e-04	1.412537544622754e-04
1263	1.100223535992484e-04	1.122018454301963e-04
1304	1.096215135628631e-04	1.096478196143185e-04
1501	1.071449742209296e-04	1.071519305237606e-04
1822	1.003433057488179e-04	1.023292992280754e-04
1829	9.986597667022146e-05	1.000000000000000e-04
2076	9.530257981971157e-05	9.549925860214369e-05
2217	9.199910240531572e-05	9.332543007969905e-05
2238	9.051104504642637e-05	9.120108393559096e-05
2859	8.905324480423804e-05	8.912509381337459e-05
3690	8.691219777412496e-05	8.709635899560814e-05
3746	8.422627909943081e-05	8.511380382023759e-05
3781	8.101506319291296e-05	8.128305161640995e-05
4102	7.925779243800335e-05	7.943282347242822e-05
4727	7.752261209237332e-05	7.762471166286911e-05
5263	7.574091962925245e-05	7.585775750291836e-05
5939	7.409166232874576e-05	7.413102413009176e-05
6508	7.112352195315363e-05	7.244359600749906e-05
6541	6.794878855986841e-05	6.918309709189363e-05
6756	6.746308648097887e-05	6.760829753919819e-05
7738	6.602444699921328e-05	6.606934480075965e-05
8123	6.455957577633509e-05	6.456542290346549e-05
8818	6.308992698866867e-05	6.309573444801929e-05
11491	6.163611351583942e-05	6.165950018614822e-05
13850	6.024442418872678e-05	6.025595860743581e-05
14303	5.867668381809299e-05	5.888436553555884e-05
18327	5.754383624667625e-05	5.754399373371566e-05
18963	5.623234427110102e-05	5.623413251903491e-05
19680	5.446820814980491e-05	5.495408738576248e-05
24629	5.370234323476275e-05	5.370317963702532e-05
32464	5.226798782353992e-05	5.248074602497723e-05
55121	5.128596230019600e-05	5.128613839913648e-05
85975	4.822449633712367e-05	4.897788193684466e-05
141132	4.737868512716403e-05	4.786300923226380e-05
218975	4.675961804212481e-05	4.677351412871981e-05
300000	4.673700759671995e-05	4.677351412871981e-05
%
% index = 2038, name = bbob_f006_i29_d05__bbob_f020_i30_d05
% instance = 14, reference value = 1.000000000000000e+00
% function evaluation | indicator value | target hit
1	2.356734526584312e-01	2.398832919019490e-01
7	2.149769177811169e-01	2.187761623949552e-01
29	1.920287544386576e-01	1.949844599758045e-01
32	1.847752938071161e-01	1.862087136662867e-01
35	1.671020325773320e-01	1.698243652461744e-01
55	9.507773316880397e-02	9.549925860214359e-02
59	7.634073040210398e-02	7.762471166286916e-02
64	6.807280803990434e-02	6.918309709189366e-02
87	6.684025466954946e-02	6.760829753919818e-02
98	6.251926584618095e-02	6.309573444801933e-02
126	6.121042357877704e-02	6.165950018614822e-02
149	6.024962919909593e-02	6.025595860743578e-02
156	3.375802960192276e-02	3.388441561392026e-02
160	3.093488073293338e-02	3.162277660168379e-02
163	3.085094759638463e-02	3.090295432513590e-02
170	7.405908340184175e-03	7.413102413009177e-03
182	7.167719698122021e-03	7.244359600749898e-03
193	6.787632691127143e-03	6.918309709189363e-03
197	3.737029594967911e-03	3.801893963205613e-03
207	3.585786873068653e-03	3.630780547701014e-03
215	3.484828918686400e-03	3.548133892335753e-03
217	3.403288425738227e-03	3.467368504525317e-03
220	3.365198813647607e-03	3.388441561392024e-03
224	2.433027630157514e-03	2.454708915685031e-03
227	2.131911232365558e-03	2.137962089502233e-03
238	1.881459557531273e-03	1.905460717963246e-03
242	1.841565351633045e-03	1.862087136662868e-03
261	1.037201020251288e-03	1.047128548050900e-03
284	1.011840027280386e-03	1.023292992280754e-03
290	9.722216532945804e-04	9.772372209558111e-04
339	6.372788172289701e-04	6.456542290346556e-04
372	3.233933749415829e-04	3.235936569296281e-04
376	3.094206726365067e-04	3.162277660168379e-04
384	3.073860231740388e-04	3.090295432513592e-04
403	3.013217922542832e-04	3.019951720402016e-04
446	2.880259216628822e-04	2.884031503126605e-04
530	2.443172101520563e-04	2.454708915685031e-04
555	2.391743411075398e-04	2.398832919019490e-04
556	2.282502458339497e-04	2.290867652767772e-04
593	2.225501634371962e-04	2.238721138568340e-04
612	2.072031858266765e-04	2.089296130854039e-04
677	2.001283378945118e-04	2.041737944669530e-04
782	1.987888068974986e-04	1.995262314968879e-04
1031	1.946268150749830e-04	1.949844599758046e-04
1182	1.831696416826345e-04	1.862087136662868e-04
1320	1.779263739560832e-04	1.819700858609983e-04
1321	1.744634637913522e-04	1.778279410038923e-04
1537	1.737699967472306e-04	1.737800828749376e-04
1675	1.696442795785513e-04	1.698243652461744e-04
1916	1.638214280925698e-04	1.659586907437562e-04
2001	1.619702656359134e-04	1.621810097358930e-04
2076	1.578329579734472e-04	1.584893192461114e-04
2400	1.536086651393598e-04	1.548816618912481e-04
2615	1.507126929328750e-04	1.513561248436209e-04
3380	1.357883783014158e-04	1.380384264602885e-04
3395	1.314081915129162e-04	1.318256738556407e-04
3900	1.288243773625020e-04	1.288249551693134e-04
4059	1.249178582515276e-04	1.258925411794167e-04
4119	1.224341961306719e-04	1.230268770812381e-04
4545	1.199240755932474e-04	1.202264434617413e-04
5557	1.174793518847750e-04	1.174897554939529e-04
7380	1.142700833606236e-04	1.148153621496883e-04
7927	1.121425547534471e-04	1.122018454301963e-04
11269	1.096209171645990e-04	1.096478196143185e-04
11806	1.054931389844471e-04	1.071519305237606e-04
12075	1.046360379046707e-04	1.047128548050900e-04
13562	1.010212620714546e-04	1.023292992280754e-04
15136	8.962135142931427e-05	9.120108393559096e-05
15204	8.680335831501296e-05	8.709635899560814e-05
15896	8.507933614720908e-05	8.511380382023759e-05
18180	8.315761213573136e-05	8.317637711026709e-05
22190	8.128301222865009e-05	8.128305161640995e-05
36184	7.943274571176051e-05	7.943282347242822e-05
52041	7.762470130190380e-05	7.762471166286911e-05
64788	7.585775548402118e-05	7.585775750291836e-05
123810	7.413094258579278e-05	7.413102413009176e-05
197203	6.711804449599512e-05	6.760829753919819e-05
303773	6.651080324249214e-05	6.760829753919819e-05
%
% index = 2039, name = bbob_f006_i31_d05__bbob_f020_i34_d05
% instance = 15, reference value = 1.000000000000000e+00
% function evaluation | indicator value | target hit
1	3.552350169489337e-01	3.630780547701014e-01
2	2.927920194596774e-01	2.951209226666385e-01
63	2.880314435545039e-01	2.884031503126606e-01
65	2.789092805304934e-01	2.818382931264454e-01
66	2.723695391728813e-01	2.754228703338166e-01
70	2.532285722646626e-01	2.570395782768864e-01
73	2.504092631078787e-01	2.511886431509580e-01
78	2.285859120001549e-01	2.290867652767773e-01
88	2.235892100479523e-01	2.238721138568339e-01
93	2.116328223527976e-01	2.137962089502232e-01
104	2.065527707675743e-01	2.089296130854039e-01
105	1.696835064243191e-01	1.698243652461744e-01
110	1.655473762394294e-01	1.659586907437560e-01
146	1.582363913011732e-01	1.584893192461113e-01
173	1.523762951494336e-01	1.548816618912481e-01
178	1.504258268405428e-01	1.513561248436208e-01
190	1.431439293387236e-01	1.445439770745928e-01
197	1.403463044662207e-01	1.412537544622754e-01
200	1.376597645397848e-01	1.380384264602885e-01
205	1.310752533561222e-01	1.318256738556407e-01
234	1.286177249086520e-01	1.288249551693134e-01
284	1.246891229767051e-01	1.258925411794167e-01
325	1.138110473361702e-01	1.148153621496883e-01
410	1.120469243227746e-01	1.122018454301964e-01
443	1.096363737541325e-01	1.096478196143185e-01
538	1.067261112353899e-01	1.071519305237607e-01
547	1.030946479173436e-01	1.047128548050900e-01
549	9.340053176748808e-02	9.549925860214359e-02
553	9.135905356765928e-02	9.332543007969910e-02
562	9.084562659347628e-02	9.120108393559097e-02
732	8.911967511746777e-02	8.912509381337455e-02
846	8.695272009360588e-02	8.709635899560805e-02
937	8.503238088932263e-02	8.511380382023763e-02
945	7.708582019466181e-02	7.762471166286916e-02
1044	7.584627246982012e-02	7.585775750291836e-02
1157	7.406523333851922e-02	7.413102413009177e-02
1185	7.242267310921358e-02	7.244359600749903e-02
1278	7.054694404296913e-02	7.079457843841380e-02
1579	6.907616420742047e-02	6.918309709189366e-02
1652	6.582665675084498e-02	6.606934480075961e-02
1742	6.433147164433028e-02	6.456542290346556e-02
1771	6.296376634219258e-02	6.309573444801933e-02
1886	6.152173607924127e-02	6.165950018614822e-02
2183	5.995092645096156e-02	6.025595860743578e-02
2241	5.881989776580976e-02	5.888436553555890e-02
2280	5.747655061815926e-02	5.754399373371569e-02
3050	5.623044370487484e-02	5.623413251903491e-02
3980	5.485309194864152e-02	5.495408738576246e-02
6586	5.370026225984526e-02	5.370317963702527e-02
27879	5.247860015286132e-02	5.248074602497726e-02
300000	5.188727204838439e-02	5.248074602497726e-02
