%
% index = 510, name = bbob_f013_i02_d02__bbob_f013_i04_d02
% instance = 1, reference value = 9.281650233777330e-01
% function evaluation | indicator value | target hit
1	7.900631008374702e-01	7.943282347242815e-01
29	7.526858932984704e-01	7.585775750291838e-01
43	7.323597554583874e-01	7.413102413009175e-01
60	7.082663336805637e-01	7.244359600749900e-01
105	7.076676306972350e-01	7.079457843841379e-01
141	6.389435842233935e-01	6.456542290346555e-01
201	6.262361818583655e-01	6.309573444801932e-01
202	3.903036350853843e-01	3.981071705534972e-01
232	2.811297781646903e-01	2.818382931264454e-01
305	2.528901601211236e-01	2.570395782768864e-01
312	2.459564054154334e-01	2.511886431509580e-01
316	2.313612144010708e-01	2.344228815319922e-01
437	1.522631544369033e-01	1.548816618912481e-01
487	1.508746678164737e-01	1.513561248436208e-01
489	1.395529483675091e-01	1.412537544622754e-01
511	1.355982018287283e-01	1.380384264602885e-01
537	1.281518978306654e-01	1.288249551693134e-01
551	1.220830365925397e-01	1.230268770812381e-01
558	1.191406906724233e-01	1.202264434617413e-01
648	1.169197298966540e-01	1.174897554939529e-01
718	1.105001297129722e-01	1.122018454301964e-01
724	1.042998365072868e-01	1.047128548050900e-01
907	9.755716355308763e-02	9.772372209558107e-02
1734	9.427315694427918e-02	9.549925860214359e-02
1739	8.731693291320353e-02	8.912509381337455e-02
2191	8.709525638294024e-02	8.709635899560805e-02
3065	8.409671821361642e-02	8.511380382023763e-02
3106	8.285973959191084e-02	8.317637711026708e-02
6341	8.067714084466393e-02	8.128305161640990e-02
8174	7.936099544602915e-02	7.943282347242814e-02
13839	7.712020490548355e-02	7.762471166286916e-02
17528	7.248467183686014e-02	7.413102413009177e-02
17827	6.959937029123386e-02	7.079457843841380e-02
18030	6.211238232951377e-02	6.309573444801933e-02
31422	6.159570666156367e-02	6.165950018614822e-02
40170	5.884855008659295e-02	5.888436553555890e-02
54384	5.490001327395566e-02	5.495408738576246e-02
56977	5.363405550566103e-02	5.370317963702527e-02
63712	5.192624452337646e-02	5.248074602497726e-02
67178	5.072195720697170e-02	5.128613839913648e-02
70594	5.011849956014514e-02	5.011872336272722e-02
76545	4.849692920601090e-02	4.897788193684462e-02
77630	4.472232098696882e-02	4.570881896148749e-02
90289	3.842067826982953e-02	3.890451449942807e-02
99018	3.582622551444847e-02	3.630780547701014e-02
100806	3.352593072712151e-02	3.388441561392026e-02
101156	3.230980768218561e-02	3.235936569296283e-02
110558	3.111525251527414e-02	3.162277660168379e-02
112013	2.833441629162581e-02	2.884031503126606e-02
114855	2.738665791603290e-02	2.754228703338166e-02
120000	2.737196885459092e-02	2.754228703338166e-02
%
% index = 511, name = bbob_f013_i03_d02__bbob_f013_i05_d02
% instance = 2, reference value = 5.024421480704691e-01
% function evaluation | indicator value | target hit
1	2.521473515214586e-01	2.570395782768864e-01
4	2.378492362137239e-01	2.398832919019490e-01
8	2.023607917148998e-01	2.041737944669530e-01
9	1.847414343401583e-01	1.862087136662867e-01
13	1.699529047731599e-01	1.737800828749375e-01
14	1.276546124497585e-01	1.288249551693134e-01
18	1.243242714554891e-01	1.258925411794167e-01
20	1.119780244934857e-01	1.122018454301964e-01
21	9.452938529821553e-02	9.549925860214359e-02
27	9.325335137293367e-02	9.332543007969910e-02
31	8.710293147133957e-02	8.912509381337455e-02
32	8.706387907910407e-02	8.709635899560805e-02
54	8.464236483162901e-02	8.511380382023763e-02
57	7.488832340185136e-02	7.585775750291836e-02
61	7.220758927574200e-02	7.244359600749903e-02
68	6.910493850463428e-02	6.918309709189366e-02
71	6.238278931587637e-02	6.309573444801933e-02
74	6.157228195138986e-02	6.165950018614822e-02
100	5.389056064640158e-02	5.495408738576246e-02
101	5.209606318196730e-02	5.248074602497726e-02
120	5.111296023805745e-02	5.128613839913648e-02
170	4.949220659815157e-02	5.011872336272722e-02
172	4.797566696786892e-02	4.897788193684462e-02
175	4.118312218415615e-02	4.168693834703355e-02
181	3.973035954229992e-02	3.981071705534973e-02
218	3.863425699944395e-02	3.890451449942807e-02
270	3.783311084104207e-02	3.801893963205612e-02
339	3.645173047126032e-02	3.715352290971726e-02
340	3.623531810505115e-02	3.630780547701014e-02
351	3.541244380445741e-02	3.548133892335755e-02
356	3.348676249261612e-02	3.388441561392026e-02
365	3.244651690698691e-02	3.311311214825911e-02
369	3.104258158810369e-02	3.162277660168379e-02
372	3.030268798260705e-02	3.090295432513590e-02
386	3.002042164287766e-02	3.019951720402016e-02
388	2.832246457867610e-02	2.884031503126606e-02
393	2.779948599214016e-02	2.818382931264454e-02
411	2.739053696609361e-02	2.754228703338166e-02
416	2.632663101587512e-02	2.691534803926915e-02
418	2.620127956838469e-02	2.630267991895381e-02
421	2.539134020551298e-02	2.570395782768863e-02
430	2.456183353005958e-02	2.511886431509579e-02
431	2.447658411536596e-02	2.454708915685030e-02
464	2.386964626054028e-02	2.398832919019490e-02
477	2.306803130003365e-02	2.344228815319923e-02
484	2.290229189800613e-02	2.290867652767773e-02
491	2.137298064936632e-02	2.137962089502233e-02
501	1.918146229180229e-02	1.949844599758046e-02
525	1.893228479673598e-02	1.905460717963247e-02
687	1.828301649524716e-02	1.862087136662868e-02
724	1.773149268311164e-02	1.778279410038923e-02
829	1.733141297322099e-02	1.737800828749375e-02
849	1.697805258054763e-02	1.698243652461744e-02
853	1.572014792034987e-02	1.584893192461113e-02
871	1.544273888093117e-02	1.548816618912481e-02
901	1.505472455960244e-02	1.513561248436208e-02
904	1.475125672871763e-02	1.479108388168207e-02
935	1.440644400257790e-02	1.445439770745927e-02
953	1.377046844461538e-02	1.380384264602885e-02
967	1.259751753143712e-02	1.288249551693134e-02
968	1.257407809623956e-02	1.258925411794167e-02
1004	1.171408661423751e-02	1.174897554939530e-02
1014	1.128722320584585e-02	1.148153621496883e-02
1230	1.121161653429331e-02	1.122018454301964e-02
1458	1.092114692441187e-02	1.096478196143185e-02
1465	1.069353610428725e-02	1.071519305237606e-02
1478	1.039126733741536e-02	1.047128548050900e-02
1480	1.020424266747472e-02	1.023292992280754e-02
1504	9.985324238972249e-03	1.000000000000000e-02
1523	9.628713910149578e-03	9.772372209558112e-03
1526	9.503098140896393e-03	9.549925860214359e-03
1539	9.330278402751302e-03	9.332543007969915e-03
1577	9.092084134492140e-03	9.120108393559097e-03
1596	8.800124533306086e-03	8.912509381337459e-03
1613	8.638067513844327e-03	8.709635899560805e-03
1638	8.507699687525849e-03	8.511380382023767e-03
2235	8.305993479942375e-03	8.317637711026709e-03
2253	8.126873821591551e-03	8.128305161640995e-03
2272	7.914502171998461e-03	7.943282347242814e-03
2285	7.759066869582720e-03	7.762471166286920e-03
2318	7.540923087218543e-03	7.585775750291836e-03
2324	7.300917163199749e-03	7.413102413009177e-03
2325	7.213669234599762e-03	7.244359600749898e-03
2357	7.008331692552827e-03	7.079457843841380e-03
2361	6.916741538827986e-03	6.918309709189363e-03
2387	6.756243265375994e-03	6.760829753919818e-03
2410	6.577840924893885e-03	6.606934480075957e-03
2428	6.336438307825210e-03	6.456542290346556e-03
2450	6.308545712411573e-03	6.309573444801930e-03
2468	6.140300992627523e-03	6.165950018614822e-03
2506	6.021826564824306e-03	6.025595860743574e-03
2512	5.821598835810238e-03	5.888436553555890e-03
2529	5.748979807767063e-03	5.754399373371567e-03
2540	5.620131160786468e-03	5.623413251903491e-03
2560	5.420423971572552e-03	5.495408738576248e-03
2578	5.369106924003053e-03	5.370317963702527e-03
2611	5.234329100169965e-03	5.248074602497728e-03
2615	5.021829815984757e-03	5.128613839913648e-03
2617	4.989790411256689e-03	5.011872336272725e-03
3557	4.864469223845647e-03	4.897788193684461e-03
3603	4.779206033788064e-03	4.786300923226385e-03
3657	4.633970436623003e-03	4.677351412871981e-03
3662	4.548099806884420e-03	4.570881896148752e-03
3675	4.445843999177912e-03	4.466835921509630e-03
3741	4.353056045929282e-03	4.365158322401661e-03
3777	4.265063165548311e-03	4.265795188015926e-03
3843	4.143521949638351e-03	4.168693834703355e-03
3895	4.056480633374271e-03	4.073802778041126e-03
3938	3.975513242995721e-03	3.981071705534973e-03
3952	3.888374338111178e-03	3.890451449942805e-03
5306	3.785976840351979e-03	3.801893963205613e-03
5332	3.714712434502110e-03	3.715352290971724e-03
5365	3.588747168771833e-03	3.630780547701014e-03
5388	3.547403294989648e-03	3.548133892335753e-03
5419	3.459246557775075e-03	3.467368504525317e-03
5487	3.375434919347609e-03	3.388441561392024e-03
5512	3.308670341325093e-03	3.311311214825911e-03
5551	3.225694330186823e-03	3.235936569296281e-03
5584	3.155068741333533e-03	3.162277660168379e-03
5609	3.089292205368688e-03	3.090295432513592e-03
5643	3.019592147164407e-03	3.019951720402016e-03
5701	2.935670325827755e-03	2.951209226666387e-03
5754	2.881830095533999e-03	2.884031503126605e-03
5852	2.815708806530481e-03	2.818382931264455e-03
5895	2.753435348863631e-03	2.754228703338166e-03
7908	2.688225713453452e-03	2.691534803926917e-03
7959	2.607822000691540e-03	2.630267991895381e-03
8012	2.570282207157548e-03	2.570395782768865e-03
8086	2.504493212331094e-03	2.511886431509579e-03
8151	2.454334196416830e-03	2.454708915685031e-03
8225	2.398660526435226e-03	2.398832919019490e-03
8271	2.338359642894194e-03	2.344228815319923e-03
8352	2.283102792369429e-03	2.290867652767772e-03
8392	2.236110367928035e-03	2.238721138568340e-03
8422	2.175230528460914e-03	2.187761623949552e-03
11140	2.133819868713527e-03	2.137962089502233e-03
11183	2.074578263832727e-03	2.089296130854039e-03
11235	2.040398193680293e-03	2.041737944669530e-03
11319	1.988979192372509e-03	1.995262314968879e-03
11339	1.946414730418788e-03	1.949844599758046e-03
11408	1.902193644283789e-03	1.905460717963246e-03
11518	1.855466102596903e-03	1.862087136662868e-03
11569	1.806618317051978e-03	1.819700858609983e-03
11597	1.755548230565895e-03	1.778279410038923e-03
11628	1.737256433788970e-03	1.737800828749376e-03
11677	1.697545763382990e-03	1.698243652461744e-03
11734	1.659449487145914e-03	1.659586907437561e-03
11803	1.620599630201003e-03	1.621810097358930e-03
11893	1.583565600998371e-03	1.584893192461114e-03
15712	1.528459556611295e-03	1.548816618912481e-03
15736	1.511972517648452e-03	1.513561248436209e-03
15831	1.468174435020231e-03	1.479108388168207e-03
15858	1.445364858593590e-03	1.445439770745928e-03
15964	1.409790586078374e-03	1.412537544622754e-03
16029	1.379980058564323e-03	1.380384264602885e-03
16152	1.348803976335633e-03	1.348962882591653e-03
16185	1.317810944371556e-03	1.318256738556408e-03
16334	1.288019085659009e-03	1.288249551693134e-03
16441	1.258318854180596e-03	1.258925411794167e-03
16542	1.228273050171591e-03	1.230268770812381e-03
16621	1.201780600289082e-03	1.202264434617413e-03
16725	1.174767426893264e-03	1.174897554939529e-03
16823	1.147960289719974e-03	1.148153621496883e-03
22226	1.120938408498695e-03	1.122018454301963e-03
22297	1.089455221097047e-03	1.096478196143185e-03
22347	1.069270279338230e-03	1.071519305237606e-03
22403	1.046476726564882e-03	1.047128548050900e-03
22503	1.020782133416942e-03	1.023292992280754e-03
22603	9.999340366164677e-04	1.000000000000000e-03
22712	9.771026304905561e-04	9.772372209558111e-04
22818	9.549883930890513e-04	9.549925860214359e-04
22979	9.327846425214448e-04	9.332543007969915e-04
23086	9.114799531921847e-04	9.120108393559096e-04
23248	8.898034433186819e-04	8.912509381337459e-04
23409	8.701069366197078e-04	8.709635899560805e-04
23531	8.505985561645391e-04	8.511380382023768e-04
31022	8.317054655750944e-04	8.317637711026709e-04
31095	8.125766312243599e-04	8.128305161640995e-04
31153	7.940025102337600e-04	7.943282347242813e-04
31261	7.755962464289778e-04	7.762471166286919e-04
31405	7.569390399386755e-04	7.585775750291835e-04
31585	7.412819181902286e-04	7.413102413009177e-04
31687	7.234140886756002e-04	7.244359600749898e-04
31823	7.079328622194847e-04	7.079457843841380e-04
31980	6.890619771716677e-04	6.918309709189362e-04
32069	6.760708716360142e-04	6.760829753919819e-04
32206	6.606878287733764e-04	6.606934480075957e-04
32392	6.456507479203344e-04	6.456542290346556e-04
32498	6.309350818679560e-04	6.309573444801930e-04
32665	6.159860282115570e-04	6.165950018614823e-04
32824	6.005842739374989e-04	6.025595860743575e-04
32968	5.881045634201776e-04	5.888436553555889e-04
33106	5.752792213256086e-04	5.754399373371566e-04
33288	5.615173690035613e-04	5.623413251903491e-04
33471	5.495352634642403e-04	5.495408738576248e-04
33659	5.365113834233659e-04	5.370317963702527e-04
33890	5.247890135385846e-04	5.248074602497728e-04
34080	5.118375518143869e-04	5.128613839913648e-04
34300	5.007148526037231e-04	5.011872336272725e-04
34680	4.895852500069742e-04	4.897788193684461e-04
34986	4.781038486528777e-04	4.786300923226385e-04
35185	4.676493360428191e-04	4.677351412871981e-04
35478	4.570089404978273e-04	4.570881896148752e-04
35760	4.466404923799683e-04	4.466835921509630e-04
36075	4.362230148901025e-04	4.365158322401661e-04
36354	4.265789147434029e-04	4.265795188015926e-04
36807	4.163680857823815e-04	4.168693834703355e-04
37235	4.073040224225055e-04	4.073802778041126e-04
37585	3.980894778664590e-04	3.981071705534974e-04
37946	3.889175985859472e-04	3.890451449942805e-04
38314	3.798906675729352e-04	3.801893963205612e-04
38660	3.714756273996977e-04	3.715352290971724e-04
39055	3.628127007455628e-04	3.630780547701014e-04
39392	3.547555177226824e-04	3.548133892335753e-04
39796	3.467225824139719e-04	3.467368504525317e-04
40250	3.388397188329728e-04	3.388441561392024e-04
40645	3.310970318878281e-04	3.311311214825911e-04
41010	3.235804283270305e-04	3.235936569296281e-04
41488	3.161914044114145e-04	3.162277660168379e-04
42019	3.089645618394865e-04	3.090295432513592e-04
42486	3.019843482764406e-04	3.019951720402016e-04
42711	2.933466279207986e-04	2.951209226666387e-04
43052	2.883422081018105e-04	2.884031503126605e-04
43345	2.818356458207383e-04	2.818382931264455e-04
44039	2.753840874812896e-04	2.754228703338166e-04
44406	2.691404880168502e-04	2.691534803926917e-04
44802	2.628555596172477e-04	2.630267991895381e-04
45252	2.570082062762769e-04	2.570395782768865e-04
45810	2.511874703123862e-04	2.511886431509580e-04
46416	2.454279732684306e-04	2.454708915685031e-04
46897	2.398075034649727e-04	2.398832919019490e-04
47324	2.342958688366092e-04	2.344228815319923e-04
47718	2.290605152569514e-04	2.290867652767772e-04
48277	2.234668018258334e-04	2.238721138568340e-04
48674	2.187516600432593e-04	2.187761623949552e-04
49324	2.137496485873358e-04	2.137962089502232e-04
49930	2.087540486251926e-04	2.089296130854039e-04
50534	2.039293416453702e-04	2.041737944669530e-04
51195	1.995104238192713e-04	1.995262314968879e-04
51796	1.949746942470076e-04	1.949844599758046e-04
52492	1.904698722022813e-04	1.905460717963246e-04
53105	1.862061909609913e-04	1.862087136662868e-04
53741	1.819682883138496e-04	1.819700858609983e-04
54389	1.777707174234200e-04	1.778279410038923e-04
55089	1.737723486825438e-04	1.737800828749376e-04
55744	1.698055598424730e-04	1.698243652461744e-04
56503	1.659580309546493e-04	1.659586907437562e-04
57334	1.621763684542810e-04	1.621810097358930e-04
58261	1.583883584271861e-04	1.584893192461114e-04
58949	1.546332183910426e-04	1.548816618912481e-04
59788	1.512982393198081e-04	1.513561248436209e-04
60552	1.478916368604644e-04	1.479108388168207e-04
61304	1.445219434640377e-04	1.445439770745928e-04
62336	1.412264702420618e-04	1.412537544622754e-04
63082	1.380069296034181e-04	1.380384264602885e-04
63939	1.348957491543734e-04	1.348962882591653e-04
64548	1.318240409222682e-04	1.318256738556407e-04
65776	1.286474587012254e-04	1.288249551693134e-04
66724	1.258725893028556e-04	1.258925411794167e-04
68180	1.228099428565166e-04	1.230268770812381e-04
69274	1.202262618852368e-04	1.202264434617413e-04
70724	1.174888603130420e-04	1.174897554939529e-04
71805	1.148125778892561e-04	1.148153621496883e-04
72783	1.121946968155596e-04	1.122018454301963e-04
73844	1.096428148634754e-04	1.096478196143185e-04
74866	1.071465049217180e-04	1.071519305237606e-04
75796	1.047112866403577e-04	1.047128548050900e-04
77191	1.023289838624208e-04	1.023292992280754e-04
78187	9.998490710438901e-05	1.000000000000000e-04
79630	9.771438227923479e-05	9.772372209558111e-05
81011	9.549072733650021e-05	9.549925860214369e-05
82849	9.331769773524012e-05	9.332543007969905e-05
84459	9.114292512146793e-05	9.120108393559096e-05
85967	8.910517198701395e-05	8.912509381337459e-05
87287	8.709316663502165e-05	8.709635899560814e-05
88948	8.511325479110265e-05	8.511380382023759e-05
90697	8.317421125414448e-05	8.317637711026709e-05
92513	8.127767146792753e-05	8.128305161640995e-05
94680	7.942885738865257e-05	7.943282347242822e-05
97144	7.761821549245873e-05	7.762471166286911e-05
99298	7.580901710790844e-05	7.585775750291836e-05
101831	7.413102406639283e-05	7.413102413009176e-05
104716	7.242628362413850e-05	7.244359600749906e-05
107317	7.078056548792677e-05	7.079457843841373e-05
109708	6.918308293590858e-05	6.918309709189363e-05
112743	6.760806957850640e-05	6.760829753919819e-05
115843	6.606934317621160e-05	6.606934480075965e-05
116547	6.388121529932178e-05	6.456542290346549e-05
118217	6.304927261202575e-05	6.309573444801929e-05
120001	6.209029544113065e-05	6.309573444801929e-05
%
% index = 512, name = bbob_f013_i07_d02__bbob_f013_i08_d02
% instance = 3, reference value = 8.754993171551310e-01
% function evaluation | indicator value | target hit
1	6.329442165616301e-01	6.456542290346555e-01
4	5.789273291913385e-01	5.888436553555889e-01
11	5.285068130516712e-01	5.370317963702527e-01
13	4.624341034951394e-01	4.677351412871982e-01
22	3.760363774976434e-01	3.801893963205612e-01
25	3.602626426781826e-01	3.630780547701014e-01
27	3.540358103130365e-01	3.548133892335755e-01
44	1.943016406270925e-01	1.949844599758045e-01
57	1.894451334654086e-01	1.905460717963247e-01
62	1.665492138465019e-01	1.698243652461744e-01
72	1.584736679778319e-01	1.584893192461113e-01
77	1.541153342691340e-01	1.548816618912481e-01
102	1.441458661280866e-01	1.445439770745928e-01
113	1.403744934690406e-01	1.412537544622754e-01
157	1.365551074345662e-01	1.380384264602885e-01
175	1.286639274613749e-01	1.288249551693134e-01
201	9.742950693072516e-02	9.772372209558107e-02
223	8.802758268464905e-02	8.912509381337455e-02
224	7.449358125327721e-02	7.585775750291836e-02
254	7.359468202207997e-02	7.413102413009177e-02
262	6.964174056023331e-02	7.079457843841380e-02
265	6.905529068373328e-02	6.918309709189366e-02
268	6.750370932047689e-02	6.760829753919818e-02
294	4.724741448688408e-02	4.786300923226382e-02
327	4.656197669270856e-02	4.677351412871981e-02
381	4.538271892230539e-02	4.570881896148749e-02
394	4.300364562860592e-02	4.365158322401658e-02
400	4.154155439003426e-02	4.168693834703355e-02
401	3.712323490048142e-02	3.715352290971726e-02
472	3.608165484907011e-02	3.630780547701014e-02
519	3.526760750469704e-02	3.548133892335755e-02
532	2.895035679034408e-02	2.951209226666385e-02
533	2.880999249408545e-02	2.884031503126606e-02
598	2.807873968073338e-02	2.818382931264454e-02
785	2.746501833008008e-02	2.754228703338166e-02
842	2.651882140258210e-02	2.691534803926915e-02
846	2.589894487886746e-02	2.630267991895381e-02
850	2.527506473016627e-02	2.570395782768863e-02
855	2.430350786822855e-02	2.454708915685030e-02
894	2.398332624742761e-02	2.398832919019490e-02
1076	2.313675310585794e-02	2.344228815319923e-02
1081	2.288838003720983e-02	2.290867652767773e-02
1090	2.161921102017927e-02	2.187761623949553e-02
1120	1.945365008214028e-02	1.949844599758046e-02
1130	1.796068350517177e-02	1.819700858609984e-02
1140	1.777232100060699e-02	1.778279410038923e-02
1182	1.730662067530653e-02	1.737800828749375e-02
1190	1.605618325815727e-02	1.621810097358930e-02
1197	1.577799528055956e-02	1.584893192461113e-02
1198	1.536563339721220e-02	1.548816618912481e-02
1215	1.509856395400477e-02	1.513561248436208e-02
1231	1.464916971689223e-02	1.479108388168207e-02
1503	1.442300063556057e-02	1.445439770745927e-02
1520	1.409829391588513e-02	1.412537544622754e-02
1524	1.370188489408053e-02	1.380384264602885e-02
1551	1.348907769474206e-02	1.348962882591653e-02
1576	1.305454717311161e-02	1.318256738556407e-02
1592	1.281451387599619e-02	1.288249551693134e-02
1645	1.257567567050655e-02	1.258925411794167e-02
2034	1.224881588500792e-02	1.230268770812382e-02
2064	1.201537882936121e-02	1.202264434617413e-02
2075	1.174547989161101e-02	1.174897554939530e-02
2077	1.130896548150762e-02	1.148153621496883e-02
2098	1.121365295612786e-02	1.122018454301964e-02
2121	1.096347103684780e-02	1.096478196143185e-02
2173	1.062557323666413e-02	1.071519305237606e-02
2175	1.016640084434006e-02	1.023292992280754e-02
2209	9.860524748585120e-03	1.000000000000000e-02
2221	9.559831416241837e-03	9.772372209558112e-03
2223	9.545083356081618e-03	9.549925860214359e-03
2724	9.288720472031109e-03	9.332543007969915e-03
2732	9.108878282424904e-03	9.120108393559097e-03
2797	8.839869598108230e-03	8.912509381337459e-03
2817	8.682270947798609e-03	8.709635899560805e-03
2845	8.511115481683706e-03	8.511380382023767e-03
2975	8.316830394283548e-03	8.317637711026709e-03
3896	8.128086186468098e-03	8.128305161640995e-03
3980	7.943177401029899e-03	7.943282347242814e-03
4079	7.735517128214076e-03	7.762471166286920e-03
4146	7.584558626836713e-03	7.585775750291836e-03
5469	7.411973839272834e-03	7.413102413009177e-03
5595	6.838775412011278e-03	6.918309709189363e-03
5636	6.581953717381461e-03	6.606934480075957e-03
5686	6.112134470182662e-03	6.165950018614822e-03
5856	5.979511931891168e-03	6.025595860743574e-03
5969	5.876704731643478e-03	5.888436553555890e-03
6044	5.748211150906846e-03	5.754399373371567e-03
7809	5.539189842473924e-03	5.623413251903491e-03
7819	5.478804284027361e-03	5.495408738576248e-03
7872	5.256858703237000e-03	5.370317963702527e-03
7881	5.239078033498101e-03	5.248074602497728e-03
8002	5.128266680684779e-03	5.128613839913648e-03
10659	4.991088321413262e-03	5.011872336272725e-03
10766	4.897404026992236e-03	4.897788193684461e-03
10927	4.785889702845991e-03	4.786300923226385e-03
10931	4.666143063319139e-03	4.677351412871981e-03
11160	4.048012012407565e-03	4.073802778041126e-03
11258	3.978413796477676e-03	3.981071705534973e-03
14701	3.491435033106338e-03	3.548133892335753e-03
14872	3.444239426979245e-03	3.467368504525317e-03
15209	3.387264109692922e-03	3.388441561392024e-03
15603	3.310866690879322e-03	3.311311214825911e-03
15643	3.187542340673089e-03	3.235936569296281e-03
15777	3.157204576374695e-03	3.162277660168379e-03
15902	2.894183227746261e-03	2.951209226666387e-03
20367	2.882821391566481e-03	2.884031503126605e-03
20621	2.817800905107748e-03	2.818382931264455e-03
21113	2.716146089238758e-03	2.754228703338166e-03
21351	2.611278052363719e-03	2.630267991895381e-03
27734	2.568556532929200e-03	2.570395782768865e-03
28246	2.511290284781920e-03	2.511886431509579e-03
28909	2.452225286245557e-03	2.454708915685031e-03
29509	2.390020622979994e-03	2.398832919019490e-03
30423	2.344178276446840e-03	2.344228815319923e-03
32127	2.172289079910739e-03	2.187761623949552e-03
32420	2.137955435449479e-03	2.137962089502233e-03
33958	2.088860552000082e-03	2.089296130854039e-03
36121	2.036308647702212e-03	2.041737944669530e-03
37990	1.939836033283515e-03	1.949844599758046e-03
39003	1.903504416589485e-03	1.905460717963246e-03
42871	1.828475657071449e-03	1.862087136662868e-03
44759	1.818948447421254e-03	1.819700858609983e-03
49847	1.775741454725810e-03	1.778279410038923e-03
50371	1.700646876211742e-03	1.737800828749376e-03
50665	1.694572870680977e-03	1.698243652461744e-03
53859	1.659584719821305e-03	1.659586907437561e-03
58493	1.621767593382284e-03	1.621810097358930e-03
59585	1.584652453442192e-03	1.584893192461114e-03
59851	1.536599846238218e-03	1.548816618912481e-03
65211	1.511964650264708e-03	1.513561248436209e-03
69770	1.475424093079880e-03	1.479108388168207e-03
82606	1.437637344682829e-03	1.445439770745928e-03
97257	1.412342942324618e-03	1.412537544622754e-03
110677	1.380333351840290e-03	1.380384264602885e-03
120000	1.357457243379323e-03	1.380384264602885e-03
%
% index = 513, name = bbob_f013_i09_d02__bbob_f013_i10_d02
% instance = 4, reference value = 8.182542531946499e-01
% function evaluation | indicator value | target hit
1	1.122934971248650e+00	1.148153621496883e+00
30	8.291062216946499e-01	8.317637711026710e-01
34	7.950150288274312e-01	8.128305161640993e-01
36	6.165276565991633e-01	6.165950018614822e-01
56	5.448631610306672e-01	5.495408738576245e-01
58	5.042388459571832e-01	5.128613839913648e-01
69	4.978696948480310e-01	5.011872336272722e-01
86	3.954134345049918e-01	3.981071705534972e-01
90	3.878159644806511e-01	3.890451449942806e-01
101	3.509643227232412e-01	3.548133892335755e-01
107	3.455087472618315e-01	3.467368504525316e-01
122	3.037263972164022e-01	3.090295432513591e-01
132	2.992459907569263e-01	3.019951720402016e-01
159	2.817591602177177e-01	2.818382931264454e-01
190	2.753091502449045e-01	2.754228703338166e-01
206	2.593556638013458e-01	2.630267991895382e-01
223	1.867977972362143e-01	1.905460717963247e-01
237	1.834856393380956e-01	1.862087136662867e-01
241	1.522340624154377e-01	1.548816618912481e-01
245	1.503356294527348e-01	1.513561248436208e-01
247	1.477250683442934e-01	1.479108388168208e-01
253	1.246827635612502e-01	1.258925411794167e-01
254	1.197051648556695e-01	1.202264434617413e-01
258	1.122582278331501e-01	1.148153621496883e-01
261	1.117742725552703e-01	1.122018454301964e-01
288	1.017009115165013e-01	1.023292992280754e-01
300	9.711701501778403e-02	9.772372209558107e-02
302	9.486693969694315e-02	9.549925860214359e-02
304	8.528738812640013e-02	8.709635899560805e-02
308	8.077537632401111e-02	8.128305161640990e-02
317	7.804519409535260e-02	7.943282347242814e-02
367	7.658076693912685e-02	7.762471166286916e-02
403	7.298350305340251e-02	7.413102413009177e-02
417	7.238276065617077e-02	7.244359600749903e-02
427	6.389701226840150e-02	6.456542290346556e-02
434	6.113228283910521e-02	6.165950018614822e-02
443	5.768355411804882e-02	5.888436553555890e-02
464	5.740466899121954e-02	5.754399373371569e-02
479	5.555186774674337e-02	5.623413251903491e-02
493	5.217715642150522e-02	5.248074602497726e-02
508	5.065822200735948e-02	5.128613839913648e-02
516	4.985861728239960e-02	5.011872336272722e-02
559	4.741902525057129e-02	4.786300923226382e-02
604	4.665702398647342e-02	4.677351412871981e-02
605	4.524965347374044e-02	4.570881896148749e-02
613	4.433221317771774e-02	4.466835921509630e-02
663	4.291720043528291e-02	4.365158322401658e-02
665	4.190714498444537e-02	4.265795188015926e-02
680	4.018205678025955e-02	4.073802778041128e-02
705	3.820974704831082e-02	3.890451449942807e-02
710	3.793172215654961e-02	3.801893963205612e-02
721	3.705122409340544e-02	3.715352290971726e-02
728	3.555574943544360e-02	3.630780547701014e-02
736	3.535566088275299e-02	3.548133892335755e-02
751	3.419250643642691e-02	3.467368504525317e-02
781	3.356422516650925e-02	3.388441561392026e-02
785	3.201137362481377e-02	3.235936569296283e-02
959	3.116807554775902e-02	3.162277660168379e-02
981	3.089426853835697e-02	3.090295432513590e-02
1014	2.931121591864083e-02	2.951209226666385e-02
1047	2.801429219267337e-02	2.818382931264454e-02
1076	2.724070956190106e-02	2.754228703338166e-02
1095	2.684725932774479e-02	2.691534803926915e-02
1102	2.624618710539572e-02	2.630267991895381e-02
1122	2.506009137407617e-02	2.511886431509579e-02
1128	2.451097566470861e-02	2.454708915685030e-02
1142	2.282982854214122e-02	2.290867652767773e-02
1190	2.234473589632313e-02	2.238721138568340e-02
1220	2.183746075511594e-02	2.187761623949553e-02
1229	2.110051992120743e-02	2.137962089502233e-02
1240	2.065544643368999e-02	2.089296130854040e-02
1257	1.947402364531403e-02	1.949844599758046e-02
1296	1.904145382190447e-02	1.905460717963247e-02
1323	1.856737142251730e-02	1.862087136662868e-02
1591	1.817924958838157e-02	1.819700858609984e-02
1610	1.743536208223617e-02	1.778279410038923e-02
1614	1.731456579786872e-02	1.737800828749375e-02
1631	1.690918747911518e-02	1.698243652461744e-02
1675	1.655388191711538e-02	1.659586907437561e-02
1698	1.620584350174914e-02	1.621810097358930e-02
1720	1.581786189713685e-02	1.584893192461113e-02
1753	1.546813526996915e-02	1.548816618912481e-02
2168	1.512597192903786e-02	1.513561248436208e-02
2199	1.477562708007052e-02	1.479108388168207e-02
2248	1.424938136186304e-02	1.445439770745927e-02
2277	1.411959813927099e-02	1.412537544622754e-02
2311	1.375191910212104e-02	1.380384264602885e-02
2341	1.334747091971211e-02	1.348962882591653e-02
2349	1.311299350431316e-02	1.318256738556407e-02
2356	1.285988759067225e-02	1.288249551693134e-02
2387	1.258048342614582e-02	1.258925411794167e-02
2426	1.211759761948528e-02	1.230268770812382e-02
2436	1.196289016402940e-02	1.202264434617413e-02
2472	1.174684585668762e-02	1.174897554939530e-02
3117	1.148055024262062e-02	1.148153621496883e-02
3215	1.120315201755384e-02	1.122018454301964e-02
3249	1.094203857976650e-02	1.096478196143185e-02
3327	1.071052294808450e-02	1.071519305237606e-02
3471	1.046864953239246e-02	1.047128548050900e-02
3560	1.021984835387857e-02	1.023292992280754e-02
3582	9.302677743132648e-03	9.332543007969915e-03
3647	9.118692695069597e-03	9.120108393559097e-03
3785	8.900312904234320e-03	8.912509381337459e-03
3887	8.709104938560475e-03	8.709635899560805e-03
4726	8.509000269907752e-03	8.511380382023767e-03
4728	8.307000195937220e-03	8.317637711026709e-03
4875	8.127710699992630e-03	8.128305161640995e-03
5019	7.677576478338111e-03	7.762471166286920e-03
5139	7.579382592774353e-03	7.585775750291836e-03
5211	7.401555837441176e-03	7.413102413009177e-03
5360	7.240053269236268e-03	7.244359600749898e-03
5442	6.970191883491794e-03	7.079457843841380e-03
5473	6.917036052839443e-03	6.918309709189363e-03
5606	6.755756322169071e-03	6.760829753919818e-03
5778	6.606594863570625e-03	6.606934480075957e-03
6960	6.372450666557783e-03	6.456542290346556e-03
7038	6.288850841372207e-03	6.309573444801930e-03
7090	5.786882179824482e-03	5.888436553555890e-03
7093	5.754277436523902e-03	5.754399373371567e-03
7239	5.616859258395279e-03	5.623413251903491e-03
7521	5.489345192926653e-03	5.495408738576248e-03
7653	5.363796096744311e-03	5.370317963702527e-03
7779	5.238497383221241e-03	5.248074602497728e-03
8091	5.115715266032272e-03	5.128613839913648e-03
8119	5.002827551385369e-03	5.011872336272725e-03
8210	4.897687008048934e-03	4.897788193684461e-03
8350	4.785740603224453e-03	4.786300923226385e-03
8476	4.648169886035669e-03	4.677351412871981e-03
8696	4.570809778729479e-03	4.570881896148752e-03
8864	4.464346610906667e-03	4.466835921509630e-03
8983	4.364384906816232e-03	4.365158322401661e-03
10634	4.255165891791646e-03	4.265795188015926e-03
10956	4.167898151707150e-03	4.168693834703355e-03
11096	4.022829024213803e-03	4.073802778041126e-03
11181	3.974754223641574e-03	3.981071705534973e-03
11594	3.887811548400899e-03	3.890451449942805e-03
11715	3.699289784604209e-03	3.715352290971724e-03
11737	3.612706068668037e-03	3.630780547701014e-03
12039	3.544682279353673e-03	3.548133892335753e-03
12381	3.466473323446739e-03	3.467368504525317e-03
12492	3.377779345085541e-03	3.388441561392024e-03
12775	3.306191028097483e-03	3.311311214825911e-03
13095	3.204721107222919e-03	3.235936569296281e-03
13258	3.162127311073570e-03	3.162277660168379e-03
13479	3.087390288851632e-03	3.090295432513592e-03
13800	3.019819413769276e-03	3.019951720402016e-03
13925	2.948804061730925e-03	2.951209226666387e-03
13996	2.876705184032935e-03	2.884031503126605e-03
16147	2.812713027643521e-03	2.818382931264455e-03
16618	2.754104027321791e-03	2.754228703338166e-03
16937	2.690002783608425e-03	2.691534803926917e-03
17114	2.606254768735550e-03	2.630267991895381e-03
17342	2.570284131839351e-03	2.570395782768865e-03
17666	2.509998632749810e-03	2.511886431509579e-03
18207	2.452505661106774e-03	2.454708915685031e-03
18678	2.398212304594805e-03	2.398832919019490e-03
18952	2.328380141597419e-03	2.344228815319923e-03
19269	2.289845874854590e-03	2.290867652767772e-03
19831	2.238260879238840e-03	2.238721138568340e-03
20511	2.187708033406510e-03	2.187761623949552e-03
23763	2.134152654848398e-03	2.137962089502233e-03
24225	2.043010729909644e-03	2.089296130854039e-03
24231	2.036198363292163e-03	2.041737944669530e-03
25141	1.994555921167818e-03	1.995262314968879e-03
25769	1.949124668636393e-03	1.949844599758046e-03
26363	1.898357806925488e-03	1.905460717963246e-03
27151	1.856239471084264e-03	1.862087136662868e-03
28387	1.819460173239862e-03	1.819700858609983e-03
28902	1.778210922070422e-03	1.778279410038923e-03
33074	1.736866022611028e-03	1.737800828749376e-03
33937	1.697105809863042e-03	1.698243652461744e-03
34628	1.658150648267576e-03	1.659586907437561e-03
35446	1.620743447648287e-03	1.621810097358930e-03
36941	1.584539504690508e-03	1.584893192461114e-03
37924	1.547409343619188e-03	1.548816618912481e-03
38743	1.501820293713818e-03	1.513561248436209e-03
39154	1.477408190791230e-03	1.479108388168207e-03
40809	1.443811822838592e-03	1.445439770745928e-03
41206	1.412342696114344e-03	1.412537544622754e-03
42351	1.377917661611994e-03	1.380384264602885e-03
48675	1.348316097531610e-03	1.348962882591653e-03
50986	1.317955653109215e-03	1.318256738556408e-03
52170	1.288018225599319e-03	1.288249551693134e-03
54204	1.253886411679339e-03	1.258925411794167e-03
55044	1.230127084382970e-03	1.230268770812381e-03
56844	1.201504652486141e-03	1.202264434617413e-03
60283	1.174515326154979e-03	1.174897554939529e-03
69235	1.148063808442013e-03	1.148153621496883e-03
73209	1.120809837630743e-03	1.122018454301963e-03
74625	1.096371096375393e-03	1.096478196143185e-03
77603	1.069014046545358e-03	1.071519305237606e-03
81204	1.047059292214825e-03	1.047128548050900e-03
82987	1.020362737274905e-03	1.023292992280754e-03
85294	9.999752600362566e-04	1.000000000000000e-03
86156	9.736541040239466e-04	9.772372209558111e-04
95717	9.533844002557190e-04	9.549925860214359e-04
98586	9.285190724358516e-04	9.332543007969915e-04
100564	9.111149223167692e-04	9.120108393559096e-04
105297	8.907453389854769e-04	8.912509381337459e-04
111090	8.708888991414421e-04	8.709635899560805e-04
120065	8.623015917427201e-04	8.709635899560805e-04
%
% index = 514, name = bbob_f013_i11_d02__bbob_f013_i12_d02
% instance = 5, reference value = 5.727762242515850e-01
% function evaluation | indicator value | target hit
1	3.242986083700064e-01	3.311311214825911e-01
21	3.140001856817640e-01	3.162277660168379e-01
26	2.356677678034383e-01	2.398832919019490e-01
30	2.339001164305587e-01	2.344228815319922e-01
33	1.872539622415217e-01	1.905460717963247e-01
34	1.763078077816637e-01	1.778279410038923e-01
37	1.701453157517150e-01	1.737800828749375e-01
42	1.695772166314558e-01	1.698243652461744e-01
43	1.323118774614324e-01	1.348962882591654e-01
63	1.273286195476416e-01	1.288249551693134e-01
68	1.222139103713601e-01	1.230268770812381e-01
74	1.117579297969178e-01	1.122018454301964e-01
78	9.875029865283314e-02	1.000000000000000e-01
95	8.222422899315324e-02	8.317637711026708e-02
102	7.933676522401789e-02	7.943282347242814e-02
143	7.741611949319005e-02	7.762471166286916e-02
145	7.332203777528457e-02	7.413102413009177e-02
154	7.143659009751757e-02	7.244359600749903e-02
175	6.954198234540265e-02	7.079457843841380e-02
205	6.170393160826404e-02	6.309573444801933e-02
210	5.890523878563991e-02	6.025595860743578e-02
235	5.849635945766285e-02	5.888436553555890e-02
245	5.733183438616496e-02	5.754399373371569e-02
251	5.323673587195954e-02	5.370317963702527e-02
275	5.243528825099553e-02	5.248074602497726e-02
284	5.124406178117313e-02	5.128613839913648e-02
300	4.868013579094765e-02	4.897788193684462e-02
337	4.651536195330164e-02	4.677351412871981e-02
339	4.488356270505423e-02	4.570881896148749e-02
343	4.194974339735191e-02	4.265795188015926e-02
351	4.159523305593316e-02	4.168693834703355e-02
367	3.932905599441161e-02	3.981071705534973e-02
397	3.866366781175401e-02	3.890451449942807e-02
398	3.688301112966563e-02	3.715352290971726e-02
589	3.555364131286043e-02	3.630780547701014e-02
609	3.546241100958192e-02	3.548133892335755e-02
634	3.272536999123987e-02	3.311311214825911e-02
673	3.123707961812627e-02	3.162277660168379e-02
687	3.073495787265124e-02	3.090295432513590e-02
715	2.972269166734909e-02	3.019951720402016e-02
716	2.947938473147360e-02	2.951209226666385e-02
722	2.787579544153518e-02	2.818382931264454e-02
734	2.746427090874748e-02	2.754228703338166e-02
737	2.686506033034974e-02	2.691534803926915e-02
750	2.581869181160368e-02	2.630267991895381e-02
1018	2.567776618278039e-02	2.570395782768863e-02
1052	2.508995208138243e-02	2.511886431509579e-02
1083	2.394877176320698e-02	2.398832919019490e-02
1103	2.254403006963646e-02	2.290867652767773e-02
1125	2.234648788355409e-02	2.238721138568340e-02
1129	2.180224247740270e-02	2.187761623949553e-02
1159	2.061637128188998e-02	2.089296130854040e-02
1167	2.035309795130369e-02	2.041737944669529e-02
1197	1.983722615442407e-02	1.995262314968880e-02
1200	1.912761992441891e-02	1.949844599758046e-02
1206	1.904097036161634e-02	1.905460717963247e-02
1225	1.849077799294585e-02	1.862087136662868e-02
1245	1.819078963607357e-02	1.819700858609984e-02
1251	1.766904492525856e-02	1.778279410038923e-02
1263	1.736418511352122e-02	1.737800828749375e-02
1290	1.689876605950658e-02	1.698243652461744e-02
1300	1.452576636512426e-02	1.479108388168207e-02
1320	1.445347476599612e-02	1.445439770745927e-02
1347	1.405880223893785e-02	1.412537544622754e-02
1349	1.329936256344877e-02	1.348962882591653e-02
1353	1.315746735451973e-02	1.318256738556407e-02
1373	1.288141648948071e-02	1.288249551693134e-02
1405	1.249919024458512e-02	1.258925411794167e-02
1535	1.230084845040247e-02	1.230268770812382e-02
1652	1.194629480113152e-02	1.202264434617413e-02
1892	1.156384454354986e-02	1.174897554939530e-02
1895	1.145898589641658e-02	1.148153621496883e-02
1904	1.104952917519886e-02	1.122018454301964e-02
1921	1.080700856032524e-02	1.096478196143185e-02
1933	1.058791482462085e-02	1.071519305237606e-02
1934	1.044346994161993e-02	1.047128548050900e-02
1971	1.023225829865737e-02	1.023292992280754e-02
2016	9.956861056463207e-03	1.000000000000000e-02
2021	9.663338780242725e-03	9.772372209558112e-03
2047	9.519384423077870e-03	9.549925860214359e-03
2084	9.331096234861280e-03	9.332543007969915e-03
2090	9.115671215029875e-03	9.120108393559097e-03
2143	8.733536462364300e-03	8.912509381337459e-03
2145	8.472892009639299e-03	8.511380382023767e-03
2192	8.289901411423051e-03	8.317637711026709e-03
2221	8.112102606795069e-03	8.128305161640995e-03
2259	7.915042746058032e-03	7.943282347242814e-03
2277	7.649009109276683e-03	7.762471166286920e-03
2425	7.566844707712295e-03	7.585775750291836e-03
3075	7.399568968671000e-03	7.413102413009177e-03
3132	7.216910453733183e-03	7.244359600749898e-03
3157	6.966975321534563e-03	7.079457843841380e-03
3166	6.803592462584440e-03	6.918309709189363e-03
3178	6.754983048670393e-03	6.760829753919818e-03
3239	6.591689642420184e-03	6.606934480075957e-03
3280	6.364076533589835e-03	6.456542290346556e-03
3288	6.277550898714956e-03	6.309573444801930e-03
3332	6.155634723925774e-03	6.165950018614822e-03
3384	6.009840155336010e-03	6.025595860743574e-03
3399	5.801340218738793e-03	5.888436553555890e-03
3407	5.742784892368347e-03	5.754399373371567e-03
3437	5.622560325001080e-03	5.623413251903491e-03
4623	5.487910575502686e-03	5.495408738576248e-03
4655	5.288777618574603e-03	5.370317963702527e-03
4692	5.190784351793543e-03	5.248074602497728e-03
4705	5.126522580119142e-03	5.128613839913648e-03
4789	5.008532235389107e-03	5.011872336272725e-03
4872	4.891932526433052e-03	4.897788193684461e-03
4948	4.786179619027386e-03	4.786300923226385e-03
4991	4.630358013273050e-03	4.677351412871981e-03
5390	4.563038671614006e-03	4.570881896148752e-03
6872	4.454250319748554e-03	4.466835921509630e-03
6916	4.361912282464075e-03	4.365158322401661e-03
7047	4.264676653293442e-03	4.265795188015926e-03
7135	4.145027599253504e-03	4.168693834703355e-03
7174	4.069555813968506e-03	4.073802778041126e-03
7218	3.970509586728066e-03	3.981071705534973e-03
9668	3.886505679851271e-03	3.890451449942805e-03
9734	3.798648800882987e-03	3.801893963205613e-03
9859	3.713738659158361e-03	3.715352290971724e-03
9952	3.312385728653999e-03	3.388441561392024e-03
9959	3.309283405750985e-03	3.311311214825911e-03
10058	3.221896850840067e-03	3.235936569296281e-03
10155	3.161976894449969e-03	3.162277660168379e-03
10227	2.751032347523608e-03	2.754228703338166e-03
13734	2.691264532895254e-03	2.691534803926917e-03
13817	2.629173742313307e-03	2.630267991895381e-03
14020	2.568364877952312e-03	2.570395782768865e-03
14226	2.510494193816437e-03	2.511886431509579e-03
14354	2.433089402865574e-03	2.454708915685031e-03
19279	2.398820430091986e-03	2.398832919019490e-03
19523	2.343081743185538e-03	2.344228815319923e-03
19754	2.284820170522672e-03	2.290867652767772e-03
20032	2.238702143442017e-03	2.238721138568340e-03
22755	2.039999931027214e-03	2.041737944669530e-03
27022	1.992464313740228e-03	1.995262314968879e-03
27405	1.947862956272250e-03	1.949844599758046e-03
27760	1.905457793290766e-03	1.905460717963246e-03
28393	1.861587886292870e-03	1.862087136662868e-03
28476	1.815339104886071e-03	1.819700858609983e-03
28899	1.778277300193087e-03	1.778279410038923e-03
29717	1.737800079858243e-03	1.737800828749376e-03
30558	1.698206609832553e-03	1.698243652461744e-03
31639	1.658494236687735e-03	1.659586907437561e-03
32535	1.597494104189301e-03	1.621810097358930e-03
33075	1.584317584217176e-03	1.584893192461114e-03
34729	1.548808164301363e-03	1.548816618912481e-03
36344	1.457900066316631e-03	1.479108388168207e-03
37511	1.445144614554250e-03	1.445439770745928e-03
38966	1.401691974378005e-03	1.412537544622754e-03
40555	1.380379747880522e-03	1.380384264602885e-03
44111	1.348608224566505e-03	1.348962882591653e-03
49512	1.318224965769943e-03	1.318256738556408e-03
55072	1.288226320446229e-03	1.288249551693134e-03
64083	1.258850393478950e-03	1.258925411794167e-03
89850	1.230179459338121e-03	1.230268770812381e-03
120000	1.218040297566891e-03	1.230268770812381e-03
%
% index = 515, name = bbob_f013_i13_d02__bbob_f013_i14_d02
% instance = 6, reference value = 9.805458103628319e-01
% function evaluation | indicator value | target hit
1	4.178640732371713e-01	4.265795188015927e-01
27	3.058161444067269e-01	3.090295432513591e-01
29	2.977273826424142e-01	3.019951720402016e-01
30	2.285331338964156e-01	2.290867652767773e-01
88	4.075848831539119e-02	4.168693834703355e-02
102	4.016656434229104e-02	4.073802778041128e-02
195	3.876584232509628e-02	3.890451449942807e-02
205	3.651384586941631e-02	3.715352290971726e-02
210	2.784787367621466e-02	2.818382931264454e-02
245	2.622589857032553e-02	2.630267991895381e-02
279	2.444194113202380e-02	2.454708915685030e-02
293	2.168213740718827e-02	2.187761623949553e-02
409	2.065463954129687e-02	2.089296130854040e-02
456	1.725042820153977e-02	1.737800828749375e-02
576	1.698065150974348e-02	1.698243652461744e-02
586	1.611122918267882e-02	1.621810097358930e-02
637	1.397672139638317e-02	1.412537544622754e-02
682	1.302206433549458e-02	1.318256738556407e-02
686	1.278787642332824e-02	1.288249551693134e-02
690	1.246668023253372e-02	1.258925411794167e-02
724	1.229956162377366e-02	1.230268770812382e-02
738	1.193125433540099e-02	1.202264434617413e-02
741	1.044421714106103e-02	1.047128548050900e-02
814	9.941965899485705e-03	1.000000000000000e-02
865	9.759769092802961e-03	9.772372209558112e-03
869	9.515553808470134e-03	9.549925860214359e-03
874	8.109791138274924e-03	8.128305161640995e-03
888	7.848016019897597e-03	7.943282347242814e-03
902	7.703036674770791e-03	7.762471166286920e-03
928	7.501336495689070e-03	7.585775750291836e-03
954	7.390803981609073e-03	7.413102413009177e-03
971	7.164380543699722e-03	7.244359600749898e-03
997	7.044801205006945e-03	7.079457843841380e-03
1276	6.884698859199179e-03	6.918309709189363e-03
1298	6.745616891545736e-03	6.760829753919818e-03
1370	6.595949137638057e-03	6.606934480075957e-03
1450	6.445825853117260e-03	6.456542290346556e-03
1509	6.305754670847707e-03	6.309573444801930e-03
1839	5.927574328029372e-03	6.025595860743574e-03
1862	5.882478102534727e-03	5.888436553555890e-03
1864	5.638409240935394e-03	5.754399373371567e-03
1922	5.618937610017860e-03	5.623413251903491e-03
1983	5.433112964375320e-03	5.495408738576248e-03
2081	5.369215543626682e-03	5.370317963702527e-03
2623	5.248005750051910e-03	5.248074602497728e-03
2805	4.542064807313784e-03	4.570881896148752e-03
2807	4.064891071126397e-03	4.073802778041126e-03
2868	3.965736828819844e-03	3.981071705534973e-03
2903	3.786597194287866e-03	3.801893963205613e-03
3550	3.712953684667508e-03	3.715352290971724e-03
3742	3.230608466155305e-03	3.235936569296281e-03
4756	3.150334859627235e-03	3.162277660168379e-03
4789	3.054538119992678e-03	3.090295432513592e-03
4963	2.808807220722853e-03	2.818382931264455e-03
6446	2.754218174813139e-03	2.754228703338166e-03
6793	2.691400187920912e-03	2.691534803926917e-03
9061	2.629276754776866e-03	2.630267991895381e-03
12401	2.568189159167011e-03	2.570395782768865e-03
22546	2.504701541070964e-03	2.511886431509579e-03
30100	2.445910161805953e-03	2.454708915685031e-03
34598	2.365119684369588e-03	2.398832919019490e-03
41154	2.344041845999900e-03	2.344228815319923e-03
53352	2.290843793711694e-03	2.290867652767772e-03
120001	2.250819412519700e-03	2.290867652767772e-03
%
% index = 516, name = bbob_f013_i15_d02__bbob_f013_i16_d02
% instance = 7, reference value = 9.901090597055090e-01
% function evaluation | indicator value | target hit
1	9.210606263605392e-01	9.332543007969910e-01
7	6.684372250205690e-01	6.760829753919817e-01
22	2.522673886992731e-01	2.570395782768864e-01
154	1.402200003167393e-01	1.412537544622754e-01
197	1.203346210253718e-01	1.230268770812381e-01
200	1.191501491990803e-01	1.202264434617413e-01
213	1.108644913764113e-01	1.122018454301964e-01
277	1.031282226245728e-01	1.047128548050900e-01
286	1.000867619937755e-01	1.023292992280754e-01
292	9.961432032906792e-02	1.000000000000000e-01
312	7.205263697682951e-02	7.244359600749903e-02
335	6.790369684238196e-02	6.918309709189366e-02
336	4.170365830144429e-02	4.265795188015926e-02
344	3.681882850551732e-02	3.715352290971726e-02
395	3.277409377019980e-02	3.311311214825911e-02
399	2.974842922722643e-02	3.019951720402016e-02
418	2.815434366480807e-02	2.818382931264454e-02
423	2.709465408887812e-02	2.754228703338166e-02
435	2.501911750563368e-02	2.511886431509579e-02
465	2.390105040943435e-02	2.398832919019490e-02
474	1.692156680546031e-02	1.698243652461744e-02
516	1.611778854148760e-02	1.621810097358930e-02
532	1.582865201715022e-02	1.584893192461113e-02
573	1.526695735706241e-02	1.548816618912481e-02
580	1.395552942865086e-02	1.412537544622754e-02
590	1.300808557351707e-02	1.318256738556407e-02
612	1.247806595662249e-02	1.258925411794167e-02
628	1.226464911687297e-02	1.230268770812382e-02
666	1.070712177226840e-02	1.071519305237606e-02
680	1.018809429992396e-02	1.023292992280754e-02
696	9.666788948749283e-03	9.772372209558112e-03
706	9.438759654759044e-03	9.549925860214359e-03
707	9.248750872716260e-03	9.332543007969915e-03
737	9.072481125952825e-03	9.120108393559097e-03
797	8.749203272132799e-03	8.912509381337459e-03
828	8.502367444650050e-03	8.511380382023767e-03
839	8.096195441750109e-03	8.128305161640995e-03
872	7.886720298017957e-03	7.943282347242814e-03
978	7.752423366064076e-03	7.762471166286920e-03
984	7.566982238507047e-03	7.585775750291836e-03
1058	6.985797851423059e-03	7.079457843841380e-03
1145	6.912568491100557e-03	6.918309709189363e-03
1351	6.357700169819513e-03	6.456542290346556e-03
1421	6.303194374942311e-03	6.309573444801930e-03
1477	6.160476346543264e-03	6.165950018614822e-03
1565	5.947319512937255e-03	6.025595860743574e-03
1662	5.880192568980314e-03	5.888436553555890e-03
1682	5.739740734319265e-03	5.754399373371567e-03
2068	5.608059041668945e-03	5.623413251903491e-03
2318	5.490911125275666e-03	5.495408738576248e-03
2508	5.324930948194972e-03	5.370317963702527e-03
3009	5.247110106767150e-03	5.248074602497728e-03
3896	5.127690798902407e-03	5.128613839913648e-03
4924	5.011155955664259e-03	5.011872336272725e-03
7881	4.897784825862783e-03	4.897788193684461e-03
120000	4.794230913476749e-03	4.897788193684461e-03
%
% index = 517, name = bbob_f013_i17_d02__bbob_f013_i18_d02
% instance = 8, reference value = 5.850943818378970e-01
% function evaluation | indicator value | target hit
1	3.131171775509344e-01	3.162277660168379e-01
2	2.830333378242972e-01	2.884031503126606e-01
12	1.607354979432352e-01	1.621810097358930e-01
19	1.574696596291549e-01	1.584893192461113e-01
20	1.526786755710465e-01	1.548816618912481e-01
28	1.510710649584313e-01	1.513561248436208e-01
29	1.459759583865895e-01	1.479108388168208e-01
33	1.397871075426680e-01	1.412537544622754e-01
36	9.813098260211012e-02	1.000000000000000e-01
41	7.894322170946289e-02	7.943282347242814e-02
43	7.682257882290100e-02	7.762471166286916e-02
48	7.373393723512800e-02	7.413102413009177e-02
77	7.153806100919780e-02	7.244359600749903e-02
104	6.767688550594031e-02	6.918309709189366e-02
109	6.398226577634025e-02	6.456542290346556e-02
144	5.277057510890437e-02	5.370317963702527e-02
157	4.458773519797898e-02	4.466835921509630e-02
165	4.304322350684464e-02	4.365158322401658e-02
168	3.978501395733913e-02	3.981071705534973e-02
322	3.866745586584419e-02	3.890451449942807e-02
329	3.799011943050434e-02	3.801893963205612e-02
337	3.710986068597555e-02	3.715352290971726e-02
350	3.630673107929749e-02	3.630780547701014e-02
356	3.531781147935342e-02	3.548133892335755e-02
376	3.317472499663732e-02	3.388441561392026e-02
380	3.304274842033372e-02	3.311311214825911e-02
458	3.230846599009340e-02	3.235936569296283e-02
465	2.963581278423733e-02	3.019951720402016e-02
467	2.946446349863974e-02	2.951209226666385e-02
500	2.864789549964197e-02	2.884031503126606e-02
504	2.777917670395746e-02	2.818382931264454e-02
514	2.752973363623212e-02	2.754228703338166e-02
772	2.690422131317405e-02	2.691534803926915e-02
869	2.615666570834319e-02	2.630267991895381e-02
894	2.344093573106565e-02	2.344228815319923e-02
912	2.174382085626736e-02	2.187761623949553e-02
1298	2.119057035097638e-02	2.137962089502233e-02
1302	1.995766856886350e-02	2.041737944669529e-02
1303	1.994589399865621e-02	1.995262314968880e-02
1309	1.928724954760708e-02	1.949844599758046e-02
1331	1.900449947599581e-02	1.905460717963247e-02
1356	1.657809077960259e-02	1.659586907437561e-02
1374	1.584201587362521e-02	1.584893192461113e-02
1397	1.425618534967787e-02	1.445439770745927e-02
1400	1.379546245367336e-02	1.380384264602885e-02
1415	1.290977461104970e-02	1.318256738556407e-02
1433	1.254206690171977e-02	1.258925411794167e-02
1445	1.226396684757225e-02	1.230268770812382e-02
1480	1.181730365858313e-02	1.202264434617413e-02
1487	1.137943670220398e-02	1.148153621496883e-02
2038	1.101604852312554e-02	1.122018454301964e-02
2042	1.096262519015168e-02	1.096478196143185e-02
2049	1.067677673947054e-02	1.071519305237606e-02
2084	1.032272686953639e-02	1.047128548050900e-02
2100	1.014861160965297e-02	1.023292992280754e-02
2129	9.998519699257913e-03	1.000000000000000e-02
2139	9.474318187867814e-03	9.549925860214359e-03
2153	9.286563574384732e-03	9.332543007969915e-03
2165	9.074729519314317e-03	9.120108393559097e-03
2192	8.866617841342128e-03	8.912509381337459e-03
2217	8.336136322404930e-03	8.511380382023767e-03
2224	8.314615969519212e-03	8.317637711026709e-03
2277	8.044127711444693e-03	8.128305161640995e-03
2278	7.886253125297338e-03	7.943282347242814e-03
2319	7.660052415383256e-03	7.762471166286920e-03
2324	7.583229479608100e-03	7.585775750291836e-03
2370	7.367605246925035e-03	7.413102413009177e-03
2391	7.183908512430448e-03	7.244359600749898e-03
2652	6.979623679884916e-03	7.079457843841380e-03
2820	6.851962268630163e-03	6.918309709189363e-03
3242	6.720861847547499e-03	6.760829753919818e-03
3268	6.581355989668025e-03	6.606934480075957e-03
3310	6.431404717214484e-03	6.456542290346556e-03
3343	6.257118293694464e-03	6.309573444801930e-03
3366	6.141559009137709e-03	6.165950018614822e-03
3394	5.988421821278345e-03	6.025595860743574e-03
3423	5.878134183496919e-03	5.888436553555890e-03
3436	5.749721721012402e-03	5.754399373371567e-03
3465	5.618816820887829e-03	5.623413251903491e-03
3509	5.384946654632183e-03	5.495408738576248e-03
3521	5.364501408384070e-03	5.370317963702527e-03
3596	5.244199630098034e-03	5.248074602497728e-03
4783	5.115555765454860e-03	5.128613839913648e-03
4879	5.005470498806286e-03	5.011872336272725e-03
4956	4.897648114455033e-03	4.897788193684461e-03
4980	4.775759083951892e-03	4.786300923226385e-03
5032	4.638291007182049e-03	4.677351412871981e-03
5066	4.563034855981418e-03	4.570881896148752e-03
5100	4.465451915083518e-03	4.466835921509630e-03
5156	4.362041960622176e-03	4.365158322401661e-03
5169	4.254675188561485e-03	4.265795188015926e-03
5235	4.163112610695907e-03	4.168693834703355e-03
6191	4.035948598742345e-03	4.073802778041126e-03
6972	3.977555049495707e-03	3.981071705534973e-03
7057	3.889385121804922e-03	3.890451449942805e-03
7140	3.799842676215026e-03	3.801893963205613e-03
7256	3.649994414227198e-03	3.715352290971724e-03
7281	3.629393996761654e-03	3.630780547701014e-03
7340	3.539755431687164e-03	3.548133892335753e-03
9774	3.463036352253424e-03	3.467368504525317e-03
9872	3.377735745381916e-03	3.388441561392024e-03
10041	3.307500073765568e-03	3.311311214825911e-03
10192	3.235403984550356e-03	3.235936569296281e-03
13426	3.161777755819495e-03	3.162277660168379e-03
13592	3.084286115962898e-03	3.090295432513592e-03
13769	3.011291892563328e-03	3.019951720402016e-03
13800	2.950419550158734e-03	2.951209226666387e-03
14017	2.883873603459430e-03	2.884031503126605e-03
18799	2.818197196123196e-03	2.818382931264455e-03
19247	2.754228462712893e-03	2.754228703338166e-03
19454	2.675070758954790e-03	2.691534803926917e-03
19578	2.630067787082968e-03	2.630267991895381e-03
25926	2.570393102747426e-03	2.570395782768865e-03
26413	2.486216701929389e-03	2.511886431509579e-03
26722	2.453692836661414e-03	2.454708915685031e-03
27243	2.396584615736108e-03	2.398832919019490e-03
27443	2.344221508124411e-03	2.344228815319923e-03
27785	2.247609007428708e-03	2.290867652767772e-03
27882	2.226321550110377e-03	2.238721138568340e-03
28537	2.187681547357490e-03	2.187761623949552e-03
29764	2.131928839665398e-03	2.137962089502233e-03
29966	1.805915743646636e-03	1.819700858609983e-03
30429	1.777338805047046e-03	1.778279410038923e-03
31008	1.725971376998925e-03	1.737800828749376e-03
31883	1.684760393488638e-03	1.698243652461744e-03
32387	1.657717126193559e-03	1.659586907437561e-03
34126	1.621495372568060e-03	1.621810097358930e-03
35155	1.584527115153223e-03	1.584893192461114e-03
35690	1.546971374053796e-03	1.548816618912481e-03
36334	1.513445842378336e-03	1.513561248436209e-03
37561	1.468693320153314e-03	1.479108388168207e-03
39594	1.438874031758797e-03	1.445439770745928e-03
42929	1.412383745713619e-03	1.412537544622754e-03
45666	1.379443730509355e-03	1.380384264602885e-03
51043	1.348130513700529e-03	1.348962882591653e-03
56249	1.318255638235288e-03	1.318256738556408e-03
64114	1.286788931900706e-03	1.288249551693134e-03
75793	1.258693520859833e-03	1.258925411794167e-03
95951	1.229610319008034e-03	1.230268770812381e-03
120001	1.207565263172561e-03	1.230268770812381e-03
%
% index = 518, name = bbob_f013_i19_d02__bbob_f013_i21_d02
% instance = 9, reference value = 8.124121566356119e-01
% function evaluation | indicator value | target hit
1	6.429914713490159e-01	6.456542290346555e-01
35	5.398642556262199e-01	5.495408738576245e-01
37	5.294489663786019e-01	5.370317963702527e-01
47	5.231108356076826e-01	5.248074602497725e-01
64	4.446849340886281e-01	4.466835921509631e-01
80	3.645706861263688e-01	3.715352290971726e-01
103	3.611729717917344e-01	3.630780547701014e-01
149	3.378111917228203e-01	3.388441561392025e-01
207	3.301092730921149e-01	3.311311214825911e-01
277	3.171261045116739e-01	3.235936569296283e-01
298	3.085043761625610e-01	3.090295432513591e-01
329	3.005365507806941e-01	3.019951720402016e-01
354	2.939003788077847e-01	2.951209226666385e-01
372	2.838619854976311e-01	2.884031503126606e-01
394	2.799274270962352e-01	2.818382931264454e-01
422	2.738169786301520e-01	2.754228703338166e-01
447	2.680483585559265e-01	2.691534803926916e-01
460	2.623018123421305e-01	2.630267991895382e-01
472	2.415878028235188e-01	2.454708915685030e-01
527	2.394832070382772e-01	2.398832919019490e-01
539	2.279720260811808e-01	2.290867652767773e-01
565	2.193251447680156e-01	2.238721138568339e-01
566	2.063743845624084e-01	2.089296130854039e-01
586	1.989884329995372e-01	1.995262314968880e-01
589	1.945333224132930e-01	1.949844599758045e-01
646	1.836508725201449e-01	1.862087136662867e-01
652	1.808601026008985e-01	1.819700858609984e-01
663	1.698311955153563e-01	1.737800828749375e-01
665	1.697885171178947e-01	1.698243652461744e-01
673	1.611526758443230e-01	1.621810097358930e-01
681	1.555781562246302e-01	1.584893192461113e-01
695	1.511454254531016e-01	1.513561248436208e-01
752	1.471155633440303e-01	1.479108388168208e-01
802	1.391161429500489e-01	1.412537544622754e-01
932	1.378613147695138e-01	1.380384264602885e-01
945	1.342543075057721e-01	1.348962882591654e-01
948	1.306337844458194e-01	1.318256738556407e-01
954	1.255439094643352e-01	1.258925411794167e-01
979	1.190625968916251e-01	1.202264434617413e-01
1038	1.171832564348702e-01	1.174897554939529e-01
1047	1.137345701729757e-01	1.148153621496883e-01
1062	1.120899717496037e-01	1.122018454301964e-01
1074	1.081940082335546e-01	1.096478196143185e-01
1280	1.067190490339684e-01	1.071519305237607e-01
1309	1.046272410253636e-01	1.047128548050900e-01
1347	1.014252046957692e-01	1.023292992280754e-01
1378	9.905181948071951e-02	1.000000000000000e-01
1418	9.762625953615089e-02	9.772372209558107e-02
1429	9.450439642653286e-02	9.549925860214359e-02
1649	9.314587697655863e-02	9.332543007969910e-02
1658	8.997866496645790e-02	9.120108393559097e-02
1662	8.905167791266733e-02	8.912509381337455e-02
1675	8.687628634248035e-02	8.709635899560805e-02
1711	8.487496969664277e-02	8.511380382023763e-02
1719	8.310705421877052e-02	8.317637711026708e-02
1730	8.081101344773145e-02	8.128305161640990e-02
1765	7.931756004008628e-02	7.943282347242814e-02
1776	7.649698749089784e-02	7.762471166286916e-02
1787	7.424428064448740e-02	7.585775750291836e-02
1796	7.314734803675449e-02	7.413102413009177e-02
1802	7.230220651832164e-02	7.244359600749903e-02
1995	7.025083188114556e-02	7.079457843841380e-02
2022	6.917241155143372e-02	6.918309709189366e-02
2035	6.751350540585255e-02	6.760829753919818e-02
2052	6.606910888928841e-02	6.606934480075961e-02
2083	6.430703237055113e-02	6.456542290346556e-02
2090	6.308208541921023e-02	6.309573444801933e-02
2114	6.092135297036994e-02	6.165950018614822e-02
2134	6.024725931913821e-02	6.025595860743578e-02
2162	5.874913532414106e-02	5.888436553555890e-02
2182	5.474322206302928e-02	5.495408738576246e-02
2196	5.362316802492051e-02	5.370317963702527e-02
2255	5.244878473774262e-02	5.248074602497726e-02
2283	5.124556345869802e-02	5.128613839913648e-02
2299	4.997341576739556e-02	5.011872336272722e-02
2303	4.786006015787281e-02	4.786300923226382e-02
2334	4.593726743927995e-02	4.677351412871981e-02
2342	4.565060709766688e-02	4.570881896148749e-02
2375	4.461443947417953e-02	4.466835921509630e-02
2597	4.312095704467456e-02	4.365158322401658e-02
2630	4.247141759707995e-02	4.265795188015926e-02
2645	4.106032724205921e-02	4.168693834703355e-02
2677	4.070579950600195e-02	4.073802778041128e-02
2701	3.907460204927804e-02	3.981071705534973e-02
2715	3.868713085980735e-02	3.890451449942807e-02
2716	3.748797954640071e-02	3.801893963205612e-02
2731	3.678019097982310e-02	3.715352290971726e-02
2739	3.596972362264483e-02	3.630780547701014e-02
2757	3.544642102048923e-02	3.548133892335755e-02
2809	3.441587466381657e-02	3.467368504525317e-02
2823	3.384143583807175e-02	3.388441561392026e-02
2891	3.310087927290706e-02	3.311311214825911e-02
2902	3.217314923138104e-02	3.235936569296283e-02
2951	3.109122202867076e-02	3.162277660168379e-02
2978	3.088505178259204e-02	3.090295432513590e-02
2984	3.000231847922108e-02	3.019951720402016e-02
3312	2.945825715257022e-02	2.951209226666385e-02
3335	2.883653869464897e-02	2.884031503126606e-02
3395	2.815441919453965e-02	2.818382931264454e-02
3452	2.739996618206475e-02	2.754228703338166e-02
3484	2.689305952832333e-02	2.691534803926915e-02
3527	2.626537666791051e-02	2.630267991895381e-02
3580	2.567699848322558e-02	2.570395782768863e-02
3592	2.498762290977097e-02	2.511886431509579e-02
3662	2.453853188898647e-02	2.454708915685030e-02
4121	2.366100338867405e-02	2.398832919019490e-02
4147	2.343242735729800e-02	2.344228815319923e-02
4168	2.278352467631639e-02	2.290867652767773e-02
4240	2.236086814525873e-02	2.238721138568340e-02
4249	2.173295078603543e-02	2.187761623949553e-02
4282	2.123142997348981e-02	2.137962089502233e-02
4337	2.086023563313932e-02	2.089296130854040e-02
4385	2.034805552714836e-02	2.041737944669529e-02
4446	1.992415587665908e-02	1.995262314968880e-02
4495	1.944540332126998e-02	1.949844599758046e-02
4531	1.905261661487523e-02	1.905460717963247e-02
4612	1.849511217467237e-02	1.862087136662868e-02
4638	1.812195088900748e-02	1.819700858609984e-02
4682	1.775762841678374e-02	1.778279410038923e-02
4833	1.736364787348355e-02	1.737800828749375e-02
4901	1.693736324914807e-02	1.698243652461744e-02
5550	1.658567500932651e-02	1.659586907437561e-02
5624	1.620438599134766e-02	1.621810097358930e-02
5742	1.584626701994329e-02	1.584893192461113e-02
5808	1.548437130423974e-02	1.548816618912481e-02
5873	1.512144566188778e-02	1.513561248436208e-02
5922	1.478890182694925e-02	1.479108388168207e-02
6042	1.442699456230667e-02	1.445439770745927e-02
6050	1.411454813808322e-02	1.412537544622754e-02
6126	1.377370685595203e-02	1.380384264602885e-02
6181	1.348460394144535e-02	1.348962882591653e-02
6196	1.317177012255988e-02	1.318256738556407e-02
6253	1.283374162547191e-02	1.288249551693134e-02
6320	1.248669558196769e-02	1.258925411794167e-02
6408	1.214439594390893e-02	1.230268770812382e-02
6443	1.200870751438354e-02	1.202264434617413e-02
6504	1.173860172746710e-02	1.174897554939530e-02
6576	1.144670710630102e-02	1.148153621496883e-02
6702	1.117312300253448e-02	1.122018454301964e-02
6762	1.078433596141104e-02	1.096478196143185e-02
6773	1.071203918180830e-02	1.071519305237606e-02
6831	1.045136153241100e-02	1.047128548050900e-02
6921	1.022771246876819e-02	1.023292992280754e-02
7057	9.979747051381715e-03	1.000000000000000e-02
7179	9.760423163652443e-03	9.772372209558112e-03
7197	9.539577844842828e-03	9.549925860214359e-03
8157	9.327807732670501e-03	9.332543007969915e-03
8209	9.082410567864296e-03	9.120108393559097e-03
8259	8.908667668386938e-03	8.912509381337459e-03
8301	8.664308894553385e-03	8.709635899560805e-03
8415	8.509152661558161e-03	8.511380382023767e-03
8505	8.317192581280830e-03	8.317637711026709e-03
8585	8.116823726970090e-03	8.128305161640995e-03
8616	7.913521348363650e-03	7.943282347242814e-03
8722	7.683818447367985e-03	7.762471166286920e-03
8801	7.584925550165544e-03	7.585775750291836e-03
8911	7.310938299790015e-03	7.413102413009177e-03
8919	7.233025067609478e-03	7.244359600749898e-03
8989	6.641599856932245e-03	6.760829753919818e-03
8998	6.518236351745199e-03	6.606934480075957e-03
9066	6.389393901946150e-03	6.456542290346556e-03
9145	6.300479762826883e-03	6.309573444801930e-03
9198	6.147975735661171e-03	6.165950018614822e-03
9259	6.022758376462267e-03	6.025595860743574e-03
9346	5.885377813216630e-03	5.888436553555890e-03
9499	5.747572509769650e-03	5.754399373371567e-03
9654	5.615101325128991e-03	5.623413251903491e-03
9797	5.491001151264219e-03	5.495408738576248e-03
9889	5.366433359585976e-03	5.370317963702527e-03
11076	5.245719418632722e-03	5.248074602497728e-03
11141	5.127341890952763e-03	5.128613839913648e-03
11217	4.983395135513158e-03	5.011872336272725e-03
11252	4.885293893430731e-03	4.897788193684461e-03
11284	4.785948767745296e-03	4.786300923226385e-03
11327	4.508204224103252e-03	4.570881896148752e-03
11358	4.464620849117473e-03	4.466835921509630e-03
11488	4.353760273172358e-03	4.365158322401661e-03
11546	4.261775220066211e-03	4.265795188015926e-03
11679	4.146383152721533e-03	4.168693834703355e-03
11748	4.068859869607810e-03	4.073802778041126e-03
11873	3.980046657750425e-03	3.981071705534973e-03
11953	3.872482368742380e-03	3.890451449942805e-03
13538	3.794462536756305e-03	3.801893963205613e-03
13602	3.712381274871723e-03	3.715352290971724e-03
13682	3.509831973549815e-03	3.548133892335753e-03
13782	3.462303748470452e-03	3.467368504525317e-03
13872	3.378008760486106e-03	3.388441561392024e-03
14008	3.310674515411338e-03	3.311311214825911e-03
14121	3.235914141528240e-03	3.235936569296281e-03
14175	3.160792922697442e-03	3.162277660168379e-03
14384	3.054409042898776e-03	3.090295432513592e-03
14465	3.019412796082865e-03	3.019951720402016e-03
14634	2.950771337028923e-03	2.951209226666387e-03
14824	2.879460025454250e-03	2.884031503126605e-03
17106	2.817128370934174e-03	2.818382931264455e-03
17285	2.753439691754678e-03	2.754228703338166e-03
17604	2.672075631860782e-03	2.691534803926917e-03
17915	2.616842544133968e-03	2.630267991895381e-03
18048	2.557776402555167e-03	2.570395782768865e-03
18150	2.506250743264049e-03	2.511886431509579e-03
18329	2.454387221387355e-03	2.454708915685031e-03
21452	2.375984130315700e-03	2.398832919019490e-03
21691	2.344213532076922e-03	2.344228815319923e-03
22273	2.286582990676078e-03	2.290867652767772e-03
22510	2.238270734065129e-03	2.238721138568340e-03
26705	2.185942599554846e-03	2.187761623949552e-03
27230	2.107141919238886e-03	2.137962089502233e-03
27316	2.083243963326376e-03	2.089296130854039e-03
27857	2.041312202086587e-03	2.041737944669530e-03
28394	1.991040021860124e-03	1.995262314968879e-03
34734	1.949705600336471e-03	1.949844599758046e-03
35417	1.902951233438199e-03	1.905460717963246e-03
35994	1.846712983267107e-03	1.862087136662868e-03
44113	1.799424244164016e-03	1.819700858609983e-03
45262	1.777489190605608e-03	1.778279410038923e-03
47512	1.735084972410039e-03	1.737800828749376e-03
49283	1.698241043265880e-03	1.698243652461744e-03
50613	1.659284525017957e-03	1.659586907437561e-03
52247	1.620802545824640e-03	1.621810097358930e-03
54877	1.584881367527990e-03	1.584893192461114e-03
56252	1.542059135356766e-03	1.548816618912481e-03
59966	1.513246583027650e-03	1.513561248436209e-03
66562	1.477327727120281e-03	1.479108388168207e-03
68441	1.435961272026276e-03	1.445439770745928e-03
73176	1.411539082332935e-03	1.412537544622754e-03
80979	1.380340799230662e-03	1.380384264602885e-03
92354	1.347822870024107e-03	1.348962882591653e-03
99611	1.315670059813701e-03	1.318256738556408e-03
120001	1.294372785457965e-03	1.318256738556408e-03
%
% index = 519, name = bbob_f013_i21_d02__bbob_f013_i22_d02
% instance = 10, reference value = 9.975318629268840e-01
% function evaluation | indicator value | target hit
1	4.180708553113354e+00	4.265795188015927e+00
3	2.482022173586583e+00	2.511886431509580e+00
5	2.060305337862384e+00	2.089296130854040e+00
7	1.117132376022384e+00	1.122018454301963e+00
8	1.064615804741884e+00	1.071519305237606e+00
18	9.302174176672728e-01	9.332543007969910e-01
41	1.831706034300530e-01	1.862087136662867e-01
203	1.581216995796616e-01	1.584893192461113e-01
216	1.545523411894379e-01	1.548816618912481e-01
298	1.295082416307679e-01	1.318256738556407e-01
320	8.727941073513856e-02	8.912509381337455e-02
381	7.925095132046978e-02	7.943282347242814e-02
416	5.250485529838400e-02	5.370317963702527e-02
418	5.226841644054214e-02	5.248074602497726e-02
456	4.906902886477327e-02	5.011872336272722e-02
468	4.819777400289726e-02	4.897788193684462e-02
481	4.715238967062174e-02	4.786300923226382e-02
508	4.460198767025070e-02	4.466835921509630e-02
516	4.053845912611653e-02	4.073802778041128e-02
527	3.339108004257307e-02	3.388441561392026e-02
528	3.164985610015347e-02	3.235936569296283e-02
546	3.013607325843726e-02	3.019951720402016e-02
553	2.421920789466936e-02	2.454708915685030e-02
559	2.338990431710586e-02	2.344228815319923e-02
589	2.181768037925080e-02	2.187761623949553e-02
602	1.469489330529627e-02	1.479108388168207e-02
605	1.434557086030819e-02	1.445439770745927e-02
619	1.336518882127691e-02	1.348962882591653e-02
628	1.268216563974289e-02	1.288249551693134e-02
629	1.241077533357249e-02	1.258925411794167e-02
664	1.225332692580849e-02	1.230268770812382e-02
727	1.162310017143298e-02	1.174897554939530e-02
728	9.812654593770787e-03	1.000000000000000e-02
746	8.774098710047196e-03	8.912509381337459e-03
747	7.969026575670890e-03	8.128305161640995e-03
755	7.924579826116829e-03	7.943282347242814e-03
766	7.733771586385108e-03	7.762471166286920e-03
812	6.814511021601022e-03	6.918309709189363e-03
817	6.349298581742713e-03	6.456542290346556e-03
827	6.247329257834888e-03	6.309573444801930e-03
836	5.728734163396254e-03	5.754399373371567e-03
889	5.274757617279580e-03	5.370317963702527e-03
928	5.144460917963944e-03	5.248074602497728e-03
972	5.121318926927132e-03	5.128613839913648e-03
1055	4.808902998126197e-03	4.897788193684461e-03
1069	4.700889085531457e-03	4.786300923226385e-03
1080	4.623146393214150e-03	4.677351412871981e-03
1221	4.460035341307789e-03	4.466835921509630e-03
1232	4.324990768862724e-03	4.365158322401661e-03
1785	4.262998406449836e-03	4.265795188015926e-03
2343	4.140709946171883e-03	4.168693834703355e-03
2893	3.958595724099401e-03	3.981071705534973e-03
2987	3.881020944577762e-03	3.890451449942805e-03
3969	3.546510858018048e-03	3.548133892335753e-03
5090	3.439599375471780e-03	3.467368504525317e-03
5840	3.216264219304765e-03	3.235936569296281e-03
6732	3.139736427411943e-03	3.162277660168379e-03
8015	3.062967220585300e-03	3.090295432513592e-03
8073	2.972988945384669e-03	3.019951720402016e-03
8191	2.750997084452478e-03	2.754228703338166e-03
8494	2.649322892074202e-03	2.691534803926917e-03
8916	2.578036724080635e-03	2.630267991895381e-03
9198	2.527978101810713e-03	2.570395782768865e-03
9254	2.511736291532118e-03	2.511886431509579e-03
9344	2.133373918616566e-03	2.137962089502233e-03
9374	2.055951161341385e-03	2.089296130854039e-03
9959	2.024773881703190e-03	2.041737944669530e-03
11107	1.487049510325744e-03	1.513561248436209e-03
11463	1.478923557130751e-03	1.479108388168207e-03
13243	1.404611820475687e-03	1.412537544622754e-03
13504	1.355423192694771e-03	1.380384264602885e-03
14198	1.330199727168413e-03	1.348962882591653e-03
14602	1.220834691331607e-03	1.230268770812381e-03
15002	1.173497395508316e-03	1.174897554939529e-03
15076	1.058591965558131e-03	1.071519305237606e-03
15133	9.185037529105822e-04	9.332543007969915e-04
15134	8.785475105379525e-04	8.912509381337459e-04
15512	8.041342300717513e-04	8.128305161640995e-04
15698	7.450666550123941e-04	7.585775750291835e-04
15766	7.192286278900895e-04	7.244359600749898e-04
17201	6.900753196347198e-04	6.918309709189362e-04
17395	6.759438247317950e-04	6.760829753919819e-04
17784	6.408608383899894e-04	6.456542290346556e-04
18001	6.249984628299288e-04	6.309573444801930e-04
18178	5.589839277005959e-04	5.623413251903491e-04
18223	5.246476374010101e-04	5.248074602497728e-04
19549	4.758829201644277e-04	4.786300923226385e-04
20256	4.387113239816554e-04	4.466835921509630e-04
21437	4.253183862980014e-04	4.265795188015926e-04
23459	4.153664720488726e-04	4.168693834703355e-04
24333	4.031505604512597e-04	4.073802778041126e-04
24967	3.902135653253147e-04	3.981071705534974e-04
26200	3.878185844297111e-04	3.890451449942805e-04
27172	3.801480011186298e-04	3.801893963205612e-04
28947	3.715284067320468e-04	3.715352290971724e-04
32403	3.629883476753415e-04	3.630780547701014e-04
35608	3.546410969682556e-04	3.548133892335753e-04
39798	3.467326238446589e-04	3.467368504525317e-04
49322	3.388439575481295e-04	3.388441561392024e-04
120769	3.351129278215126e-04	3.388441561392024e-04
%
% index = 520, name = bbob_f013_i23_d02__bbob_f013_i24_d02
% instance = 11, reference value = 1.000000000000000e+00
% function evaluation | indicator value | target hit
1	1.189823979090500e+00	1.202264434617413e+00
4	1.019232225460500e+00	1.023292992280754e+00
57	9.964423839032038e-01	1.000000000000000e+00
76	9.495876748269987e-01	9.549925860214360e-01
121	7.477514845344506e-01	7.585775750291838e-01
126	6.234437933928142e-01	6.309573444801932e-01
139	6.053237865907967e-01	6.165950018614822e-01
149	5.281723040187160e-01	5.370317963702527e-01
153	5.131681843768199e-01	5.248074602497725e-01
159	4.726923290602764e-01	4.786300923226383e-01
189	4.515767272567954e-01	4.570881896148750e-01
234	4.124200174193020e-01	4.168693834703354e-01
255	3.569035383012116e-01	3.630780547701014e-01
256	3.433977661950820e-01	3.467368504525316e-01
270	3.384422928563687e-01	3.388441561392025e-01
308	3.280142458324973e-01	3.311311214825911e-01
311	2.925232292369171e-01	2.951209226666385e-01
319	2.849347044233503e-01	2.884031503126606e-01
323	2.537355768277384e-01	2.570395782768864e-01
343	2.506180076185562e-01	2.511886431509580e-01
352	2.278019607653332e-01	2.290867652767773e-01
379	2.207127383442268e-01	2.238721138568339e-01
396	2.123133705235205e-01	2.137962089502232e-01
399	1.782697212073266e-01	1.819700858609984e-01
401	1.769112146553939e-01	1.778279410038923e-01
446	1.428108798282929e-01	1.445439770745928e-01
448	1.310214801641869e-01	1.318256738556407e-01
450	1.253869217374668e-01	1.258925411794167e-01
495	1.179815276999591e-01	1.202264434617413e-01
544	1.133141139505262e-01	1.148153621496883e-01
588	1.086308098542972e-01	1.096478196143185e-01
656	1.036962925894604e-01	1.047128548050900e-01
662	1.016348232380937e-01	1.023292992280754e-01
667	9.902225569391909e-02	1.000000000000000e-01
672	9.733827078068358e-02	9.772372209558107e-02
703	9.420366699418792e-02	9.549925860214359e-02
737	9.105047702373048e-02	9.120108393559097e-02
743	8.902812497380919e-02	8.912509381337455e-02
794	8.654090743639875e-02	8.709635899560805e-02
805	8.257332822386709e-02	8.317637711026708e-02
896	8.108186785403770e-02	8.128305161640990e-02
974	7.933332394925874e-02	7.943282347242814e-02
1020	7.693587943554359e-02	7.762471166286916e-02
1085	7.584237518538572e-02	7.585775750291836e-02
1404	7.320488302519368e-02	7.413102413009177e-02
1493	7.232878066467274e-02	7.244359600749903e-02
1650	7.075115620787109e-02	7.079457843841380e-02
2124	6.892954908606863e-02	6.918309709189366e-02
2193	6.749212930621395e-02	6.760829753919818e-02
3288	6.606287744475547e-02	6.606934480075961e-02
4472	6.436170862838619e-02	6.456542290346556e-02
11087	6.293111607012358e-02	6.309573444801933e-02
120000	6.180757607944953e-02	6.309573444801933e-02
%
% index = 521, name = bbob_f013_i25_d02__bbob_f013_i26_d02
% instance = 12, reference value = 1.000000000000000e+00
% function evaluation | indicator value | target hit
1	2.289941638491500e+00	2.290867652767773e+00
19	1.277746030199500e+00	1.288249551693134e+00
31	5.807900076548438e-01	5.888436553555889e-01
68	4.227496617312616e-01	4.265795188015927e-01
97	4.057321285739923e-01	4.073802778041127e-01
142	3.971977533599081e-01	3.981071705534972e-01
179	2.952738024210161e-01	3.019951720402016e-01
195	2.839255807510873e-01	2.884031503126606e-01
201	2.665526493541407e-01	2.691534803926916e-01
258	2.617590932918005e-01	2.630267991895382e-01
300	2.245317155574822e-01	2.290867652767773e-01
308	2.206976735556383e-01	2.238721138568339e-01
335	2.180938146520887e-01	2.187761623949552e-01
409	2.135312254562078e-01	2.137962089502232e-01
411	1.828413613721880e-01	1.862087136662867e-01
458	1.816430667964604e-01	1.819700858609984e-01
488	1.745617156072004e-01	1.778279410038923e-01
549	1.732616510011825e-01	1.737800828749375e-01
562	1.663195985198310e-01	1.698243652461744e-01
577	1.645413306820638e-01	1.659586907437560e-01
609	1.601415537613402e-01	1.621810097358930e-01
680	1.584570125833394e-01	1.584893192461113e-01
718	1.545204108536414e-01	1.548816618912481e-01
730	1.504645935200166e-01	1.513561248436208e-01
735	1.470788823026853e-01	1.479108388168208e-01
782	1.438897414279967e-01	1.445439770745928e-01
980	1.412079915364681e-01	1.412537544622754e-01
1026	1.380337688491415e-01	1.380384264602885e-01
1085	1.333994400243326e-01	1.348962882591654e-01
1474	1.318163891448737e-01	1.318256738556407e-01
2097	1.288129780796432e-01	1.288249551693134e-01
4220	1.256591503794994e-01	1.258925411794167e-01
12875	1.230242175450089e-01	1.230268770812381e-01
120001	1.222106608386498e-01	1.230268770812381e-01
%
% index = 522, name = bbob_f013_i27_d02__bbob_f013_i28_d02
% instance = 13, reference value = 1.000000000000000e+00
% function evaluation | indicator value | target hit
1	1.544611625339000e+00	1.548816618912481e+00
16	1.467953653712500e+00	1.479108388168207e+00
33	9.969876431631582e-01	1.000000000000000e+00
45	9.219968783418749e-01	9.332543007969910e-01
50	8.483196924375460e-01	8.511380382023764e-01
93	7.052033834583793e-01	7.079457843841379e-01
94	5.073691693674521e-01	5.128613839913648e-01
178	4.981789151593047e-01	5.011872336272722e-01
185	4.825082343257535e-01	4.897788193684462e-01
211	4.668775985334133e-01	4.677351412871982e-01
231	1.693143292889842e-01	1.698243652461744e-01
234	1.610462512810685e-01	1.621810097358930e-01
267	1.353720268339366e-01	1.380384264602885e-01
291	1.121571362897117e-01	1.122018454301964e-01
347	9.813285281355633e-02	1.000000000000000e-01
356	9.556407154816504e-02	9.772372209558107e-02
370	9.518862177033405e-02	9.549925860214359e-02
437	8.523071406482685e-02	8.709635899560805e-02
438	8.303223871980547e-02	8.317637711026708e-02
450	7.886462693423801e-02	7.943282347242814e-02
477	7.643470487215709e-02	7.762471166286916e-02
484	7.574400415090943e-02	7.585775750291836e-02
495	4.602026008842086e-02	4.677351412871981e-02
515	4.530170948100287e-02	4.570881896148749e-02
538	3.621519905205139e-02	3.630780547701014e-02
573	3.520259595373076e-02	3.548133892335755e-02
600	1.734911095088387e-02	1.737800828749375e-02
666	1.665936490253650e-02	1.698243652461744e-02
673	1.593346557989939e-02	1.621810097358930e-02
689	1.342515121697208e-02	1.348962882591653e-02
694	1.299407082828175e-02	1.318256738556407e-02
699	1.285013807860580e-02	1.288249551693134e-02
792	1.246903703141256e-02	1.258925411794167e-02
829	1.212721046231757e-02	1.230268770812382e-02
849	1.021287199985166e-02	1.023292992280754e-02
865	9.886306816442869e-03	1.000000000000000e-02
892	9.726415523523935e-03	9.772372209558112e-03
960	9.549088532713856e-03	9.549925860214359e-03
1011	9.307211903136214e-03	9.332543007969915e-03
1026	9.101037714260740e-03	9.120108393559097e-03
1041	8.820912494036381e-03	8.912509381337459e-03
1045	8.678942481249785e-03	8.709635899560805e-03
1067	8.494748796064711e-03	8.511380382023767e-03
1172	8.289903289979583e-03	8.317637711026709e-03
1571	8.123909286682163e-03	8.128305161640995e-03
1879	7.738833972253167e-03	7.762471166286920e-03
2215	7.471795551570182e-03	7.585775750291836e-03
2226	7.380721748192820e-03	7.413102413009177e-03
2982	7.243455651882336e-03	7.244359600749898e-03
31554	7.079446568035830e-03	7.079457843841380e-03
120000	7.046937655167729e-03	7.079457843841380e-03
%
% index = 523, name = bbob_f013_i29_d02__bbob_f013_i30_d02
% instance = 14, reference value = 1.000000000000000e+00
% function evaluation | indicator value | target hit
1	1.149732339620849e+01	1.174897554939530e+01
7	1.139273121525869e+01	1.148153621496883e+01
8	7.328819112760988e+00	7.413102413009175e+00
12	3.273735239159453e+00	3.311311214825911e+00
16	9.485871995449371e-01	9.549925860214360e-01
105	9.328944495135753e-01	9.332543007969910e-01
118	8.882779512026614e-01	8.912509381337456e-01
146	4.049055070466804e-01	4.073802778041127e-01
171	3.870683693897156e-01	3.890451449942806e-01
245	3.702533431588040e-01	3.715352290971726e-01
254	3.436424881400320e-01	3.467368504525316e-01
255	3.158468906602733e-01	3.162277660168379e-01
259	2.835462800154088e-01	2.884031503126606e-01
291	2.805124774114678e-01	2.818382931264454e-01
345	2.552393004600318e-01	2.570395782768864e-01
351	1.601648853210110e-01	1.621810097358930e-01
363	1.237796146548479e-01	1.258925411794167e-01
371	1.161483909694681e-01	1.174897554939529e-01
393	1.143129795434790e-01	1.148153621496883e-01
408	1.053125357680365e-01	1.071519305237607e-01
415	1.023604490516173e-01	1.047128548050900e-01
419	9.983102842817970e-02	1.000000000000000e-01
425	9.171801304243210e-02	9.332543007969910e-02
426	8.511797848230740e-02	8.709635899560805e-02
430	5.984691911227180e-02	6.025595860743578e-02
520	5.679087458845244e-02	5.754399373371569e-02
551	5.019422166376197e-02	5.128613839913648e-02
557	5.006917553523316e-02	5.011872336272722e-02
567	4.858096601390027e-02	4.897788193684462e-02
644	4.632982371177441e-02	4.677351412871981e-02
653	4.547658639932450e-02	4.570881896148749e-02
681	4.386506049068717e-02	4.466835921509630e-02
687	4.348110603408295e-02	4.365158322401658e-02
689	4.004975136017419e-02	4.073802778041128e-02
700	3.495957694928697e-02	3.548133892335755e-02
715	3.007561541481807e-02	3.019951720402016e-02
753	2.934652581567276e-02	2.951209226666385e-02
812	2.856893141273265e-02	2.884031503126606e-02
876	2.708249367782456e-02	2.754228703338166e-02
919	2.688543958954281e-02	2.691534803926915e-02
956	2.629726363201268e-02	2.630267991895381e-02
1062	2.562686652437063e-02	2.570395782768863e-02
1260	2.486491760938780e-02	2.511886431509579e-02
1273	2.315873623135511e-02	2.344228815319923e-02
1291	2.290737938200726e-02	2.290867652767773e-02
1547	2.237423986061571e-02	2.238721138568340e-02
1607	2.177660521696412e-02	2.187761623949553e-02
1648	2.106249794139980e-02	2.137962089502233e-02
1702	2.089082089863770e-02	2.089296130854040e-02
1800	1.982060339260050e-02	1.995262314968880e-02
2164	1.949568190269335e-02	1.949844599758046e-02
2234	1.902821465606308e-02	1.905460717963247e-02
2859	1.860703038943445e-02	1.862087136662868e-02
3069	1.816256001414041e-02	1.819700858609984e-02
3838	1.771544281490611e-02	1.778279410038923e-02
5381	1.734534629284756e-02	1.737800828749375e-02
13030	1.697862176300091e-02	1.698243652461744e-02
120000	1.671043653819060e-02	1.698243652461744e-02
%
% index = 524, name = bbob_f013_i31_d02__bbob_f013_i34_d02
% instance = 15, reference value = 1.000000000000000e+00
% function evaluation | indicator value | target hit
1	1.093014366591500e+00	1.096478196143185e+00
8	7.919849184293808e-01	7.943282347242815e-01
25	6.768610485809790e-01	6.918309709189365e-01
46	2.077644203256657e-01	2.089296130854039e-01
66	1.752664065868357e-01	1.778279410038923e-01
104	1.729598632496829e-01	1.737800828749375e-01
185	1.272632002285888e-01	1.288249551693134e-01
191	1.247061441538422e-01	1.258925411794167e-01
193	1.015512249327777e-01	1.023292992280754e-01
195	9.937923494839251e-02	1.000000000000000e-01
223	9.428927242579344e-02	9.549925860214359e-02
243	9.118856860584179e-02	9.120108393559097e-02
244	6.954803939762466e-02	7.079457843841380e-02
246	6.906872747164405e-02	6.918309709189366e-02
285	6.718716011565162e-02	6.760829753919818e-02
292	6.428832840762921e-02	6.456542290346556e-02
296	5.844046419294147e-02	5.888436553555890e-02
299	5.610285556343420e-02	5.623413251903491e-02
350	4.258316561709585e-02	4.265795188015926e-02
358	4.026886099989568e-02	4.073802778041128e-02
368	3.592168676102503e-02	3.630780547701014e-02
389	3.295579500976531e-02	3.311311214825911e-02
390	3.219441367738185e-02	3.235936569296283e-02
414	3.044690284718587e-02	3.090295432513590e-02
428	2.574777208643786e-02	2.630267991895381e-02
498	2.490692671147166e-02	2.511886431509579e-02
500	2.241812107458752e-02	2.290867652767773e-02
543	2.235632059221504e-02	2.238721138568340e-02
562	2.167373705445796e-02	2.187761623949553e-02
564	2.119598266644429e-02	2.137962089502233e-02
570	2.007341407726626e-02	2.041737944669529e-02
588	1.992484511814163e-02	1.995262314968880e-02
677	1.949393168863323e-02	1.949844599758046e-02
705	1.885785621711145e-02	1.905460717963247e-02
752	1.850206723778181e-02	1.862087136662868e-02
782	1.786081051782540e-02	1.819700858609984e-02
887	1.768856906190830e-02	1.778279410038923e-02
906	1.726534034531846e-02	1.737800828749375e-02
911	1.646554552041635e-02	1.659586907437561e-02
923	1.619555393601924e-02	1.621810097358930e-02
1180	1.550395271015348e-02	1.584893192461113e-02
1194	1.545390507418831e-02	1.548816618912481e-02
1199	1.506271232256218e-02	1.513561248436208e-02
1288	1.466824595503535e-02	1.479108388168207e-02
1512	1.443833492988900e-02	1.445439770745927e-02
2004	1.412493684509653e-02	1.412537544622754e-02
2326	1.378936479973680e-02	1.380384264602885e-02
3539	1.311984942867483e-02	1.318256738556407e-02
3575	1.285348047395607e-02	1.288249551693134e-02
4344	1.235562633447329e-02	1.258925411794167e-02
4535	1.176053393433985e-02	1.202264434617413e-02
4536	1.136010208844218e-02	1.148153621496883e-02
4622	1.121378327160416e-02	1.122018454301964e-02
7608	1.095596912056784e-02	1.096478196143185e-02
16429	1.071496214309819e-02	1.071519305237606e-02
120001	1.052718730347069e-02	1.071519305237606e-02
