%
% index = 3810, name = bbob_f013_i02_d20__bbob_f013_i04_d20
% instance = 1, reference value = 5.550099139328580e-01
% function evaluation | indicator value | target hit
1	4.809432681328468e-01	4.897788193684462e-01
2	4.642251502255932e-01	4.677351412871982e-01
28	4.536680173048353e-01	4.570881896148750e-01
115	4.464318399275757e-01	4.466835921509631e-01
130	4.347133551405361e-01	4.365158322401660e-01
197	4.175112178508578e-01	4.265795188015927e-01
206	4.120181257752947e-01	4.168693834703354e-01
216	3.989361276837014e-01	4.073802778041127e-01
236	3.934393741455839e-01	3.981071705534972e-01
248	3.881033724738383e-01	3.890451449942806e-01
289	3.801115736630354e-01	3.801893963205612e-01
333	3.712683771159692e-01	3.715352290971726e-01
444	3.539164164819357e-01	3.548133892335755e-01
508	3.457661411228948e-01	3.467368504525316e-01
519	3.372803913136880e-01	3.388441561392025e-01
574	3.280546386398699e-01	3.311311214825911e-01
587	3.200738666269176e-01	3.235936569296283e-01
638	3.161232536355782e-01	3.162277660168379e-01
671	3.071428055943368e-01	3.090295432513591e-01
725	2.966159004502736e-01	3.019951720402016e-01
749	2.935737819261851e-01	2.951209226666385e-01
763	2.841202047402251e-01	2.884031503126606e-01
829	2.809383767176061e-01	2.818382931264454e-01
883	2.747913057940224e-01	2.754228703338166e-01
952	2.533050334362954e-01	2.570395782768864e-01
993	2.403372867394046e-01	2.454708915685030e-01
1003	2.331494600318762e-01	2.344228815319922e-01
1221	2.289108597891781e-01	2.290867652767773e-01
1326	2.163562285390013e-01	2.187761623949552e-01
1336	2.055612848862108e-01	2.089296130854039e-01
1389	2.041417619592623e-01	2.041737944669530e-01
1527	1.958898913799431e-01	1.995262314968880e-01
1567	1.949218898736349e-01	1.949844599758045e-01
1800	1.904981849236661e-01	1.905460717963247e-01
2144	1.833397133739532e-01	1.862087136662867e-01
2184	1.810043002905914e-01	1.819700858609984e-01
2281	1.772254875039013e-01	1.778279410038923e-01
2683	1.737703994348690e-01	1.737800828749375e-01
2917	1.695971252546838e-01	1.698243652461744e-01
3578	1.657878799308318e-01	1.659586907437560e-01
4212	1.621652043758437e-01	1.621810097358930e-01
4763	1.580304225804495e-01	1.584893192461113e-01
6116	1.547643878913897e-01	1.548816618912481e-01
8091	1.507464110733974e-01	1.513561248436208e-01
8934	1.454962661741693e-01	1.479108388168208e-01
11328	1.445046240478064e-01	1.445439770745928e-01
12137	1.406258156985614e-01	1.412537544622754e-01
15281	1.378758136912792e-01	1.380384264602885e-01
18167	1.348926866219378e-01	1.348962882591654e-01
20516	1.318255008229699e-01	1.318256738556407e-01
25461	1.288248389306391e-01	1.288249551693134e-01
29869	1.253239581386751e-01	1.258925411794167e-01
32139	1.230216705329372e-01	1.230268770812381e-01
32200	1.188858517974037e-01	1.202264434617413e-01
33018	1.170149602260967e-01	1.174897554939529e-01
34154	1.147820726598914e-01	1.148153621496883e-01
37141	1.121855491049725e-01	1.122018454301964e-01
38813	1.096173795459043e-01	1.096478196143185e-01
40910	1.060385584243261e-01	1.071519305237607e-01
44496	1.047074760736177e-01	1.047128548050900e-01
46011	1.023268781918534e-01	1.023292992280754e-01
47654	9.916253424263677e-02	1.000000000000000e-01
50778	9.756330768284077e-02	9.772372209558107e-02
51537	9.549299492854724e-02	9.549925860214359e-02
53120	9.263173818309434e-02	9.332543007969910e-02
53450	9.119700357606636e-02	9.120108393559097e-02
55040	8.911641980591067e-02	8.912509381337455e-02
55944	8.682764836168488e-02	8.709635899560805e-02
60532	8.503823005749511e-02	8.511380382023763e-02
66677	8.315342023318384e-02	8.317637711026708e-02
69165	8.022173340944039e-02	8.128305161640990e-02
70008	7.940997275758843e-02	7.943282347242814e-02
74858	7.760380123171018e-02	7.762471166286916e-02
78404	7.585762382200834e-02	7.585775750291836e-02
82549	7.386196445428311e-02	7.413102413009177e-02
86723	7.243554375081573e-02	7.244359600749903e-02
89768	7.079342884552986e-02	7.079457843841380e-02
94464	6.918267335155148e-02	6.918309709189366e-02
98388	6.760743647183864e-02	6.760829753919818e-02
102556	6.594001371059477e-02	6.606934480075961e-02
111449	6.436556358049494e-02	6.456542290346556e-02
125316	6.307219622711940e-02	6.309573444801933e-02
140134	6.165946468245065e-02	6.165950018614822e-02
154013	6.025595387607630e-02	6.025595860743578e-02
163915	5.888022822996003e-02	5.888436553555890e-02
185012	5.754382442297218e-02	5.754399373371569e-02
210501	5.623412117160526e-02	5.623413251903491e-02
227722	5.494502072878427e-02	5.495408738576246e-02
238862	5.361299450824408e-02	5.370317963702527e-02
262703	5.248068164432584e-02	5.248074602497726e-02
289302	5.116287497348015e-02	5.128613839913648e-02
293357	4.856971451067682e-02	4.897788193684462e-02
300535	4.732803160098009e-02	4.786300923226382e-02
310482	4.667158003709282e-02	4.677351412871981e-02
313317	4.563709949781558e-02	4.570881896148749e-02
322068	4.463538371982056e-02	4.466835921509630e-02
339320	4.365157415458520e-02	4.365158322401658e-02
362842	4.265779113005619e-02	4.265795188015926e-02
378219	4.126879803716843e-02	4.168693834703355e-02
391054	4.059069563588558e-02	4.073802778041128e-02
400095	3.975987330845554e-02	3.981071705534973e-02
407894	3.876706811558828e-02	3.890451449942807e-02
417555	3.765931037366743e-02	3.801893963205612e-02
420234	3.666313288338685e-02	3.715352290971726e-02
425220	3.621022001428253e-02	3.630780547701014e-02
433309	3.528346460338383e-02	3.548133892335755e-02
445241	3.459014123192294e-02	3.467368504525317e-02
458255	3.388440542052518e-02	3.388441561392026e-02
472953	3.311273999897690e-02	3.311311214825911e-02
488663	3.235244911707646e-02	3.235936569296283e-02
500636	3.161761609643265e-02	3.162277660168379e-02
510178	3.080785123973728e-02	3.090295432513590e-02
526422	3.019946899819725e-02	3.019951720402016e-02
550644	2.951205360008713e-02	2.951209226666385e-02
561375	2.883298064539652e-02	2.884031503126606e-02
576261	2.817546350057654e-02	2.818382931264454e-02
587501	2.754053706996651e-02	2.754228703338166e-02
607743	2.691146424218949e-02	2.691534803926915e-02
617709	2.630210522657594e-02	2.630267991895381e-02
636921	2.535947905243774e-02	2.570395782768863e-02
651691	2.511552876391943e-02	2.511886431509579e-02
664827	2.452396010108115e-02	2.454708915685030e-02
681470	2.398775871177139e-02	2.398832919019490e-02
703573	2.326799139537816e-02	2.344228815319923e-02
706311	2.283560792128247e-02	2.290867652767773e-02
720880	2.238721002820832e-02	2.238721138568340e-02
745042	2.185415607426322e-02	2.187761623949553e-02
761151	2.137961824192813e-02	2.137962089502233e-02
784568	2.085638715611737e-02	2.089296130854040e-02
798904	2.041686911837115e-02	2.041737944669529e-02
840315	1.995247328098848e-02	1.995262314968880e-02
875654	1.949805038982533e-02	1.949844599758046e-02
904567	1.905256439416836e-02	1.905460717963247e-02
933805	1.860806512097635e-02	1.862087136662868e-02
972326	1.819700727895746e-02	1.819700858609984e-02
1015879	1.778248892144141e-02	1.778279410038923e-02
1030991	1.730312065334561e-02	1.737800828749375e-02
1059531	1.694078727658188e-02	1.698243652461744e-02
1094369	1.654518949069861e-02	1.659586907437561e-02
1118435	1.621760856493015e-02	1.621810097358930e-02
1135424	1.583739933100792e-02	1.584893192461113e-02
1185495	1.548731719915808e-02	1.548816618912481e-02
1200000	1.544503536849229e-02	1.548816618912481e-02
%
% index = 3811, name = bbob_f013_i03_d20__bbob_f013_i05_d20
% instance = 2, reference value = 5.629485709547660e-01
% function evaluation | indicator value | target hit
1	5.412947224412850e-01	5.495408738576245e-01
65	5.355799416360912e-01	5.370317963702527e-01
127	5.235191656900476e-01	5.248074602497725e-01
222	5.120752570649482e-01	5.128613839913648e-01
249	4.673576007991355e-01	4.677351412871982e-01
259	4.430684323785866e-01	4.466835921509631e-01
292	4.320350128188757e-01	4.365158322401660e-01
324	4.240549685252738e-01	4.265795188015927e-01
334	4.157842273261396e-01	4.168693834703354e-01
442	4.067098290739665e-01	4.073802778041127e-01
546	3.978122678596572e-01	3.981071705534972e-01
596	3.816961745356554e-01	3.890451449942806e-01
649	3.793483506371897e-01	3.801893963205612e-01
735	3.713956829447310e-01	3.715352290971726e-01
776	3.614644616874422e-01	3.630780547701014e-01
845	3.548069607740365e-01	3.548133892335755e-01
1049	3.466388206209911e-01	3.467368504525316e-01
1196	3.381293254512614e-01	3.388441561392025e-01
1299	3.310352669675547e-01	3.311311214825911e-01
1612	3.235819125738433e-01	3.235936569296283e-01
1748	3.148960589246004e-01	3.162277660168379e-01
1892	3.075384986108500e-01	3.090295432513591e-01
1940	3.016580314044966e-01	3.019951720402016e-01
2017	2.947413756801708e-01	2.951209226666385e-01
2244	2.867277353978464e-01	2.884031503126606e-01
2644	2.818342553205492e-01	2.818382931264454e-01
3470	2.754155960669794e-01	2.754228703338166e-01
3620	2.682158787021956e-01	2.691534803926916e-01
3925	2.600499387187011e-01	2.630267991895382e-01
4037	2.569690616608105e-01	2.570395782768864e-01
4262	2.508600198241219e-01	2.511886431509580e-01
4304	2.445228218282955e-01	2.454708915685030e-01
4359	2.396148537574871e-01	2.398832919019490e-01
4620	2.286677898444904e-01	2.290867652767773e-01
5074	2.200689294168023e-01	2.238721138568339e-01
5139	2.187060705208121e-01	2.187761623949552e-01
5566	2.094493080937306e-01	2.137962089502232e-01
5615	2.083658328834399e-01	2.089296130854039e-01
5826	2.031348937374092e-01	2.041737944669530e-01
6319	1.994298934604679e-01	1.995262314968880e-01
7341	1.944693077016992e-01	1.949844599758045e-01
8940	1.880810150632217e-01	1.905460717963247e-01
9511	1.828166130830824e-01	1.862087136662867e-01
10885	1.819696812091020e-01	1.819700858609984e-01
11507	1.778020786582463e-01	1.778279410038923e-01
13659	1.737346342643361e-01	1.737800828749375e-01
14933	1.690156774848410e-01	1.698243652461744e-01
16816	1.658750859921027e-01	1.659586907437560e-01
19637	1.621256916066410e-01	1.621810097358930e-01
21578	1.584849082813087e-01	1.584893192461113e-01
23978	1.545708042626084e-01	1.548816618912481e-01
28811	1.513552929440042e-01	1.513561248436208e-01
32442	1.478976254141428e-01	1.479108388168208e-01
34399	1.445433214072798e-01	1.445439770745928e-01
35786	1.412447337854381e-01	1.412537544622754e-01
36959	1.379311938407597e-01	1.380384264602885e-01
37762	1.348694656461122e-01	1.348962882591654e-01
39358	1.318121152474024e-01	1.318256738556407e-01
41999	1.288248532413366e-01	1.288249551693134e-01
45138	1.258534979124054e-01	1.258925411794167e-01
47698	1.230250453794542e-01	1.230268770812381e-01
50301	1.202070410213644e-01	1.202264434617413e-01
54045	1.174749837308954e-01	1.174897554939529e-01
54345	1.145999527869934e-01	1.148153621496883e-01
55336	1.121940652416721e-01	1.122018454301964e-01
55976	1.096458521223830e-01	1.096478196143185e-01
57219	1.070929314673463e-01	1.071519305237607e-01
59991	1.047031189737317e-01	1.047128548050900e-01
62526	1.023170755648363e-01	1.023292992280754e-01
67792	9.998345145837062e-02	1.000000000000000e-01
70733	9.772150688881315e-02	9.772372209558107e-02
75379	9.548738251013661e-02	9.549925860214359e-02
77216	9.332541112744519e-02	9.332543007969910e-02
78116	9.119742656812851e-02	9.120108393559097e-02
79294	8.910431167591931e-02	8.912509381337455e-02
81364	8.680121505441335e-02	8.709635899560805e-02
83207	8.508763594348007e-02	8.511380382023763e-02
86982	8.298571238306546e-02	8.317637711026708e-02
90144	8.128166636603362e-02	8.128305161640990e-02
96045	7.941329299818400e-02	7.943282347242814e-02
98721	7.762420211671672e-02	7.762471166286916e-02
103856	7.584121996786880e-02	7.585775750291836e-02
106799	7.413086952720505e-02	7.413102413009177e-02
109194	7.244181686676854e-02	7.244359600749903e-02
114876	7.079450739719240e-02	7.079457843841380e-02
119514	6.918295429696175e-02	6.918309709189366e-02
126213	6.742336912938846e-02	6.760829753919818e-02
134370	6.606896034042614e-02	6.606934480075961e-02
140782	6.448469900606629e-02	6.456542290346556e-02
146733	6.309564873233597e-02	6.309573444801933e-02
155508	6.165926621663265e-02	6.165950018614822e-02
162744	6.005390720501980e-02	6.025595860743578e-02
168634	5.887901586412470e-02	5.888436553555890e-02
173717	5.740134419910892e-02	5.754399373371569e-02
180689	5.618771076440177e-02	5.623413251903491e-02
186603	5.494721368243360e-02	5.495408738576246e-02
193508	5.359851587489028e-02	5.370317963702527e-02
207324	5.247995445044384e-02	5.248074602497726e-02
216406	5.128554460111545e-02	5.128613839913648e-02
224185	5.011848144951636e-02	5.011872336272722e-02
235280	4.895633294232249e-02	4.897788193684462e-02
240284	4.780896624451725e-02	4.786300923226382e-02
248642	4.633996634551163e-02	4.677351412871981e-02
262289	4.570824640719395e-02	4.570881896148749e-02
274945	4.466823204870063e-02	4.466835921509630e-02
292109	4.365109414932788e-02	4.365158322401658e-02
295751	4.265292798607057e-02	4.265795188015926e-02
305211	4.168673055785532e-02	4.168693834703355e-02
317404	4.073781848304603e-02	4.073802778041128e-02
327712	3.973319213484583e-02	3.981071705534973e-02
346979	3.890448705781191e-02	3.890451449942807e-02
366881	3.801888645172091e-02	3.801893963205612e-02
384253	3.707722125294255e-02	3.715352290971726e-02
401892	3.610161681556978e-02	3.630780547701014e-02
416023	3.546600407826472e-02	3.548133892335755e-02
425895	3.467038463159722e-02	3.467368504525317e-02
445160	3.388364850862713e-02	3.388441561392026e-02
467499	3.306549948064608e-02	3.311311214825911e-02
487259	3.235926520423371e-02	3.235936569296283e-02
501505	3.162182060449659e-02	3.162277660168379e-02
515716	3.090274920768443e-02	3.090295432513590e-02
534201	3.011861235401925e-02	3.019951720402016e-02
543514	2.951204228866133e-02	2.951209226666385e-02
567892	2.881598252364115e-02	2.884031503126606e-02
576523	2.818382814581777e-02	2.818382931264454e-02
613854	2.752267616469239e-02	2.754228703338166e-02
643455	2.690402710716644e-02	2.691534803926915e-02
671890	2.630230001444223e-02	2.630267991895381e-02
700954	2.570220300010650e-02	2.570395782768863e-02
736082	2.511736505697415e-02	2.511886431509579e-02
783088	2.454410525888084e-02	2.454708915685030e-02
811702	2.398760709520908e-02	2.398832919019490e-02
812930	2.314910225321976e-02	2.344228815319923e-02
836463	2.288536041881006e-02	2.290867652767773e-02
896318	2.238539855111787e-02	2.238721138568340e-02
920742	2.187746803004320e-02	2.187761623949553e-02
954119	2.137486619994289e-02	2.137962089502233e-02
1012302	2.088036235401303e-02	2.089296130854040e-02
1038188	2.015417844499678e-02	2.041737944669529e-02
1062433	1.959307809984001e-02	1.995262314968880e-02
1071335	1.946465449728507e-02	1.949844599758046e-02
1144618	1.892490380270728e-02	1.905460717963247e-02
1158760	1.861757996091329e-02	1.862087136662868e-02
1200000	1.838415906488944e-02	1.862087136662868e-02
%
% index = 3812, name = bbob_f013_i07_d20__bbob_f013_i08_d20
% instance = 3, reference value = 6.081620289968650e-01
% function evaluation | indicator value | target hit
1	7.389982487961757e-01	7.413102413009175e-01
7	6.821608822607632e-01	6.918309709189365e-01
26	6.716058900373607e-01	6.760829753919817e-01
119	6.561440068243080e-01	6.606934480075960e-01
164	6.419862292972199e-01	6.456542290346555e-01
223	6.283206199878650e-01	6.309573444801932e-01
240	6.034542795095448e-01	6.165950018614822e-01
256	6.019033664823945e-01	6.025595860743578e-01
268	5.885321218330083e-01	5.888436553555889e-01
325	5.689058562817990e-01	5.754399373371569e-01
365	5.622262962208322e-01	5.623413251903491e-01
412	5.398290184896583e-01	5.495408738576245e-01
424	5.369428557325907e-01	5.370317963702527e-01
450	5.235264712009375e-01	5.248074602497725e-01
530	5.124944940885382e-01	5.128613839913648e-01
553	4.963607187905847e-01	5.011872336272722e-01
557	4.878687608600055e-01	4.897788193684462e-01
591	4.786282664457411e-01	4.786300923226383e-01
724	4.671026252402458e-01	4.677351412871982e-01
759	4.509172500143805e-01	4.570881896148750e-01
808	4.442327658581753e-01	4.466835921509631e-01
870	4.334927663459464e-01	4.365158322401660e-01
909	4.253296468026068e-01	4.265795188015927e-01
1031	4.032069103945244e-01	4.073802778041127e-01
1044	3.954068234430193e-01	3.981071705534972e-01
1089	3.859379644242090e-01	3.890451449942806e-01
1154	3.801796765643838e-01	3.801893963205612e-01
1218	3.680745833891105e-01	3.715352290971726e-01
1245	3.626171295256942e-01	3.630780547701014e-01
1282	3.532822269660278e-01	3.548133892335755e-01
1325	3.447581295817118e-01	3.467368504525316e-01
1391	3.377662847960466e-01	3.388441561392025e-01
1451	3.266679613761435e-01	3.311311214825911e-01
1468	3.230932879758489e-01	3.235936569296283e-01
1567	3.144322766940422e-01	3.162277660168379e-01
1594	3.075733566536004e-01	3.090295432513591e-01
1738	3.015613143321832e-01	3.019951720402016e-01
1809	2.918478224550864e-01	2.951209226666385e-01
1907	2.871401175679620e-01	2.884031503126606e-01
1937	2.787132816948805e-01	2.818382931264454e-01
1984	2.672077446448030e-01	2.691534803926916e-01
2165	2.630201339174255e-01	2.630267991895382e-01
2540	2.567681580090683e-01	2.570395782768864e-01
2754	2.508469748350111e-01	2.511886431509580e-01
3091	2.454250155096868e-01	2.454708915685030e-01
3399	2.395996736324694e-01	2.398832919019490e-01
4318	2.322855223866122e-01	2.344228815319922e-01
4925	2.290680843172174e-01	2.290867652767773e-01
6064	2.228359624925922e-01	2.238721138568339e-01
6681	2.172999050423104e-01	2.187761623949552e-01
6925	2.135957052865504e-01	2.137962089502232e-01
7538	2.088212288947218e-01	2.089296130854039e-01
8103	2.027543264153491e-01	2.041737944669530e-01
8685	1.993280432315978e-01	1.995262314968880e-01
9568	1.941069269617782e-01	1.949844599758045e-01
10905	1.886710808954151e-01	1.905460717963247e-01
11208	1.827591131234904e-01	1.862087136662867e-01
11336	1.817787229481671e-01	1.819700858609984e-01
12395	1.778269133691002e-01	1.778279410038923e-01
14302	1.737782257002313e-01	1.737800828749375e-01
15810	1.697455236950145e-01	1.698243652461744e-01
18514	1.659580517587024e-01	1.659586907437560e-01
21660	1.621801813112698e-01	1.621810097358930e-01
24360	1.582458210633645e-01	1.584893192461113e-01
26471	1.540767920338952e-01	1.548816618912481e-01
29711	1.510978657730004e-01	1.513561248436208e-01
32212	1.479084856130382e-01	1.479108388168208e-01
36572	1.445412696077142e-01	1.445439770745928e-01
39036	1.404710768407029e-01	1.412537544622754e-01
41064	1.380238319274327e-01	1.380384264602885e-01
43828	1.348485731656064e-01	1.348962882591654e-01
56796	1.318046048572389e-01	1.318256738556407e-01
59687	1.264557232523207e-01	1.288249551693134e-01
62355	1.258918970561412e-01	1.258925411794167e-01
63646	1.227789466753776e-01	1.230268770812381e-01
67370	1.202252295830203e-01	1.202264434617413e-01
76825	1.167257133302692e-01	1.174897554939529e-01
86166	1.148027911480385e-01	1.148153621496883e-01
96606	1.121914840517163e-01	1.122018454301964e-01
106942	1.091799787087083e-01	1.096478196143185e-01
116718	1.071519201874296e-01	1.071519305237607e-01
131739	1.047125801369040e-01	1.047128548050900e-01
140767	1.022454121797017e-01	1.023292992280754e-01
152184	9.999773566322467e-02	1.000000000000000e-01
162334	9.747159420025941e-02	9.772372209558107e-02
178064	9.500707536962660e-02	9.549925860214359e-02
185643	9.332473720521595e-02	9.332543007969910e-02
191953	9.094999525612646e-02	9.120108393559097e-02
199298	8.911961836975812e-02	8.912509381337455e-02
203624	8.699013273319012e-02	8.709635899560805e-02
209711	8.511315111590034e-02	8.511380382023763e-02
217383	8.316450878085779e-02	8.317637711026708e-02
228324	8.115512024095939e-02	8.128305161640990e-02
234829	7.932274040280896e-02	7.943282347242814e-02
249006	7.753526788732434e-02	7.762471166286916e-02
261585	7.585429922045361e-02	7.585775750291836e-02
276058	7.412525161159411e-02	7.413102413009177e-02
282520	7.203726777194475e-02	7.244359600749903e-02
301591	7.079273021530030e-02	7.079457843841380e-02
306124	6.910442501170000e-02	6.918309709189366e-02
319998	6.720054403777120e-02	6.760829753919818e-02
331027	6.606420016332948e-02	6.606934480075961e-02
336224	6.455965647775674e-02	6.456542290346556e-02
358651	6.309496523105751e-02	6.309573444801933e-02
365706	6.144286165627399e-02	6.165950018614822e-02
383293	6.003191940962882e-02	6.025595860743578e-02
402899	5.888319998369085e-02	5.888436553555890e-02
427691	5.731083665970882e-02	5.754399373371569e-02
444422	5.564737059542335e-02	5.623413251903491e-02
456437	5.495350444212099e-02	5.495408738576246e-02
474506	5.363782121934169e-02	5.370317963702527e-02
515901	5.247983907882359e-02	5.248074602497726e-02
544420	5.126275278093284e-02	5.128613839913648e-02
589640	5.011708953358318e-02	5.011872336272722e-02
621167	4.893747256533587e-02	4.897788193684462e-02
646657	4.786297827034414e-02	4.786300923226382e-02
679885	4.658356143801790e-02	4.677351412871981e-02
708561	4.570784427183683e-02	4.570881896148749e-02
741165	4.458339558532176e-02	4.466835921509630e-02
777621	4.363720891614986e-02	4.365158322401658e-02
836090	4.265714109810459e-02	4.265795188015926e-02
870406	4.168690150671783e-02	4.168693834703355e-02
919571	4.073782471353360e-02	4.073802778041128e-02
968916	3.956090104802845e-02	3.981071705534973e-02
1018434	3.890068658036661e-02	3.890451449942807e-02
1032627	3.783610718586683e-02	3.801893963205612e-02
1083662	3.711119076117608e-02	3.715352290971726e-02
1153952	3.628475610350379e-02	3.630780547701014e-02
1200000	3.571911007928641e-02	3.630780547701014e-02
%
% index = 3813, name = bbob_f013_i09_d20__bbob_f013_i10_d20
% instance = 4, reference value = 5.618224318497670e-01
% function evaluation | indicator value | target hit
1	5.190505249366506e-01	5.248074602497725e-01
9	5.102833710497200e-01	5.128613839913648e-01
21	5.009499003329562e-01	5.011872336272722e-01
61	4.894643072915610e-01	4.897788193684462e-01
98	4.784893492420026e-01	4.786300923226383e-01
118	4.668629812672339e-01	4.677351412871982e-01
135	4.561822283351758e-01	4.570881896148750e-01
169	4.459883558869077e-01	4.466835921509631e-01
208	4.350742066368084e-01	4.365158322401660e-01
215	3.988537315907291e-01	4.073802778041127e-01
246	3.944675409279534e-01	3.981071705534972e-01
289	3.884127881607708e-01	3.890451449942806e-01
388	3.801285663208344e-01	3.801893963205612e-01
398	3.662303428132749e-01	3.715352290971726e-01
401	3.597659663106328e-01	3.630780547701014e-01
445	3.545812741327239e-01	3.548133892335755e-01
476	3.442388340350486e-01	3.467368504525316e-01
513	3.373011046823100e-01	3.388441561392025e-01
595	3.299137757351763e-01	3.311311214825911e-01
721	3.214255621583547e-01	3.235936569296283e-01
747	3.106374665694219e-01	3.162277660168379e-01
786	3.056289641908236e-01	3.090295432513591e-01
881	2.965098321655841e-01	3.019951720402016e-01
914	2.951181715537999e-01	2.951209226666385e-01
1112	2.855336836919457e-01	2.884031503126606e-01
1163	2.813106632526618e-01	2.818382931264454e-01
1198	2.702834154027544e-01	2.754228703338166e-01
1208	2.680830112980418e-01	2.691534803926916e-01
1295	2.559701606477571e-01	2.570395782768864e-01
1403	2.451690413375713e-01	2.454708915685030e-01
1453	2.395681129432728e-01	2.398832919019490e-01
1601	2.311902264830834e-01	2.344228815319922e-01
1623	2.284205956676857e-01	2.290867652767773e-01
1706	2.220787395611160e-01	2.238721138568339e-01
1752	2.170621915187376e-01	2.187761623949552e-01
1926	2.127510768058638e-01	2.137962089502232e-01
2046	2.089261466871294e-01	2.089296130854039e-01
2060	2.020671943583615e-01	2.041737944669530e-01
2064	1.987151312668676e-01	1.995262314968880e-01
2112	1.900681752263541e-01	1.905460717963247e-01
2398	1.861587409781288e-01	1.862087136662867e-01
2496	1.729701093920097e-01	1.737800828749375e-01
2626	1.698021015728235e-01	1.698243652461744e-01
2876	1.659173815500594e-01	1.659586907437560e-01
3312	1.615889283924347e-01	1.621810097358930e-01
3413	1.516347234668017e-01	1.548816618912481e-01
3414	1.507463221857599e-01	1.513561248436208e-01
3726	1.467865139559295e-01	1.479108388168208e-01
4383	1.444593172454887e-01	1.445439770745928e-01
4696	1.401877333285900e-01	1.412537544622754e-01
5523	1.372138728134342e-01	1.380384264602885e-01
7016	1.347435495333587e-01	1.348962882591654e-01
7366	1.318227967580373e-01	1.318256738556407e-01
7757	1.283298195263670e-01	1.288249551693134e-01
8946	1.258512850642618e-01	1.258925411794167e-01
9329	1.229919542275477e-01	1.230268770812381e-01
9873	1.202203049775011e-01	1.202264434617413e-01
10608	1.165497017629121e-01	1.174897554939529e-01
11754	1.147836601772524e-01	1.148153621496883e-01
12104	1.121121615865873e-01	1.122018454301964e-01
13149	1.094998537254698e-01	1.096478196143185e-01
14415	1.057944186967166e-01	1.071519305237607e-01
14605	1.043928522462730e-01	1.047128548050900e-01
15391	1.023202355177216e-01	1.023292992280754e-01
15886	9.965843859145290e-02	1.000000000000000e-01
17706	9.772349980559925e-02	9.772372209558107e-02
18750	9.549832721821588e-02	9.549925860214359e-02
23093	9.331777282776588e-02	9.332543007969910e-02
25381	9.118092082209556e-02	9.120108393559097e-02
27963	8.859858161567680e-02	8.912509381337455e-02
30161	8.698951452036285e-02	8.709635899560805e-02
34742	8.509428780268147e-02	8.511380382023763e-02
41183	8.314742546471143e-02	8.317637711026708e-02
48806	8.128274163825072e-02	8.128305161640990e-02
52393	7.913345312148468e-02	7.943282347242814e-02
59347	7.730725857052484e-02	7.762471166286916e-02
62549	7.581195243214089e-02	7.585775750291836e-02
65771	7.411606404720422e-02	7.413102413009177e-02
72385	7.221632499247732e-02	7.244359600749903e-02
74239	7.057649116287257e-02	7.079457843841380e-02
76477	6.767215028367873e-02	6.918309709189366e-02
76558	6.759563429558785e-02	6.760829753919818e-02
78309	6.591532010933887e-02	6.606934480075961e-02
78511	6.424734488766504e-02	6.456542290346556e-02
79266	6.255825041872992e-02	6.309573444801933e-02
80359	6.148933059706729e-02	6.165950018614822e-02
84809	6.025576350134954e-02	6.025595860743578e-02
90451	5.826007976881742e-02	5.888436553555890e-02
93514	5.753990987497837e-02	5.754399373371569e-02
102098	5.623406232149430e-02	5.623413251903491e-02
114336	5.491674248896727e-02	5.495408738576246e-02
121593	5.369796166168639e-02	5.370317963702527e-02
128489	5.247880075154421e-02	5.248074602497726e-02
137387	5.128526567145719e-02	5.128613839913648e-02
140579	5.007587448757322e-02	5.011872336272722e-02
144885	4.897474961308557e-02	4.897788193684462e-02
149135	4.780409232461758e-02	4.786300923226382e-02
155187	4.675442698108634e-02	4.677351412871981e-02
164592	4.570871011699240e-02	4.570881896148749e-02
168815	4.466712722180444e-02	4.466835921509630e-02
174125	4.364627352118500e-02	4.365158322401658e-02
178609	4.265543069729660e-02	4.265795188015926e-02
186485	4.168441300121217e-02	4.168693834703355e-02
188920	4.055460744502004e-02	4.073802778041128e-02
192987	3.981007952104865e-02	3.981071705534973e-02
198920	3.874464589756554e-02	3.890451449942807e-02
203883	3.800968135303118e-02	3.801893963205612e-02
211488	3.714945640546619e-02	3.715352290971726e-02
215479	3.629743900837057e-02	3.630780547701014e-02
220016	3.547762221683126e-02	3.548133892335755e-02
226395	3.467252795137854e-02	3.467368504525317e-02
237456	3.388418736109355e-02	3.388441561392026e-02
242863	3.309396212196902e-02	3.311311214825911e-02
249413	3.235826024586486e-02	3.235936569296283e-02
255175	3.162016560937497e-02	3.162277660168379e-02
266014	3.090229073247985e-02	3.090295432513590e-02
274017	3.019939248529790e-02	3.019951720402016e-02
291003	2.951170395897307e-02	2.951209226666385e-02
295350	2.881695163684350e-02	2.884031503126606e-02
305714	2.818374470694707e-02	2.818382931264454e-02
321689	2.753979686632846e-02	2.754228703338166e-02
332693	2.691349473042082e-02	2.691534803926915e-02
349820	2.629774501595550e-02	2.630267991895381e-02
362668	2.568435154212623e-02	2.570395782768863e-02
379406	2.511829513645170e-02	2.511886431509579e-02
397567	2.454701060850195e-02	2.454708915685030e-02
411094	2.398688192326137e-02	2.398832919019490e-02
429073	2.344212530714629e-02	2.344228815319923e-02
433107	2.288294445337902e-02	2.290867652767773e-02
444278	2.238608215951288e-02	2.238721138568340e-02
459639	2.187736254395678e-02	2.187761623949553e-02
473479	2.108351864328140e-02	2.137962089502233e-02
475335	2.086174418855735e-02	2.089296130854040e-02
484491	2.041734204271628e-02	2.041737944669529e-02
495958	1.994628404681631e-02	1.995262314968880e-02
507846	1.949843382526673e-02	1.949844599758046e-02
526304	1.905407588383212e-02	1.905460717963247e-02
541824	1.860998754603993e-02	1.862087136662868e-02
561021	1.818643539403053e-02	1.819700858609984e-02
570532	1.778239076342258e-02	1.778279410038923e-02
586065	1.728307435614718e-02	1.737800828749375e-02
602931	1.697829214091440e-02	1.698243652461744e-02
623202	1.659586701413240e-02	1.659586907437561e-02
642675	1.619967033762193e-02	1.621810097358930e-02
677839	1.584347795671437e-02	1.584893192461113e-02
700968	1.548767461029021e-02	1.548816618912481e-02
738631	1.513548830686673e-02	1.513561248436208e-02
780576	1.479081918447944e-02	1.479108388168207e-02
808327	1.445437926610860e-02	1.445439770745927e-02
828326	1.412531741105216e-02	1.412537544622754e-02
855457	1.372995133359101e-02	1.380384264602885e-02
867202	1.348864300487085e-02	1.348962882591653e-02
890441	1.318205323674360e-02	1.318256738556407e-02
914780	1.278250205483045e-02	1.288249551693134e-02
942771	1.258224744952718e-02	1.258925411794167e-02
975339	1.230052423373840e-02	1.230268770812382e-02
1005759	1.202260777156361e-02	1.202264434617413e-02
1048105	1.174319805376578e-02	1.174897554939530e-02
1097634	1.148086895946576e-02	1.148153621496883e-02
1146850	1.107146457541996e-02	1.122018454301964e-02
1190662	1.077638978765105e-02	1.096478196143185e-02
1200000	1.073946052077746e-02	1.096478196143185e-02
%
% index = 3814, name = bbob_f013_i11_d20__bbob_f013_i12_d20
% instance = 5, reference value = 5.408635118553730e-01
% function evaluation | indicator value | target hit
1	4.117411663018552e-01	4.168693834703354e-01
2	4.041836108064371e-01	4.073802778041127e-01
5	3.760024223688835e-01	3.801893963205612e-01
15	3.707119219169019e-01	3.715352290971726e-01
30	3.591546796974477e-01	3.630780547701014e-01
34	3.536555951276069e-01	3.548133892335755e-01
72	3.465696949566290e-01	3.467368504525316e-01
154	3.358760941798381e-01	3.388441561392025e-01
192	3.285742375807384e-01	3.311311214825911e-01
246	3.217911599182286e-01	3.235936569296283e-01
352	3.158832797938882e-01	3.162277660168379e-01
409	3.084654922697272e-01	3.090295432513591e-01
505	3.017935875553054e-01	3.019951720402016e-01
530	2.934986688725963e-01	2.951209226666385e-01
557	2.862848816002516e-01	2.884031503126606e-01
630	2.813775937349376e-01	2.818382931264454e-01
712	2.658364690921822e-01	2.691534803926916e-01
746	2.620521164534682e-01	2.630267991895382e-01
805	2.570359203924163e-01	2.570395782768864e-01
855	2.495272856313347e-01	2.511886431509580e-01
935	2.400329686721591e-01	2.454708915685030e-01
943	2.398447948822541e-01	2.398832919019490e-01
973	2.328296365222222e-01	2.344228815319922e-01
1064	2.289221881917411e-01	2.290867652767773e-01
1329	2.238702442411061e-01	2.238721138568339e-01
1500	2.094049606281834e-01	2.137962089502232e-01
1726	2.077934355726894e-01	2.089296130854039e-01
1817	2.033430567636220e-01	2.041737944669530e-01
2210	1.976690169850499e-01	1.995262314968880e-01
2293	1.899854490881638e-01	1.905460717963247e-01
2619	1.846311060797070e-01	1.862087136662867e-01
3038	1.818055475777887e-01	1.819700858609984e-01
3246	1.767566950068815e-01	1.778279410038923e-01
3651	1.712428896684035e-01	1.737800828749375e-01
4385	1.698227888737521e-01	1.698243652461744e-01
4794	1.655583568494531e-01	1.659586907437560e-01
6226	1.611383579527383e-01	1.621810097358930e-01
6491	1.584886051581810e-01	1.584893192461113e-01
9061	1.548801260454964e-01	1.548816618912481e-01
10726	1.510700015919424e-01	1.513561248436208e-01
11555	1.479106681095907e-01	1.479108388168208e-01
14090	1.444570438232191e-01	1.445439770745928e-01
16554	1.398617845272355e-01	1.412537544622754e-01
17052	1.380363432212084e-01	1.380384264602885e-01
20062	1.348834303454510e-01	1.348962882591654e-01
21159	1.318239019206154e-01	1.318256738556407e-01
22897	1.277235956338635e-01	1.288249551693134e-01
24692	1.258636897453099e-01	1.258925411794167e-01
25369	1.229928620597041e-01	1.230268770812381e-01
27167	1.194669290149673e-01	1.202264434617413e-01
28444	1.169212620039736e-01	1.174897554939529e-01
29899	1.145579628732518e-01	1.148153621496883e-01
31170	1.122001972522897e-01	1.122018454301964e-01
33712	1.093770857025100e-01	1.096478196143185e-01
35573	1.069191844198620e-01	1.071519305237607e-01
38593	1.047093891695131e-01	1.047128548050900e-01
41737	1.023250691594470e-01	1.023292992280754e-01
46878	9.991254720261622e-02	1.000000000000000e-01
50473	9.751289058945467e-02	9.772372209558107e-02
58247	9.549720002885059e-02	9.549925860214359e-02
59355	9.326773203925254e-02	9.332543007969910e-02
64103	9.119663741889311e-02	9.120108393559097e-02
65855	8.905079080354472e-02	8.912509381337455e-02
66989	8.702830714654919e-02	8.709635899560805e-02
67483	8.511140997801503e-02	8.511380382023763e-02
68175	7.911845326491196e-02	7.943282347242814e-02
68638	7.762066761085151e-02	7.762471166286916e-02
69542	7.546472291746842e-02	7.585775750291836e-02
71375	7.403265853721225e-02	7.413102413009177e-02
73865	7.195376115339630e-02	7.244359600749903e-02
77461	7.077496710895886e-02	7.079457843841380e-02
80274	6.870771324063263e-02	6.918309709189366e-02
84729	6.760817375743189e-02	6.760829753919818e-02
88222	6.606930407135636e-02	6.606934480075961e-02
91958	6.442906412245636e-02	6.456542290346556e-02
96964	6.309400957089240e-02	6.309573444801933e-02
100921	6.165925845430609e-02	6.165950018614822e-02
108487	6.021623402756721e-02	6.025595860743578e-02
115962	5.888373334068669e-02	5.888436553555890e-02
127466	5.753924834537533e-02	5.754399373371569e-02
146515	5.623386747982251e-02	5.623413251903491e-02
160419	5.495383970006151e-02	5.495408738576246e-02
169504	5.367642791050425e-02	5.370317963702527e-02
180130	5.228421233769576e-02	5.248074602497726e-02
190632	5.087387271365124e-02	5.128613839913648e-02
196718	5.011853269770483e-02	5.011872336272722e-02
203364	4.887647174624205e-02	4.897788193684462e-02
214460	4.786294890417320e-02	4.786300923226382e-02
220749	4.677271275672534e-02	4.677351412871981e-02
231735	4.564341064249505e-02	4.570881896148749e-02
258425	4.465407878007382e-02	4.466835921509630e-02
267753	4.365022572485178e-02	4.365158322401658e-02
285750	4.264632456507411e-02	4.265795188015926e-02
291835	4.168685286496016e-02	4.168693834703355e-02
300612	4.071153087175861e-02	4.073802778041128e-02
314366	3.979912800880581e-02	3.981071705534973e-02
322714	3.888645369238952e-02	3.890451449942807e-02
343172	3.801887848138985e-02	3.801893963205612e-02
366898	3.715348003451135e-02	3.715352290971726e-02
376751	3.624996025881133e-02	3.630780547701014e-02
395047	3.548131294133949e-02	3.548133892335755e-02
398464	3.467364438582277e-02	3.467368504525317e-02
408738	3.388433772529353e-02	3.388441561392026e-02
417642	3.291066122869579e-02	3.311311214825911e-02
422656	3.235898679664184e-02	3.235936569296283e-02
429888	3.162271126882743e-02	3.162277660168379e-02
442404	3.090205407498992e-02	3.090295432513590e-02
444828	3.019919345960176e-02	3.019951720402016e-02
451429	2.951184151847730e-02	2.951209226666385e-02
455782	2.883998965451318e-02	2.884031503126606e-02
467462	2.818376972675518e-02	2.818382931264454e-02
473622	2.754228338378029e-02	2.754228703338166e-02
477900	2.689332175380332e-02	2.691534803926915e-02
485163	2.628949945416992e-02	2.630267991895381e-02
495672	2.567394897520714e-02	2.570395782768863e-02
500773	2.511077439094367e-02	2.511886431509579e-02
505722	2.446074494410921e-02	2.454708915685030e-02
510174	2.397612321586806e-02	2.398832919019490e-02
523679	2.344021479534464e-02	2.344228815319923e-02
526494	2.290764188042693e-02	2.290867652767773e-02
530557	2.238541101097602e-02	2.238721138568340e-02
535973	2.187744151895921e-02	2.187761623949553e-02
548742	2.135357767225143e-02	2.137962089502233e-02
555087	2.089294626457727e-02	2.089296130854040e-02
563797	2.041734345756641e-02	2.041737944669529e-02
576198	1.995149657340345e-02	1.995262314968880e-02
580882	1.939252052906137e-02	1.949844599758046e-02
587602	1.905339135395689e-02	1.905460717963247e-02
593927	1.862021438515915e-02	1.862087136662868e-02
608065	1.812557424912942e-02	1.819700858609984e-02
612604	1.769837690213716e-02	1.778279410038923e-02
628609	1.737800316874072e-02	1.737800828749375e-02
634774	1.697396731723966e-02	1.698243652461744e-02
638883	1.652526471202875e-02	1.659586907437561e-02
653458	1.621772722547665e-02	1.621810097358930e-02
662956	1.584018810580778e-02	1.584893192461113e-02
671824	1.548783223373040e-02	1.548816618912481e-02
687319	1.512755260693355e-02	1.513561248436208e-02
701524	1.478067969709573e-02	1.479108388168207e-02
705995	1.445020640660499e-02	1.445439770745927e-02
718432	1.410959566080749e-02	1.412537544622754e-02
726856	1.380300804802148e-02	1.380384264602885e-02
730529	1.348704823114977e-02	1.348962882591653e-02
740854	1.315156318323207e-02	1.318256738556407e-02
749973	1.277612635126790e-02	1.288249551693134e-02
757079	1.257636980306120e-02	1.258925411794167e-02
763436	1.230268190248518e-02	1.230268770812382e-02
774429	1.201659192131277e-02	1.202264434617413e-02
789568	1.174528248539486e-02	1.174897554939530e-02
800747	1.146635964537379e-02	1.148153621496883e-02
821818	1.115771443967795e-02	1.122018454301964e-02
833122	1.096397339485344e-02	1.096478196143185e-02
843083	1.070751402812431e-02	1.071519305237606e-02
861770	1.039474637249727e-02	1.047128548050900e-02
870671	1.022422938024659e-02	1.023292992280754e-02
895489	9.999999287549244e-03	1.000000000000000e-02
907481	9.756975549277791e-03	9.772372209558112e-03
930678	9.508337417574064e-03	9.549925860214359e-03
944287	9.285026673630736e-03	9.332543007969915e-03
961856	9.112870438850340e-03	9.120108393559097e-03
974482	8.911945344475591e-03	8.912509381337459e-03
994378	8.703067156020428e-03	8.709635899560805e-03
1022600	8.508120698789812e-03	8.511380382023767e-03
1043626	8.317567603869258e-03	8.317637711026709e-03
1062612	8.115747998984291e-03	8.128305161640995e-03
1080637	7.926857488721240e-03	7.943282347242814e-03
1102843	7.761903655605806e-03	7.762471166286920e-03
1117222	7.561313607623021e-03	7.585775750291836e-03
1142517	7.406924103051216e-03	7.413102413009177e-03
1177514	7.236701123894296e-03	7.244359600749898e-03
1199883	7.078982236786602e-03	7.079457843841380e-03
1200000	7.078077223073964e-03	7.079457843841380e-03
%
% index = 3815, name = bbob_f013_i13_d20__bbob_f013_i14_d20
% instance = 6, reference value = 6.101585344358780e-01
% function evaluation | indicator value | target hit
1	4.487660964692457e-01	4.570881896148750e-01
24	4.451034734225632e-01	4.466835921509631e-01
27	4.196495730786696e-01	4.265795188015927e-01
37	4.142241954712809e-01	4.168693834703354e-01
75	4.014903811759941e-01	4.073802778041127e-01
82	3.828443794898008e-01	3.890451449942806e-01
200	3.791332526095743e-01	3.801893963205612e-01
248	3.696857878310766e-01	3.715352290971726e-01
260	3.630750005332502e-01	3.630780547701014e-01
268	3.534114834354308e-01	3.548133892335755e-01
319	3.384391278741330e-01	3.388441561392025e-01
361	3.285361362499850e-01	3.311311214825911e-01
449	3.139325061136640e-01	3.162277660168379e-01
546	3.061917859658380e-01	3.090295432513591e-01
557	3.007800692318198e-01	3.019951720402016e-01
582	2.897405256983666e-01	2.951209226666385e-01
610	2.781634560862190e-01	2.818382931264454e-01
645	2.740304733794472e-01	2.754228703338166e-01
679	2.689270616443261e-01	2.691534803926916e-01
704	2.489949200727493e-01	2.511886431509580e-01
742	2.422107638012584e-01	2.454708915685030e-01
779	2.395246731636428e-01	2.398832919019490e-01
874	2.288801368413169e-01	2.290867652767773e-01
943	2.226577471498302e-01	2.238721138568339e-01
1241	2.152625178238688e-01	2.187761623949552e-01
1265	2.075638996450845e-01	2.089296130854039e-01
1481	2.018802310530374e-01	2.041737944669530e-01
1521	1.977769520490359e-01	1.995262314968880e-01
1618	1.947116406086317e-01	1.949844599758045e-01
1626	1.898270846691702e-01	1.905460717963247e-01
2024	1.858912853919840e-01	1.862087136662867e-01
2164	1.819258874880736e-01	1.819700858609984e-01
2208	1.654652107756725e-01	1.659586907437560e-01
2346	1.618300166960934e-01	1.621810097358930e-01
2507	1.584719312039332e-01	1.584893192461113e-01
2639	1.548065819487184e-01	1.548816618912481e-01
2938	1.513462522694538e-01	1.513561248436208e-01
3508	1.471015704623376e-01	1.479108388168208e-01
3704	1.402879081692615e-01	1.412537544622754e-01
4801	1.379196394402464e-01	1.380384264602885e-01
6040	1.348552891675503e-01	1.348962882591654e-01
7164	1.306853560908048e-01	1.318256738556407e-01
7314	1.287983454452975e-01	1.288249551693134e-01
7543	1.258897627588191e-01	1.258925411794167e-01
8170	1.224258262769243e-01	1.230268770812381e-01
9395	1.199495909374939e-01	1.202264434617413e-01
11943	1.174671434848103e-01	1.174897554939529e-01
13367	1.148026270282041e-01	1.148153621496883e-01
14707	1.121761933446742e-01	1.122018454301964e-01
16396	1.080546967696390e-01	1.096478196143185e-01
18265	1.071518353672074e-01	1.071519305237607e-01
20084	1.044079583597851e-01	1.047128548050900e-01
23904	1.023292694492245e-01	1.023292992280754e-01
25674	9.857076134752984e-02	1.000000000000000e-01
26030	9.771079188575660e-02	9.772372209558107e-02
28308	9.526538004926166e-02	9.549925860214359e-02
28731	9.329107917088686e-02	9.332543007969910e-02
30744	9.119942171932061e-02	9.120108393559097e-02
35284	8.811313656436415e-02	8.912509381337455e-02
37359	8.708863161745728e-02	8.709635899560805e-02
40194	8.464374511347939e-02	8.511380382023763e-02
42290	8.317534299624418e-02	8.317637711026708e-02
45264	8.101104559363492e-02	8.128305161640990e-02
49874	7.916475401271816e-02	7.943282347242814e-02
54904	7.762006882967265e-02	7.762471166286916e-02
61785	7.512774738954708e-02	7.585775750291836e-02
62978	7.365518285255734e-02	7.413102413009177e-02
67095	7.183576912763057e-02	7.244359600749903e-02
74265	7.079387073306853e-02	7.079457843841380e-02
82333	6.916212992587945e-02	6.918309709189366e-02
89499	6.760829486410536e-02	6.760829753919818e-02
92015	6.551392035359027e-02	6.606934480075961e-02
93429	6.443719185484797e-02	6.456542290346556e-02
100257	6.294893423220937e-02	6.309573444801933e-02
104453	6.165931928910751e-02	6.165950018614822e-02
106812	6.021709842888057e-02	6.025595860743578e-02
110817	5.882890232209725e-02	5.888436553555890e-02
113045	5.746762113158821e-02	5.754399373371569e-02
114519	5.603942789337979e-02	5.623413251903491e-02
122733	5.482267091891313e-02	5.495408738576246e-02
131721	5.370243124324303e-02	5.370317963702527e-02
138524	5.247615549988438e-02	5.248074602497726e-02
146753	5.122004326763563e-02	5.128613839913648e-02
152404	5.011869943497071e-02	5.011872336272722e-02
158357	4.897622187483819e-02	4.897788193684462e-02
171198	4.778977034569076e-02	4.786300923226382e-02
172746	4.677342688078867e-02	4.677351412871981e-02
174098	4.558790513442157e-02	4.570881896148749e-02
183852	4.466292699403840e-02	4.466835921509630e-02
197960	4.365139584872901e-02	4.365158322401658e-02
204081	4.265447819014934e-02	4.265795188015926e-02
213567	4.167762654280061e-02	4.168693834703355e-02
216744	4.027576693318413e-02	4.073802778041128e-02
226031	3.956919893898436e-02	3.981071705534973e-02
234479	3.872834666886427e-02	3.890451449942807e-02
249301	3.799653728315266e-02	3.801893963205612e-02
256466	3.713529892113066e-02	3.715352290971726e-02
263128	3.630729258289145e-02	3.630780547701014e-02
266354	3.527492920139608e-02	3.548133892335755e-02
269299	3.405704378388286e-02	3.467368504525317e-02
276929	3.357051795554089e-02	3.388441561392026e-02
280228	3.311253485378873e-02	3.311311214825911e-02
288307	3.235839260305129e-02	3.235936569296283e-02
305499	3.158012217903527e-02	3.162277660168379e-02
317096	3.089750286181137e-02	3.090295432513590e-02
330871	3.019951686988143e-02	3.019951720402016e-02
338511	2.950465760274024e-02	2.951209226666385e-02
357368	2.883973763052616e-02	2.884031503126606e-02
366172	2.815356690587101e-02	2.818382931264454e-02
382795	2.754015190630410e-02	2.754228703338166e-02
395443	2.691534292030295e-02	2.691534803926915e-02
413399	2.630252976421754e-02	2.630267991895381e-02
428718	2.570382520293912e-02	2.570395782768863e-02
438898	2.511886418503739e-02	2.511886431509579e-02
453315	2.454505304835153e-02	2.454708915685030e-02
475266	2.396825540954517e-02	2.398832919019490e-02
490920	2.344051465908259e-02	2.344228815319923e-02
506802	2.270440387164574e-02	2.290867652767773e-02
522513	2.238656558250052e-02	2.238721138568340e-02
536881	2.187754987847457e-02	2.187761623949553e-02
547891	2.137953234987677e-02	2.137962089502233e-02
563550	2.089276508519322e-02	2.089296130854040e-02
585874	2.041672110242310e-02	2.041737944669529e-02
616275	1.994755702779549e-02	1.995262314968880e-02
632767	1.949129843298936e-02	1.949844599758046e-02
662201	1.904635337008642e-02	1.905460717963247e-02
686452	1.861911842460240e-02	1.862087136662868e-02
695889	1.818153307048220e-02	1.819700858609984e-02
740014	1.778037715997138e-02	1.778279410038923e-02
761753	1.736895579790176e-02	1.737800828749375e-02
784659	1.698185694134569e-02	1.698243652461744e-02
821384	1.659579997962579e-02	1.659586907437561e-02
853018	1.621779342525220e-02	1.621810097358930e-02
879781	1.583511638683632e-02	1.584893192461113e-02
940866	1.548323455724432e-02	1.548816618912481e-02
1022319	1.513551563220161e-02	1.513561248436208e-02
1066120	1.477346823360115e-02	1.479108388168207e-02
1101821	1.445420005987286e-02	1.445439770745927e-02
1128331	1.410091848567696e-02	1.412537544622754e-02
1178565	1.380326220438843e-02	1.380384264602885e-02
1200001	1.362801894526766e-02	1.380384264602885e-02
%
% index = 3816, name = bbob_f013_i15_d20__bbob_f013_i16_d20
% instance = 7, reference value = 5.819108237090020e-01
% function evaluation | indicator value | target hit
1	4.178698202351112e-01	4.265795188015927e-01
6	3.933322758322483e-01	3.981071705534972e-01
29	3.863084275973309e-01	3.890451449942806e-01
84	3.686157833243331e-01	3.715352290971726e-01
154	3.591951452162576e-01	3.630780547701014e-01
157	3.524281747327150e-01	3.548133892335755e-01
206	3.413942479966904e-01	3.467368504525316e-01
210	3.387795120830317e-01	3.388441561392025e-01
223	3.239441715650315e-01	3.311311214825911e-01
240	3.227409036097384e-01	3.235936569296283e-01
333	3.148783960055910e-01	3.162277660168379e-01
499	3.087725180831147e-01	3.090295432513591e-01
587	3.003318339758305e-01	3.019951720402016e-01
687	2.949827590787548e-01	2.951209226666385e-01
705	2.847028255610518e-01	2.884031503126606e-01
803	2.736328169897601e-01	2.754228703338166e-01
929	2.670694773927798e-01	2.691534803926916e-01
1078	2.623010740527338e-01	2.630267991895382e-01
1154	2.566387652506326e-01	2.570395782768864e-01
1336	2.511402437873790e-01	2.511886431509580e-01
1522	2.344988893989634e-01	2.398832919019490e-01
1535	2.343933088474334e-01	2.344228815319922e-01
1614	2.280613775202929e-01	2.290867652767773e-01
1883	2.237681392302263e-01	2.238721138568339e-01
2235	2.187092530151580e-01	2.187761623949552e-01
2556	2.137916224443142e-01	2.137962089502232e-01
2630	2.045337492380090e-01	2.089296130854039e-01
2635	1.994527927110625e-01	1.995262314968880e-01
3504	1.949776522574989e-01	1.949844599758045e-01
3510	1.857683646241456e-01	1.862087136662867e-01
3559	1.815885531451316e-01	1.819700858609984e-01
4375	1.775484423779914e-01	1.778279410038923e-01
4820	1.716492455770566e-01	1.737800828749375e-01
4938	1.682921977133015e-01	1.698243652461744e-01
4952	1.643994580629984e-01	1.659586907437560e-01
5922	1.619304619463304e-01	1.621810097358930e-01
5990	1.582535647381950e-01	1.584893192461113e-01
6307	1.538029929453086e-01	1.548816618912481e-01
6869	1.513348792581409e-01	1.513561248436208e-01
7687	1.478881540371635e-01	1.479108388168208e-01
8113	1.444425504382561e-01	1.445439770745928e-01
9315	1.411834292291666e-01	1.412537544622754e-01
9737	1.377062362657853e-01	1.380384264602885e-01
11797	1.348958997337413e-01	1.348962882591654e-01
12517	1.317840268030899e-01	1.318256738556407e-01
15532	1.288193385579524e-01	1.288249551693134e-01
17091	1.250659262020538e-01	1.258925411794167e-01
19169	1.216582772506495e-01	1.230268770812381e-01
20680	1.200262349017719e-01	1.202264434617413e-01
22822	1.174890532108559e-01	1.174897554939529e-01
24358	1.131667682378461e-01	1.148153621496883e-01
24767	1.117925367735464e-01	1.122018454301964e-01
25623	1.096323459146195e-01	1.096478196143185e-01
28250	1.071465818449147e-01	1.071519305237607e-01
29935	1.047118129323784e-01	1.047128548050900e-01
33126	1.022141262376075e-01	1.023292992280754e-01
34596	9.999863635627998e-02	1.000000000000000e-01
35150	9.731034627777074e-02	9.772372209558107e-02
36658	9.442050846402583e-02	9.549925860214359e-02
38193	9.327985481706774e-02	9.332543007969910e-02
41487	9.119061439580955e-02	9.120108393559097e-02
42498	8.911654839974908e-02	8.912509381337455e-02
42684	8.675221206569572e-02	8.709635899560805e-02
43215	8.506271941405252e-02	8.511380382023763e-02
45684	8.317520429458886e-02	8.317637711026708e-02
53003	8.127946684577403e-02	8.128305161640990e-02
54410	7.710898003719713e-02	7.762471166286916e-02
57425	7.570753370043437e-02	7.585775750291836e-02
66869	7.412900740589268e-02	7.413102413009177e-02
76561	7.242653470496418e-02	7.244359600749903e-02
88587	7.079264608393276e-02	7.079457843841380e-02
96947	6.905053061459288e-02	6.918309709189366e-02
110261	6.737662706261727e-02	6.760829753919818e-02
117847	6.594830291162479e-02	6.606934480075961e-02
137950	6.452057801019451e-02	6.456542290346556e-02
182645	6.307949823482051e-02	6.309573444801933e-02
215157	6.165948857847114e-02	6.165950018614822e-02
234860	5.923962524302651e-02	6.025595860743578e-02
237429	5.883824850131048e-02	5.888436553555890e-02
252058	5.735111544579063e-02	5.754399373371569e-02
263603	5.552469187139730e-02	5.623413251903491e-02
266041	5.481551250962535e-02	5.495408738576246e-02
267873	5.365649981664888e-02	5.370317963702527e-02
277610	5.247215473780797e-02	5.248074602497726e-02
287104	5.116085189578967e-02	5.128613839913648e-02
292332	4.948641922135122e-02	5.011872336272722e-02
294622	4.892965831202378e-02	4.897788193684462e-02
299487	4.780468954356820e-02	4.786300923226382e-02
309730	4.677169086556177e-02	4.677351412871981e-02
317752	4.570876072932950e-02	4.570881896148749e-02
324195	4.465016908349284e-02	4.466835921509630e-02
328150	4.357231000249673e-02	4.365158322401658e-02
331730	4.037924867563147e-02	4.073802778041128e-02
333521	3.981046319411186e-02	3.981071705534973e-02
336489	3.873580284068256e-02	3.890451449942807e-02
338561	3.801865597210297e-02	3.801893963205612e-02
341337	3.715302290275468e-02	3.715352290971726e-02
342966	3.630622277809337e-02	3.630780547701014e-02
347504	3.547769336664408e-02	3.548133892335755e-02
352415	3.467341231326937e-02	3.467368504525317e-02
358639	3.387972195897027e-02	3.388441561392026e-02
361153	3.311056657391276e-02	3.311311214825911e-02
366844	3.235880484673781e-02	3.235936569296283e-02
373943	3.162189798411053e-02	3.162277660168379e-02
385015	3.090255683170728e-02	3.090295432513590e-02
390453	3.018842387108633e-02	3.019951720402016e-02
396005	2.951115969925033e-02	2.951209226666385e-02
400048	2.884006362194835e-02	2.884031503126606e-02
407846	2.811757488893218e-02	2.818382931264454e-02
412091	2.754054467946931e-02	2.754228703338166e-02
416785	2.691514813486473e-02	2.691534803926915e-02
422698	2.630266004319393e-02	2.630267991895381e-02
426814	2.570353105263523e-02	2.570395782768863e-02
435892	2.511860280381173e-02	2.511886431509579e-02
440859	2.454703604635211e-02	2.454708915685030e-02
448513	2.398795428130363e-02	2.398832919019490e-02
461436	2.344168249869494e-02	2.344228815319923e-02
463002	2.286680288133769e-02	2.290867652767773e-02
465316	2.222122578289276e-02	2.238721138568340e-02
469223	2.187508739709709e-02	2.187761623949553e-02
473562	2.133916302671968e-02	2.137962089502233e-02
476928	2.083300642315244e-02	2.089296130854040e-02
491655	2.041737096423024e-02	2.041737944669529e-02
499239	1.995254841975791e-02	1.995262314968880e-02
515145	1.949841346656367e-02	1.949844599758046e-02
518993	1.905387211205622e-02	1.905460717963247e-02
527980	1.862073726384983e-02	1.862087136662868e-02
543989	1.811079556423645e-02	1.819700858609984e-02
548743	1.778199180081796e-02	1.778279410038923e-02
557285	1.737756564516690e-02	1.737800828749375e-02
570997	1.697262371516794e-02	1.698243652461744e-02
578276	1.659420540542078e-02	1.659586907437561e-02
585386	1.621671004057434e-02	1.621810097358930e-02
594729	1.584835239309812e-02	1.584893192461113e-02
601565	1.548794173420542e-02	1.548816618912481e-02
605886	1.513533539481926e-02	1.513561248436208e-02
610139	1.478270022077344e-02	1.479108388168207e-02
611763	1.444366257695473e-02	1.445439770745927e-02
625423	1.398392404539672e-02	1.412537544622754e-02
629825	1.380213691754761e-02	1.380384264602885e-02
635213	1.348634995247433e-02	1.348962882591653e-02
649409	1.318126500593875e-02	1.318256738556407e-02
661378	1.287868599007236e-02	1.288249551693134e-02
671724	1.251491321420561e-02	1.258925411794167e-02
678896	1.230152930057893e-02	1.230268770812382e-02
683283	1.201519659692818e-02	1.202264434617413e-02
698691	1.174897421440013e-02	1.174897554939530e-02
710665	1.148125709719050e-02	1.148153621496883e-02
724861	1.121999698824871e-02	1.122018454301964e-02
736917	1.093540422912243e-02	1.096478196143185e-02
752097	1.069096666961278e-02	1.071519305237606e-02
765778	1.047127397816527e-02	1.047128548050900e-02
777572	1.022890227969642e-02	1.023292992280754e-02
793899	9.988821699868478e-03	1.000000000000000e-02
810658	9.772017178849346e-03	9.772372209558112e-03
830300	9.549566061764603e-03	9.549925860214359e-03
849005	9.332538223333686e-03	9.332543007969915e-03
871468	9.078022735498625e-03	9.120108393559097e-03
891365	8.912493425999868e-03	8.912509381337459e-03
907516	8.702401373074431e-03	8.709635899560805e-03
936319	8.511237360990798e-03	8.511380382023767e-03
964467	8.317634312900668e-03	8.317637711026709e-03
989126	8.128304020445731e-03	8.128305161640995e-03
1024993	7.942097765268996e-03	7.943282347242814e-03
1066271	7.762429571532614e-03	7.762471166286920e-03
1106671	7.585578876779797e-03	7.585775750291836e-03
1116640	7.410112580422679e-03	7.413102413009177e-03
1123511	7.223172901260733e-03	7.244359600749898e-03
1131755	7.077392362927037e-03	7.079457843841380e-03
1137428	6.917506695557796e-03	6.918309709189363e-03
1153501	6.760237858250862e-03	6.760829753919818e-03
1172946	6.603430896456874e-03	6.606934480075957e-03
1200000	6.520736529138427e-03	6.606934480075957e-03
%
% index = 3817, name = bbob_f013_i17_d20__bbob_f013_i18_d20
% instance = 8, reference value = 5.609572416584609e-01
% function evaluation | indicator value | target hit
1	5.155832629804524e-01	5.248074602497725e-01
34	5.091750195258080e-01	5.128613839913648e-01
122	5.006537652515070e-01	5.011872336272722e-01
193	4.884216698566304e-01	4.897788193684462e-01
225	4.772377642909597e-01	4.786300923226383e-01
324	4.602376554205138e-01	4.677351412871982e-01
351	4.555994286894623e-01	4.570881896148750e-01
368	4.448369574031094e-01	4.466835921509631e-01
422	4.360206350966639e-01	4.365158322401660e-01
514	4.257489309757556e-01	4.265795188015927e-01
557	4.078190303663287e-01	4.168693834703354e-01
573	4.033944061222483e-01	4.073802778041127e-01
585	3.952832199164609e-01	3.981071705534972e-01
616	3.863739648492687e-01	3.890451449942806e-01
687	3.801290892203513e-01	3.801893963205612e-01
726	3.503247934430739e-01	3.548133892335755e-01
779	3.415044081431104e-01	3.467368504525316e-01
780	3.387783918118445e-01	3.388441561392025e-01
829	3.267386092557332e-01	3.311311214825911e-01
885	3.231168866620173e-01	3.235936569296283e-01
969	3.158690241143292e-01	3.162277660168379e-01
1071	3.088815402314375e-01	3.090295432513591e-01
1251	2.990360744751484e-01	3.019951720402016e-01
1305	2.940990941405235e-01	2.951209226666385e-01
1441	2.883051308629739e-01	2.884031503126606e-01
1533	2.808618533339533e-01	2.818382931264454e-01
1665	2.732324615358297e-01	2.754228703338166e-01
1787	2.638406380728637e-01	2.691534803926916e-01
1837	2.630030565480675e-01	2.630267991895382e-01
1975	2.535461349766450e-01	2.570395782768864e-01
2247	2.509711426629977e-01	2.511886431509580e-01
2531	2.433915611097355e-01	2.454708915685030e-01
2789	2.319497287006608e-01	2.344228815319922e-01
2825	2.267235525053213e-01	2.290867652767773e-01
3079	2.227768235355572e-01	2.238721138568339e-01
3537	2.183319341915602e-01	2.187761623949552e-01
3768	2.116554457915651e-01	2.137962089502232e-01
4352	2.081195967356951e-01	2.089296130854039e-01
5358	2.018102719397747e-01	2.041737944669530e-01
5746	1.990741280305099e-01	1.995262314968880e-01
7235	1.949826397279172e-01	1.949844599758045e-01
8174	1.885127925223347e-01	1.905460717963247e-01
9601	1.862072392715030e-01	1.862087136662867e-01
10319	1.819481396163707e-01	1.819700858609984e-01
11288	1.774979371772542e-01	1.778279410038923e-01
12005	1.737711897270864e-01	1.737800828749375e-01
13544	1.669359060477884e-01	1.698243652461744e-01
14012	1.658401223193757e-01	1.659586907437560e-01
16063	1.621759991763454e-01	1.621810097358930e-01
16857	1.584187688483171e-01	1.584893192461113e-01
19356	1.531776025642465e-01	1.548816618912481e-01
22245	1.493298652551316e-01	1.513561248436208e-01
23582	1.479104836888408e-01	1.479108388168208e-01
28997	1.441962775807913e-01	1.445439770745928e-01
30456	1.412537293250148e-01	1.412537544622754e-01
37843	1.378758008353795e-01	1.380384264602885e-01
42026	1.286438604282420e-01	1.288249551693134e-01
43028	1.258919091334458e-01	1.258925411794167e-01
43649	1.229898698565487e-01	1.230268770812381e-01
44229	1.197779187157282e-01	1.202264434617413e-01
45532	1.172430657297071e-01	1.174897554939529e-01
46852	1.147864470508754e-01	1.148153621496883e-01
47847	1.121537826194042e-01	1.122018454301964e-01
50187	1.096474288394882e-01	1.096478196143185e-01
51369	1.055788871514779e-01	1.071519305237607e-01
54356	1.047127885117801e-01	1.047128548050900e-01
59952	1.023291661047868e-01	1.023292992280754e-01
67935	9.999930511890737e-02	1.000000000000000e-01
74956	9.772369787186647e-02	9.772372209558107e-02
81313	9.549504247450419e-02	9.549925860214359e-02
89874	9.331083234154358e-02	9.332543007969910e-02
94478	9.076760358544478e-02	9.120108393559097e-02
102834	8.912506076638332e-02	8.912509381337455e-02
109803	8.704134272152242e-02	8.709635899560805e-02
114993	8.473369829739519e-02	8.511380382023763e-02
124722	8.317375282560796e-02	8.317637711026708e-02
132476	8.102807640239645e-02	8.128305161640990e-02
152745	7.914353389838963e-02	7.943282347242814e-02
159168	7.761583137095640e-02	7.762471166286916e-02
179984	7.585743412969587e-02	7.585775750291836e-02
198499	7.402346568212076e-02	7.413102413009177e-02
209452	7.233709025295848e-02	7.244359600749903e-02
223754	7.079456365612136e-02	7.079457843841380e-02
235414	6.902377465310777e-02	6.918309709189366e-02
248637	6.752672980034174e-02	6.760829753919818e-02
257205	6.599905988472515e-02	6.606934480075961e-02
261149	6.456540830130758e-02	6.456542290346556e-02
275270	6.308628370877267e-02	6.309573444801933e-02
280657	6.159241229811885e-02	6.165950018614822e-02
299710	6.025431878447718e-02	6.025595860743578e-02
310521	5.885431339679437e-02	5.888436553555890e-02
316907	5.754395950102464e-02	5.754399373371569e-02
324560	5.622505015425583e-02	5.623413251903491e-02
336724	5.495257025709777e-02	5.495408738576246e-02
343248	5.362463574369458e-02	5.370317963702527e-02
358533	5.248072405084525e-02	5.248074602497726e-02
368606	5.128595126712632e-02	5.128613839913648e-02
385604	4.990677520560272e-02	5.011872336272722e-02
396937	4.883026840481297e-02	4.897788193684462e-02
412492	4.785738511073157e-02	4.786300923226382e-02
427730	4.674865238952131e-02	4.677351412871981e-02
443528	4.566565144317170e-02	4.570881896148749e-02
453485	4.466835183141615e-02	4.466835921509630e-02
468039	4.327524582596753e-02	4.365158322401658e-02
476161	4.265765495789797e-02	4.265795188015926e-02
482292	4.133149254891333e-02	4.168693834703355e-02
496144	4.073762104086776e-02	4.073802778041128e-02
520603	3.976992273313351e-02	3.981071705534973e-02
530151	3.890434756566852e-02	3.890451449942807e-02
536482	3.798486270829982e-02	3.801893963205612e-02
550472	3.713529892745571e-02	3.715352290971726e-02
573350	3.623896894984491e-02	3.630780547701014e-02
586053	3.548127480868801e-02	3.548133892335755e-02
605017	3.467309342349090e-02	3.467368504525317e-02
617233	3.388226009926742e-02	3.388441561392026e-02
631804	3.300002796442159e-02	3.311311214825911e-02
643669	3.235854396713611e-02	3.235936569296283e-02
658739	3.162271819268847e-02	3.162277660168379e-02
678630	3.088946227480704e-02	3.090295432513590e-02
703694	3.019734477915037e-02	3.019951720402016e-02
715863	2.937441801325213e-02	2.951209226666385e-02
736315	2.883485425729637e-02	2.884031503126606e-02
765291	2.818247921355688e-02	2.818382931264454e-02
794404	2.753683978748034e-02	2.754228703338166e-02
819806	2.691516020439877e-02	2.691534803926915e-02
836415	2.627279400252958e-02	2.630267991895381e-02
859373	2.570013787267977e-02	2.570395782768863e-02
890350	2.511884477023374e-02	2.511886431509579e-02
905243	2.446267715152883e-02	2.454708915685030e-02
932497	2.398693963892484e-02	2.398832919019490e-02
964909	2.343948724499789e-02	2.344228815319923e-02
1021068	2.290857752164732e-02	2.290867652767773e-02
1059687	2.238721066793081e-02	2.238721138568340e-02
1114929	2.187623784245418e-02	2.187761623949553e-02
1157124	2.137245252688491e-02	2.137962089502233e-02
1200000	2.089314107934315e-02	2.137962089502233e-02
%
% index = 3818, name = bbob_f013_i19_d20__bbob_f013_i21_d20
% instance = 9, reference value = 5.962173494233970e-01
% function evaluation | indicator value | target hit
1	4.932691747696991e-01	5.011872336272722e-01
3	4.750270257823663e-01	4.786300923226383e-01
50	4.672617133144191e-01	4.677351412871982e-01
93	4.567664090118309e-01	4.570881896148750e-01
162	4.451092274305312e-01	4.466835921509631e-01
217	4.363226621556924e-01	4.365158322401660e-01
227	4.256406899983710e-01	4.265795188015927e-01
272	4.084612010975488e-01	4.168693834703354e-01
294	3.945535585166434e-01	3.981071705534972e-01
336	3.868087778484182e-01	3.890451449942806e-01
358	3.794238348232826e-01	3.801893963205612e-01
382	3.592850670379019e-01	3.630780547701014e-01
462	3.547373813433774e-01	3.548133892335755e-01
482	3.460758180900499e-01	3.467368504525316e-01
599	3.386054909240152e-01	3.388441561392025e-01
642	3.212321009025199e-01	3.235936569296283e-01
681	2.978090018894274e-01	3.019951720402016e-01
690	2.949167089380799e-01	2.951209226666385e-01
721	2.883319485667598e-01	2.884031503126606e-01
852	2.815066102457086e-01	2.818382931264454e-01
895	2.746038139068623e-01	2.754228703338166e-01
995	2.681772952057683e-01	2.691534803926916e-01
1098	2.550239151815265e-01	2.570395782768864e-01
1204	2.504392554348047e-01	2.511886431509580e-01
1392	2.319754020329530e-01	2.344228815319922e-01
1564	2.277291923414765e-01	2.290867652767773e-01
1645	2.185104796992428e-01	2.187761623949552e-01
1667	2.133724287213570e-01	2.137962089502232e-01
1904	2.031668894296601e-01	2.041737944669530e-01
1978	1.988092337694444e-01	1.995262314968880e-01
2476	1.941885201736649e-01	1.949844599758045e-01
2743	1.901400618750420e-01	1.905460717963247e-01
3617	1.842466317213104e-01	1.862087136662867e-01
4671	1.773233146622388e-01	1.778279410038923e-01
5503	1.737779622598755e-01	1.737800828749375e-01
5864	1.683613812754509e-01	1.698243652461744e-01
7798	1.654390696150634e-01	1.659586907437560e-01
10166	1.619799180703647e-01	1.621810097358930e-01
12409	1.556324213587227e-01	1.584893192461113e-01
12476	1.548728404873881e-01	1.548816618912481e-01
13844	1.511811178436197e-01	1.513561248436208e-01
14459	1.478561247791562e-01	1.479108388168208e-01
16157	1.436839766390061e-01	1.445439770745928e-01
16612	1.411341622829230e-01	1.412537544622754e-01
17407	1.375709519303305e-01	1.380384264602885e-01
18950	1.348941764659894e-01	1.348962882591654e-01
21497	1.315721827756505e-01	1.318256738556407e-01
22932	1.286510765434413e-01	1.288249551693134e-01
25835	1.256378630423417e-01	1.258925411794167e-01
29867	1.230264730188680e-01	1.230268770812381e-01
34667	1.202027985018059e-01	1.202264434617413e-01
37452	1.174891174311563e-01	1.174897554939529e-01
40845	1.143845632299744e-01	1.148153621496883e-01
47750	1.120488744877962e-01	1.122018454301964e-01
57092	1.096033884363102e-01	1.096478196143185e-01
65351	1.071422014980762e-01	1.071519305237607e-01
68691	1.045505351186882e-01	1.047128548050900e-01
72077	1.023210472489455e-01	1.023292992280754e-01
78119	9.999998244030611e-02	1.000000000000000e-01
87048	9.772146960611322e-02	9.772372209558107e-02
91301	9.539111014043744e-02	9.549925860214359e-02
99997	9.318225626723931e-02	9.332543007969910e-02
108214	9.074838312612687e-02	9.120108393559097e-02
118470	8.912390162320771e-02	8.912509381337455e-02
134223	8.700020964158728e-02	8.709635899560805e-02
155199	8.483737870852870e-02	8.511380382023763e-02
163854	8.300821225941046e-02	8.317637711026708e-02
186592	8.128126356208931e-02	8.128305161640990e-02
202890	7.939023987961336e-02	7.943282347242814e-02
212405	7.757455186368001e-02	7.762471166286916e-02
226805	7.576051164712305e-02	7.585775750291836e-02
240475	7.412369702868560e-02	7.413102413009177e-02
260279	7.243632219195206e-02	7.244359600749903e-02
267897	7.064019717505021e-02	7.079457843841380e-02
282274	6.902470286318274e-02	6.918309709189366e-02
312212	6.759867180013235e-02	6.760829753919818e-02
332080	6.606863542244457e-02	6.606934480075961e-02
342593	6.429913586898117e-02	6.456542290346556e-02
345916	6.249447348523218e-02	6.309573444801933e-02
367841	6.165173238727439e-02	6.165950018614822e-02
390929	6.024051246892792e-02	6.025595860743578e-02
416657	5.887908828192556e-02	5.888436553555890e-02
429856	5.733903785249284e-02	5.754399373371569e-02
446007	5.590797627782329e-02	5.623413251903491e-02
464165	5.493847118401063e-02	5.495408738576246e-02
491678	5.370292831822887e-02	5.370317963702527e-02
497417	5.141664876921925e-02	5.248074602497726e-02
501128	5.115573398515405e-02	5.128613839913648e-02
529953	5.005207679602031e-02	5.011872336272722e-02
550149	4.897729854228583e-02	4.897788193684462e-02
582431	4.786284963216114e-02	4.786300923226382e-02
612817	4.677311267330053e-02	4.677351412871981e-02
643802	4.570833023062959e-02	4.570881896148749e-02
681097	4.461173447343159e-02	4.466835921509630e-02
738926	4.365082056194036e-02	4.365158322401658e-02
755220	4.261374019818209e-02	4.265795188015926e-02
792012	4.168535112861660e-02	4.168693834703355e-02
863665	4.066449795688021e-02	4.073802778041128e-02
903872	3.968444330898324e-02	3.981071705534973e-02
936123	3.887753016996121e-02	3.890451449942807e-02
1004142	3.762815114049967e-02	3.801893963205612e-02
1054886	3.715222202620982e-02	3.715352290971726e-02
1131652	3.619932086549615e-02	3.630780547701014e-02
1185531	3.544583378917388e-02	3.548133892335755e-02
1200001	3.525787185193752e-02	3.548133892335755e-02
%
% index = 3819, name = bbob_f013_i21_d20__bbob_f013_i22_d20
% instance = 10, reference value = 6.021940586926510e-01
% function evaluation | indicator value | target hit
1	5.097176030001926e-01	5.128613839913648e-01
17	4.926759001872004e-01	5.011872336272722e-01
33	4.884901710705482e-01	4.897788193684462e-01
66	4.673005031487179e-01	4.677351412871982e-01
135	4.558293803638739e-01	4.570881896148750e-01
205	4.353090429373272e-01	4.365158322401660e-01
257	4.199273552475533e-01	4.265795188015927e-01
275	4.115936634939193e-01	4.168693834703354e-01
291	4.067890284732278e-01	4.073802778041127e-01
361	3.976841398231894e-01	3.981071705534972e-01
373	3.832331474418602e-01	3.890451449942806e-01
387	3.801080208586501e-01	3.801893963205612e-01
461	3.630113616013233e-01	3.630780547701014e-01
542	3.533380685264773e-01	3.548133892335755e-01
595	3.281950807381269e-01	3.311311214825911e-01
651	3.235065688171301e-01	3.235936569296283e-01
752	3.155399861589237e-01	3.162277660168379e-01
871	3.089721797537049e-01	3.090295432513591e-01
958	2.947221416765409e-01	2.951209226666385e-01
1039	2.773529080141284e-01	2.818382931264454e-01
1069	2.742193835532766e-01	2.754228703338166e-01
1141	2.686851441524886e-01	2.691534803926916e-01
1172	2.625063655978513e-01	2.630267991895382e-01
1233	2.564524885056697e-01	2.570395782768864e-01
1301	2.487742311542448e-01	2.511886431509580e-01
1377	2.339753134416404e-01	2.344228815319922e-01
1551	2.268257217248033e-01	2.290867652767773e-01
1711	2.238617432177257e-01	2.238721138568339e-01
1997	2.169335999817219e-01	2.187761623949552e-01
2021	2.119502234315473e-01	2.137962089502232e-01
2065	2.023833903410757e-01	2.041737944669530e-01
2174	1.970485790820906e-01	1.995262314968880e-01
2272	1.908527105641715e-01	1.949844599758045e-01
2294	1.904095461354862e-01	1.905460717963247e-01
2550	1.818411758095833e-01	1.819700858609984e-01
3150	1.734697484431951e-01	1.737800828749375e-01
3233	1.685352700861506e-01	1.698243652461744e-01
3793	1.639516586714755e-01	1.659586907437560e-01
3894	1.606278435475864e-01	1.621810097358930e-01
4139	1.578496460223393e-01	1.584893192461113e-01
4947	1.514523774472643e-01	1.548816618912481e-01
5006	1.504774639479850e-01	1.513561248436208e-01
7890	1.470795574409027e-01	1.479108388168208e-01
8248	1.445057195363740e-01	1.445439770745928e-01
9851	1.412495550124767e-01	1.412537544622754e-01
12312	1.376765069080936e-01	1.380384264602885e-01
16635	1.346287658900091e-01	1.348962882591654e-01
18463	1.318254653384537e-01	1.318256738556407e-01
21350	1.286116516925030e-01	1.288249551693134e-01
22410	1.258910157533588e-01	1.258925411794167e-01
26510	1.230016288959643e-01	1.230268770812381e-01
32164	1.202066863947898e-01	1.202264434617413e-01
37586	1.173141997091457e-01	1.174897554939529e-01
43877	1.142763730450025e-01	1.148153621496883e-01
51346	1.117431250816237e-01	1.122018454301964e-01
61680	1.096042183229980e-01	1.096478196143185e-01
68770	1.071165963040911e-01	1.071519305237607e-01
71052	1.047083176540017e-01	1.047128548050900e-01
85540	1.023277493250871e-01	1.023292992280754e-01
91273	9.998818470131365e-02	1.000000000000000e-01
102381	9.772155992500986e-02	9.772372209558107e-02
110233	9.547339826209866e-02	9.549925860214359e-02
118056	9.314748361252023e-02	9.332543007969910e-02
128765	9.047677510731755e-02	9.120108393559097e-02
132743	8.912504993860937e-02	8.912509381337455e-02
139736	8.690249513060455e-02	8.709635899560805e-02
152312	8.504347827011605e-02	8.511380382023763e-02
162542	8.271888015275142e-02	8.317637711026708e-02
169983	8.128134946627186e-02	8.128305161640990e-02
178622	7.876081582022554e-02	7.943282347242814e-02
181962	7.762156847748358e-02	7.762471166286916e-02
197633	7.585041912285040e-02	7.585775750291836e-02
203306	7.405553227114503e-02	7.413102413009177e-02
210700	7.158357003260118e-02	7.244359600749903e-02
213418	7.038722067989100e-02	7.079457843841380e-02
228318	6.918264170506949e-02	6.918309709189366e-02
249074	6.760605598358194e-02	6.760829753919818e-02
255825	6.591339643397387e-02	6.606934480075961e-02
276940	6.452169282515430e-02	6.456542290346556e-02
303162	6.306071215549613e-02	6.309573444801933e-02
316457	6.159188203971244e-02	6.165950018614822e-02
340828	6.025563618672558e-02	6.025595860743578e-02
343339	5.866613052114167e-02	5.888436553555890e-02
360923	5.734877263560711e-02	5.754399373371569e-02
374667	5.622585149936654e-02	5.623413251903491e-02
401536	5.495377879280761e-02	5.495408738576246e-02
443038	5.366624834955891e-02	5.370317963702527e-02
477361	5.248028794873527e-02	5.248074602497726e-02
496230	5.090364299297268e-02	5.128613839913648e-02
524787	4.993779699521150e-02	5.011872336272722e-02
544987	4.897786922484726e-02	4.897788193684462e-02
597430	4.783718549531679e-02	4.786300923226382e-02
640465	4.677343749046048e-02	4.677351412871981e-02
678256	4.565097515285854e-02	4.570881896148749e-02
721151	4.454627277051493e-02	4.466835921509630e-02
773746	4.348168020286680e-02	4.365158322401658e-02
804145	4.263281510498629e-02	4.265795188015926e-02
852853	4.167270096086129e-02	4.168693834703355e-02
923815	4.073122512516092e-02	4.073802778041128e-02
1008671	3.981071222293564e-02	3.981071705534973e-02
1107246	3.890371665379644e-02	3.890451449942807e-02
1196156	3.801857401880415e-02	3.801893963205612e-02
1200001	3.800648603431178e-02	3.801893963205612e-02
%
% index = 3820, name = bbob_f013_i23_d20__bbob_f013_i24_d20
% instance = 11, reference value = 1.000000000000000e+00
% function evaluation | indicator value | target hit
1	8.375057786845779e-01	8.511380382023764e-01
11	8.182920994087036e-01	8.317637711026710e-01
22	7.976362647204001e-01	8.128305161640993e-01
24	7.898294790674933e-01	7.943282347242815e-01
142	7.737342375527220e-01	7.762471166286917e-01
249	7.564840624634536e-01	7.585775750291838e-01
272	7.387986242020412e-01	7.413102413009175e-01
373	7.229083348179216e-01	7.244359600749900e-01
496	7.075594247107926e-01	7.079457843841379e-01
606	6.906143009251003e-01	6.918309709189365e-01
734	6.758328463923382e-01	6.760829753919817e-01
772	6.570367697941115e-01	6.606934480075960e-01
779	6.449875901901421e-01	6.456542290346555e-01
881	6.295348133153462e-01	6.309573444801932e-01
991	6.159635520032432e-01	6.165950018614822e-01
1153	6.018137358035254e-01	6.025595860743578e-01
2003	5.831948624235610e-01	5.888436553555889e-01
2097	5.710928351670879e-01	5.754399373371569e-01
2924	5.615048669873811e-01	5.623413251903491e-01
3969	5.491726831423211e-01	5.495408738576245e-01
7483	5.370269653320516e-01	5.370317963702527e-01
20628	5.247885639009384e-01	5.248074602497725e-01
30333	5.125160598746826e-01	5.128613839913648e-01
48863	5.011870442108695e-01	5.011872336272722e-01
88296	4.895956452753322e-01	4.897788193684462e-01
144469	4.786191875588578e-01	4.786300923226383e-01
203680	4.676563180141615e-01	4.677351412871982e-01
326322	4.570116263216718e-01	4.570881896148750e-01
557567	4.466825013851147e-01	4.466835921509631e-01
1200000	4.397804332373769e-01	4.466835921509631e-01
%
% index = 3821, name = bbob_f013_i25_d20__bbob_f013_i26_d20
% instance = 12, reference value = 1.000000000000000e+00
% function evaluation | indicator value | target hit
1	9.430837229599311e-01	9.549925860214360e-01
21	9.329067777940901e-01	9.332543007969910e-01
97	9.029030776763917e-01	9.120108393559098e-01
140	8.884162280183884e-01	8.912509381337456e-01
182	8.675223219760866e-01	8.709635899560807e-01
227	8.497768321122976e-01	8.511380382023764e-01
290	8.289820114676947e-01	8.317637711026710e-01
427	8.047509390654797e-01	8.128305161640993e-01
482	7.847984731833679e-01	7.943282347242815e-01
571	7.677128976996913e-01	7.762471166286917e-01
612	7.582977875236375e-01	7.585775750291838e-01
738	7.410439316755231e-01	7.413102413009175e-01
952	7.243181407467356e-01	7.244359600749900e-01
1402	7.052860182851648e-01	7.079457843841379e-01
1795	6.908350715941693e-01	6.918309709189365e-01
2144	6.759832808084620e-01	6.760829753919817e-01
2230	6.596782019680250e-01	6.606934480075960e-01
2672	6.452781243412546e-01	6.456542290346555e-01
3349	6.307948964428876e-01	6.309573444801932e-01
5041	6.130545498045630e-01	6.165950018614822e-01
7161	6.025292724112939e-01	6.025595860743578e-01
9554	5.835323302567419e-01	5.888436553555889e-01
12281	5.751841472973824e-01	5.754399373371569e-01
22859	5.623255969712018e-01	5.623413251903491e-01
44520	5.495402076963813e-01	5.495408738576245e-01
75645	5.369323211978734e-01	5.370317963702527e-01
126762	5.244781096828883e-01	5.248074602497725e-01
192913	5.128579154777569e-01	5.128613839913648e-01
261291	5.011351896966503e-01	5.011872336272722e-01
391526	4.897774936486478e-01	4.897788193684462e-01
673731	4.786300923044726e-01	4.786300923226383e-01
1200001	4.699715901630502e-01	4.786300923226383e-01
%
% index = 3822, name = bbob_f013_i27_d20__bbob_f013_i28_d20
% instance = 13, reference value = 1.000000000000000e+00
% function evaluation | indicator value | target hit
1	9.333227910475210e-01	9.549925860214360e-01
3	9.116916136661600e-01	9.120108393559098e-01
190	8.682900436463683e-01	8.709635899560807e-01
308	8.337077328712699e-01	8.511380382023764e-01
338	8.311195846540972e-01	8.317637711026710e-01
344	8.011384978294898e-01	8.128305161640993e-01
425	7.898091780525032e-01	7.943282347242815e-01
506	7.761679509895492e-01	7.762471166286917e-01
609	7.510816137117254e-01	7.585775750291838e-01
721	7.411772279814510e-01	7.413102413009175e-01
925	7.233583911254600e-01	7.244359600749900e-01
1190	7.079099397476314e-01	7.079457843841379e-01
1612	6.884074257056272e-01	6.918309709189365e-01
1628	6.751711518122194e-01	6.760829753919817e-01
2006	6.606686715342540e-01	6.606934480075960e-01
2299	6.456274835735341e-01	6.456542290346555e-01
2415	6.278190100942420e-01	6.309573444801932e-01
2613	6.162306093670387e-01	6.165950018614822e-01
2988	6.025173203151224e-01	6.025595860743578e-01
3053	5.854668515434358e-01	5.888436553555889e-01
3286	5.753772539307326e-01	5.754399373371569e-01
3525	5.622503739429006e-01	5.623413251903491e-01
3963	5.466606152954735e-01	5.495408738576245e-01
4817	5.369938501499983e-01	5.370317963702527e-01
7881	5.248034268879760e-01	5.248074602497725e-01
19568	5.128520746155160e-01	5.128613839913648e-01
26458	5.011778559029574e-01	5.011872336272722e-01
48286	4.895635157621154e-01	4.897788193684462e-01
66771	4.786244958245227e-01	4.786300923226383e-01
93747	4.674867525591707e-01	4.677351412871982e-01
120651	4.570736347770804e-01	4.570881896148750e-01
179923	4.466826203819032e-01	4.466835921509631e-01
248823	4.364601056763215e-01	4.365158322401660e-01
402681	4.265795182515990e-01	4.265795188015927e-01
701512	4.168646827516873e-01	4.168693834703354e-01
1200001	4.095732691140861e-01	4.168693834703354e-01
%
% index = 3823, name = bbob_f013_i29_d20__bbob_f013_i30_d20
% instance = 14, reference value = 1.000000000000000e+00
% function evaluation | indicator value | target hit
1	9.777314690451133e-01	1.000000000000000e+00
3	9.555944276483850e-01	9.772372209558107e-01
9	9.537676383580154e-01	9.549925860214360e-01
50	9.297251809989654e-01	9.332543007969910e-01
92	9.053245510282457e-01	9.120108393559098e-01
155	8.600759270356425e-01	8.709635899560807e-01
169	8.506859647709695e-01	8.511380382023764e-01
276	8.314631959712597e-01	8.317637711026710e-01
355	8.085059770590832e-01	8.128305161640993e-01
433	7.924747990109600e-01	7.943282347242815e-01
510	7.719405409861119e-01	7.762471166286917e-01
576	7.572996923196422e-01	7.585775750291838e-01
862	7.410688152434710e-01	7.413102413009175e-01
1075	7.240480872439494e-01	7.244359600749900e-01
1212	7.078307549442859e-01	7.079457843841379e-01
1352	6.889384399724848e-01	6.918309709189365e-01
1630	6.711510513210439e-01	6.760829753919817e-01
1717	6.567782796828016e-01	6.606934480075960e-01
2145	6.451235918349391e-01	6.456542290346555e-01
2800	6.242456601142626e-01	6.309573444801932e-01
2982	6.119393530111905e-01	6.165950018614822e-01
3492	6.021883374965590e-01	6.025595860743578e-01
8443	5.864754986131137e-01	5.888436553555889e-01
11298	5.752443150069886e-01	5.754399373371569e-01
15773	5.622203117991613e-01	5.623413251903491e-01
22080	5.495385449127475e-01	5.495408738576245e-01
39165	5.369314109209629e-01	5.370317963702527e-01
51532	5.237564277692336e-01	5.248074602497725e-01
66084	5.127477242594558e-01	5.128613839913648e-01
109376	5.011862636403048e-01	5.011872336272722e-01
133533	4.893347081678545e-01	4.897788193684462e-01
166248	4.785191244532274e-01	4.786300923226383e-01
212247	4.677218408282650e-01	4.677351412871982e-01
280323	4.568501420060073e-01	4.570881896148750e-01
387070	4.466835336293420e-01	4.466835921509631e-01
584111	4.364793414561974e-01	4.365158322401660e-01
930659	4.265792853175518e-01	4.265795188015927e-01
1200000	4.237812446227042e-01	4.265795188015927e-01
%
% index = 3824, name = bbob_f013_i31_d20__bbob_f013_i34_d20
% instance = 15, reference value = 1.000000000000000e+00
% function evaluation | indicator value | target hit
1	8.253229195207105e-01	8.317637711026710e-01
2	7.862719432527858e-01	7.943282347242815e-01
15	7.706540206314350e-01	7.762471166286917e-01
108	7.552977642285725e-01	7.585775750291838e-01
259	7.360939477394763e-01	7.413102413009175e-01
288	7.227731959379565e-01	7.244359600749900e-01
353	7.077149311667793e-01	7.079457843841379e-01
464	6.907249221408841e-01	6.918309709189365e-01
628	6.752886559329371e-01	6.760829753919817e-01
775	6.591801875253880e-01	6.606934480075960e-01
962	6.456240941138944e-01	6.456542290346555e-01
1184	6.295614108968864e-01	6.309573444801932e-01
1284	6.158198091753764e-01	6.165950018614822e-01
1764	5.995361056226525e-01	6.025595860743578e-01
2391	5.856352024177873e-01	5.888436553555889e-01
2846	5.753380790558714e-01	5.754399373371569e-01
5152	5.619990069781579e-01	5.623413251903491e-01
8045	5.495201364265223e-01	5.495408738576245e-01
12659	5.370010830292495e-01	5.370317963702527e-01
28501	5.248073511449581e-01	5.248074602497725e-01
59663	5.128601300589364e-01	5.128613839913648e-01
110474	5.007560643251217e-01	5.011872336272722e-01
147721	4.897787377702963e-01	4.897788193684462e-01
202189	4.785077355487616e-01	4.786300923226383e-01
322404	4.676766807070802e-01	4.677351412871982e-01
540025	4.570748186823906e-01	4.570881896148750e-01
930909	4.466810012753495e-01	4.466835921509631e-01
1200001	4.430724034126150e-01	4.466835921509631e-01
