%
% index = 3825, name = bbob_f013_i02_d20__bbob_f014_i04_d20
% instance = 1, reference value = 8.046625619486550e-01
% function evaluation | indicator value | target hit
1	6.718454007925063e-01	6.760829753919817e-01
17	6.269009719562842e-01	6.309573444801932e-01
26	5.922902785639148e-01	6.025595860743578e-01
29	5.770428894140895e-01	5.888436553555889e-01
34	5.753684001575207e-01	5.754399373371569e-01
60	5.186776779460228e-01	5.248074602497725e-01
87	4.954922017655605e-01	5.011872336272722e-01
113	4.888597041495883e-01	4.897788193684462e-01
210	4.753472265037777e-01	4.786300923226383e-01
245	4.632903006009138e-01	4.677351412871982e-01
258	4.230161251037515e-01	4.265795188015927e-01
299	4.168474205723809e-01	4.168693834703354e-01
518	4.070780337329535e-01	4.073802778041127e-01
606	3.976389038225059e-01	3.981071705534972e-01
641	3.758542892224255e-01	3.801893963205612e-01
752	3.715083108155137e-01	3.715352290971726e-01
870	3.392170021828261e-01	3.467368504525316e-01
880	3.384531895373429e-01	3.388441561392025e-01
1010	3.309999180035081e-01	3.311311214825911e-01
1116	3.190150646897626e-01	3.235936569296283e-01
1251	3.159095716103654e-01	3.162277660168379e-01
1310	2.779627985809466e-01	2.818382931264454e-01
1493	2.749222003498832e-01	2.754228703338166e-01
1730	2.691281779634258e-01	2.691534803926916e-01
1764	2.544147967819624e-01	2.570395782768864e-01
1910	2.465459637541729e-01	2.511886431509580e-01
1985	2.322062270160440e-01	2.344228815319922e-01
2249	2.278627750598708e-01	2.290867652767773e-01
2557	2.238475911849610e-01	2.238721138568339e-01
2570	2.143903114364828e-01	2.187761623949552e-01
3105	2.137719608946120e-01	2.137962089502232e-01
3614	2.089170375681279e-01	2.089296130854039e-01
4443	1.983073249113905e-01	1.995262314968880e-01
8848	1.946186041410716e-01	1.949844599758045e-01
19387	1.890925964814160e-01	1.905460717963247e-01
23451	1.848222123921450e-01	1.862087136662867e-01
30589	1.802111689793283e-01	1.819700858609984e-01
53412	1.778240138529300e-01	1.778279410038923e-01
56407	1.649359583678502e-01	1.659586907437560e-01
65146	1.621393421087666e-01	1.621810097358930e-01
70765	1.578956338013550e-01	1.584893192461113e-01
78795	1.543890114764713e-01	1.548816618912481e-01
86570	1.513469721634024e-01	1.513561248436208e-01
97512	1.455136748427600e-01	1.479108388168208e-01
103263	1.445007192448688e-01	1.445439770745928e-01
113068	1.401955542996669e-01	1.412537544622754e-01
117054	1.377637113379209e-01	1.380384264602885e-01
125211	1.348921771156946e-01	1.348962882591654e-01
128299	1.317985766482090e-01	1.318256738556407e-01
140910	1.282284872928594e-01	1.288249551693134e-01
156037	1.258898169228859e-01	1.258925411794167e-01
160910	1.219763822930113e-01	1.230268770812381e-01
169495	1.101467240793804e-01	1.122018454301964e-01
172101	1.094456382844335e-01	1.096478196143185e-01
187502	1.071510984869820e-01	1.071519305237607e-01
188924	1.042242977193693e-01	1.047128548050900e-01
210525	1.015772477002094e-01	1.023292992280754e-01
227907	9.999767839799356e-02	1.000000000000000e-01
232459	9.334867545110193e-02	9.549925860214359e-02
232790	9.331775003531639e-02	9.332543007969910e-02
251559	9.073337016712490e-02	9.120108393559097e-02
263175	8.735955844820642e-02	8.912509381337455e-02
264262	8.709173330089193e-02	8.709635899560805e-02
277046	8.489585320663251e-02	8.511380382023763e-02
303316	8.317379452521834e-02	8.317637711026708e-02
310368	8.079847140729446e-02	8.128305161640990e-02
331837	7.870549175578423e-02	7.943282347242814e-02
337871	7.742114560338120e-02	7.762471166286916e-02
347008	7.522047800537091e-02	7.585775750291836e-02
373217	7.397059031664244e-02	7.413102413009177e-02
412716	7.244267338914356e-02	7.244359600749903e-02
443173	7.079441531508646e-02	7.079457843841380e-02
472667	6.869249151301038e-02	6.918309709189366e-02
473989	6.733806883955085e-02	6.760829753919818e-02
499814	6.606934153546695e-02	6.606934480075961e-02
530957	6.367086580838888e-02	6.456542290346556e-02
547910	6.307584192195648e-02	6.309573444801933e-02
627580	6.154947634253971e-02	6.165950018614822e-02
663207	5.912060600724089e-02	6.025595860743578e-02
675371	5.758985097432190e-02	5.888436553555890e-02
675918	5.754348727894842e-02	5.754399373371569e-02
735130	5.593151882235303e-02	5.623413251903491e-02
745962	5.491411135265434e-02	5.495408738576246e-02
812994	5.370314295221401e-02	5.370317963702527e-02
847009	5.100701007606290e-02	5.128613839913648e-02
857381	5.011863514294590e-02	5.011872336272722e-02
874730	4.836883577408357e-02	4.897788193684462e-02
890720	4.778693725076921e-02	4.786300923226382e-02
919812	4.643053109969553e-02	4.677351412871981e-02
955605	4.562821544419893e-02	4.570881896148749e-02
992457	4.466827346197055e-02	4.466835921509630e-02
999657	4.279365160211590e-02	4.365158322401658e-02
1015776	4.264744479934324e-02	4.265795188015926e-02
1085042	4.148926435421962e-02	4.168693834703355e-02
1144801	4.073446697073291e-02	4.073802778041128e-02
1178877	3.978681803825046e-02	3.981071705534973e-02
1179064	3.865837016541962e-02	3.890451449942807e-02
1186158	3.794785353867514e-02	3.801893963205612e-02
1200001	3.769869284080118e-02	3.801893963205612e-02
%
% index = 3826, name = bbob_f013_i03_d20__bbob_f014_i05_d20
% instance = 2, reference value = 8.532277218457950e-01
% function evaluation | indicator value | target hit
1	5.444235479522875e-01	5.495408738576245e-01
13	5.348859308719921e-01	5.370317963702527e-01
66	5.245878778471691e-01	5.248074602497725e-01
103	5.103287926368379e-01	5.128613839913648e-01
108	4.954906413779906e-01	5.011872336272722e-01
151	4.882504285548374e-01	4.897788193684462e-01
170	4.739748090919798e-01	4.786300923226383e-01
193	4.597337609664395e-01	4.677351412871982e-01
203	4.563616523952844e-01	4.570881896148750e-01
210	4.276869001180028e-01	4.365158322401660e-01
237	4.257137617726380e-01	4.265795188015927e-01
373	4.168334738842755e-01	4.168693834703354e-01
407	4.072082914540285e-01	4.073802778041127e-01
470	3.974876007567882e-01	3.981071705534972e-01
476	3.880396715485593e-01	3.890451449942806e-01
488	3.749012654520558e-01	3.801893963205612e-01
505	3.492846796128296e-01	3.548133892335755e-01
516	3.382159897641187e-01	3.388441561392025e-01
573	3.176985782274347e-01	3.235936569296283e-01
611	3.160103328275115e-01	3.162277660168379e-01
838	3.063015607854946e-01	3.090295432513591e-01
983	3.017151985244149e-01	3.019951720402016e-01
1340	2.950054963551210e-01	2.951209226666385e-01
1399	2.869555632657116e-01	2.884031503126606e-01
1811	2.767908466683775e-01	2.818382931264454e-01
2156	2.736817821064568e-01	2.754228703338166e-01
2445	2.685985264710045e-01	2.691534803926916e-01
2452	2.562290554471368e-01	2.570395782768864e-01
2656	2.509050100417147e-01	2.511886431509580e-01
4149	2.445427264480493e-01	2.454708915685030e-01
4640	2.381167422947598e-01	2.398832919019490e-01
4914	2.326162726747353e-01	2.344228815319922e-01
5308	2.272289301055179e-01	2.290867652767773e-01
7817	2.230915012418295e-01	2.238721138568339e-01
10790	2.183350025011335e-01	2.187761623949552e-01
15324	2.126243723329012e-01	2.137962089502232e-01
17617	2.032008302762601e-01	2.041737944669530e-01
21754	1.946239447931790e-01	1.949844599758045e-01
33556	1.899790679211444e-01	1.905460717963247e-01
46743	1.862085664330801e-01	1.862087136662867e-01
50580	1.805961296532866e-01	1.819700858609984e-01
56920	1.778172241535896e-01	1.778279410038923e-01
62781	1.736873296592980e-01	1.737800828749375e-01
71601	1.690009466391842e-01	1.698243652461744e-01
89243	1.659561512838967e-01	1.659586907437560e-01
92583	1.606959829391051e-01	1.621810097358930e-01
104150	1.556884064399707e-01	1.584893192461113e-01
107108	1.548778146350638e-01	1.548816618912481e-01
125825	1.506937960432225e-01	1.513561248436208e-01
137342	1.474676698918875e-01	1.479108388168208e-01
146652	1.444115712898491e-01	1.445439770745928e-01
171167	1.412536799579859e-01	1.412537544622754e-01
198758	1.380358385786840e-01	1.380384264602885e-01
246224	1.342767681999276e-01	1.348962882591654e-01
299363	1.318238822191119e-01	1.318256738556407e-01
352112	1.287309936359644e-01	1.288249551693134e-01
486309	1.255149225096441e-01	1.258925411794167e-01
549570	1.223206644715469e-01	1.230268770812381e-01
611096	1.200628728318682e-01	1.202264434617413e-01
698917	1.171656381277205e-01	1.174897554939529e-01
708935	1.144205223822199e-01	1.148153621496883e-01
841571	1.121424652187870e-01	1.122018454301964e-01
915155	1.085702991695039e-01	1.096478196143185e-01
984757	1.065307570644631e-01	1.071519305237607e-01
1039466	1.043579198328020e-01	1.047128548050900e-01
1123544	1.021167088272845e-01	1.023292992280754e-01
1200000	1.007424799454038e-01	1.023292992280754e-01
%
% index = 3827, name = bbob_f013_i07_d20__bbob_f014_i08_d20
% instance = 3, reference value = 7.874284622097970e-01
% function evaluation | indicator value | target hit
1	7.617513084906895e-01	7.762471166286917e-01
163	7.578089621892228e-01	7.585775750291838e-01
187	7.145866693731866e-01	7.244359600749900e-01
234	7.060643067240765e-01	7.079457843841379e-01
253	6.867002005494355e-01	6.918309709189365e-01
283	6.654745594753260e-01	6.760829753919817e-01
284	6.303779301811081e-01	6.309573444801932e-01
348	5.506120582549072e-01	5.623413251903491e-01
350	5.418258899925070e-01	5.495408738576245e-01
379	5.357449340827337e-01	5.370317963702527e-01
427	5.189957486669212e-01	5.248074602497725e-01
499	5.128545058660923e-01	5.128613839913648e-01
553	4.996536253593121e-01	5.011872336272722e-01
613	4.884172021337314e-01	4.897788193684462e-01
807	4.785324616381663e-01	4.786300923226383e-01
871	4.671200919428637e-01	4.677351412871982e-01
1078	4.557588042492859e-01	4.570881896148750e-01
1171	4.465307544574836e-01	4.466835921509631e-01
1300	4.362729860784265e-01	4.365158322401660e-01
1411	4.262029613476680e-01	4.265795188015927e-01
1454	4.134594022912312e-01	4.168693834703354e-01
1566	4.072118736913780e-01	4.073802778041127e-01
1678	3.973766317381744e-01	3.981071705534972e-01
1730	3.822735859474994e-01	3.890451449942806e-01
1769	3.630271949815244e-01	3.630780547701014e-01
1873	3.543988997337455e-01	3.548133892335755e-01
2005	3.466158153758733e-01	3.467368504525316e-01
2128	3.365824909836562e-01	3.388441561392025e-01
2296	3.311005995177333e-01	3.311311214825911e-01
2778	3.232897009646439e-01	3.235936569296283e-01
3024	3.131512268912110e-01	3.162277660168379e-01
3109	3.086998236511770e-01	3.090295432513591e-01
3170	3.019355111383382e-01	3.019951720402016e-01
3308	2.935061021647616e-01	2.951209226666385e-01
3372	2.716754218515343e-01	2.754228703338166e-01
3413	2.689291977822802e-01	2.691534803926916e-01
3540	2.619649173049569e-01	2.630267991895382e-01
3708	2.515896817049341e-01	2.570395782768864e-01
3724	2.511884773365441e-01	2.511886431509580e-01
4015	2.454163145230871e-01	2.454708915685030e-01
4783	2.398177025476762e-01	2.398832919019490e-01
5344	2.339295271331568e-01	2.344228815319922e-01
5973	2.263050425934388e-01	2.290867652767773e-01
5974	1.973692393062271e-01	1.995262314968880e-01
6022	1.894566489773940e-01	1.905460717963247e-01
6035	1.861453369207074e-01	1.862087136662867e-01
6080	1.816881436694556e-01	1.819700858609984e-01
6133	1.772586913906788e-01	1.778279410038923e-01
6370	1.653798254654754e-01	1.659586907437560e-01
6778	1.621797357391790e-01	1.621810097358930e-01
7443	1.575269146542183e-01	1.584893192461113e-01
7899	1.548568883393354e-01	1.548816618912481e-01
8671	1.491376620365711e-01	1.513561248436208e-01
8945	1.476527418663909e-01	1.479108388168208e-01
10070	1.435468995353609e-01	1.445439770745928e-01
11801	1.412436910947709e-01	1.412537544622754e-01
15240	1.380267013466270e-01	1.380384264602885e-01
17726	1.348962567320947e-01	1.348962882591654e-01
19731	1.318247449844806e-01	1.318256738556407e-01
21814	1.288135314238759e-01	1.288249551693134e-01
23773	1.258896236531988e-01	1.258925411794167e-01
25695	1.230261738363446e-01	1.230268770812381e-01
27526	1.202261304518731e-01	1.202264434617413e-01
30041	1.172488756554140e-01	1.174897554939529e-01
31545	1.144958435716966e-01	1.148153621496883e-01
34617	1.119693436943733e-01	1.122018454301964e-01
37660	1.096462384862579e-01	1.096478196143185e-01
42649	1.069888500304440e-01	1.071519305237607e-01
45498	1.046619734561276e-01	1.047128548050900e-01
48749	1.020946909692110e-01	1.023292992280754e-01
50780	9.980970132594313e-02	1.000000000000000e-01
54043	9.748154412786691e-02	9.772372209558107e-02
57523	9.549757345502730e-02	9.549925860214359e-02
59786	9.320454724897942e-02	9.332543007969910e-02
62775	9.119905085925961e-02	9.120108393559097e-02
66636	8.887707600637629e-02	8.912509381337455e-02
68655	8.709280099605177e-02	8.709635899560805e-02
71975	8.511182876521706e-02	8.511380382023763e-02
76470	8.315330774885987e-02	8.317637711026708e-02
77161	8.126878805431159e-02	8.128305161640990e-02
79806	7.933646833804442e-02	7.943282347242814e-02
83022	7.742102165248765e-02	7.762471166286916e-02
87548	7.585615537239154e-02	7.585775750291836e-02
90702	7.411297234485736e-02	7.413102413009177e-02
93978	7.241383579308769e-02	7.244359600749903e-02
96296	7.077225284472144e-02	7.079457843841380e-02
98988	6.900668721984238e-02	6.918309709189366e-02
100562	6.748257450589268e-02	6.760829753919818e-02
103594	6.606490776114371e-02	6.606934480075961e-02
105932	6.455706592413835e-02	6.456542290346556e-02
110483	6.308099419286173e-02	6.309573444801933e-02
113232	6.165882920667831e-02	6.165950018614822e-02
116473	6.022613348030559e-02	6.025595860743578e-02
119491	5.887980302460838e-02	5.888436553555890e-02
122195	5.754053063647468e-02	5.754399373371569e-02
124821	5.623394966677675e-02	5.623413251903491e-02
126934	5.495360629548030e-02	5.495408738576246e-02
131441	5.370310806275191e-02	5.370317963702527e-02
134060	5.246971914026932e-02	5.248074602497726e-02
137469	5.128106824328038e-02	5.128613839913648e-02
140938	5.009526111114115e-02	5.011872336272722e-02
143479	4.872320359093130e-02	4.897788193684462e-02
145058	4.784339735181853e-02	4.786300923226382e-02
149228	4.677258462878253e-02	4.677351412871981e-02
153666	4.503090427944345e-02	4.570881896148749e-02
154040	4.466784620891884e-02	4.466835921509630e-02
156676	4.361103805076516e-02	4.365158322401658e-02
160461	4.250731306259237e-02	4.265795188015926e-02
162890	4.140065020548989e-02	4.168693834703355e-02
164922	4.051180716690950e-02	4.073802778041128e-02
167552	3.981060415805626e-02	3.981071705534973e-02
170829	3.889914982228415e-02	3.890451449942807e-02
176625	3.798024141748368e-02	3.801893963205612e-02
179234	3.706980148578920e-02	3.715352290971726e-02
183085	3.630779961734376e-02	3.630780547701014e-02
186836	3.538062561356703e-02	3.548133892335755e-02
191340	3.466645551588088e-02	3.467368504525317e-02
200219	3.388358807776981e-02	3.388441561392026e-02
202667	3.311294305936707e-02	3.311311214825911e-02
207546	3.233237056648586e-02	3.235936569296283e-02
213023	3.161689038454030e-02	3.162277660168379e-02
223542	3.089275350296894e-02	3.090295432513590e-02
229858	3.019410289165259e-02	3.019951720402016e-02
236762	2.929946155627627e-02	2.951209226666385e-02
239803	2.871394805524974e-02	2.884031503126606e-02
248472	2.809714327931745e-02	2.818382931264454e-02
254667	2.752739187548370e-02	2.754228703338166e-02
263667	2.691527452037912e-02	2.691534803926915e-02
275435	2.627608617188038e-02	2.630267991895381e-02
283998	2.561142971788288e-02	2.570395782768863e-02
290433	2.510899145179635e-02	2.511886431509579e-02
305965	2.454581357214791e-02	2.454708915685030e-02
315511	2.398791318846660e-02	2.398832919019490e-02
323717	2.326015700704154e-02	2.344228815319923e-02
329335	2.206721509799259e-02	2.238721138568340e-02
333264	2.187147139639523e-02	2.187761623949553e-02
340120	2.113292930850763e-02	2.137962089502233e-02
345571	2.086103885162049e-02	2.089296130854040e-02
358734	2.041714307510878e-02	2.041737944669529e-02
367080	1.995258648566767e-02	1.995262314968880e-02
382526	1.948277082626193e-02	1.949844599758046e-02
388174	1.903048156592169e-02	1.905460717963247e-02
397700	1.862041614991483e-02	1.862087136662868e-02
413790	1.817490534131461e-02	1.819700858609984e-02
425264	1.777981864667333e-02	1.778279410038923e-02
439045	1.736679694026400e-02	1.737800828749375e-02
454467	1.698147579705966e-02	1.698243652461744e-02
470599	1.659453079546058e-02	1.659586907437561e-02
487862	1.617243373808996e-02	1.621810097358930e-02
502710	1.584885666551250e-02	1.584893192461113e-02
518506	1.548456587775116e-02	1.548816618912481e-02
527574	1.513464783878626e-02	1.513561248436208e-02
545885	1.479104570906842e-02	1.479108388168207e-02
566960	1.445408771124801e-02	1.445439770745927e-02
579452	1.411281873531589e-02	1.412537544622754e-02
599837	1.380384148057945e-02	1.380384264602885e-02
616193	1.348961735952448e-02	1.348962882591653e-02
636415	1.307548349958265e-02	1.318256738556407e-02
642525	1.288181238436936e-02	1.288249551693134e-02
666590	1.258716742093691e-02	1.258925411794167e-02
690530	1.230195221982167e-02	1.230268770812382e-02
706164	1.202264078205262e-02	1.202264434617413e-02
728513	1.171242935301497e-02	1.174897554939530e-02
754253	1.148150682011961e-02	1.148153621496883e-02
779970	1.121695045917370e-02	1.122018454301964e-02
799639	1.096435317376321e-02	1.096478196143185e-02
828884	1.071475350567486e-02	1.071519305237606e-02
844184	1.047118179758055e-02	1.047128548050900e-02
868688	1.022048686932131e-02	1.023292992280754e-02
897783	9.999999970250140e-03	1.000000000000000e-02
930750	9.772037959879021e-03	9.772372209558112e-03
975054	9.523227980917648e-03	9.549925860214359e-03
988470	9.332536979983486e-03	9.332543007969915e-03
1039015	9.120078494996853e-03	9.120108393559097e-03
1066538	8.888459604852628e-03	8.912509381337459e-03
1085497	8.655711917806896e-03	8.709635899560805e-03
1124316	8.511357305826750e-03	8.511380382023767e-03
1170405	8.317042179843637e-03	8.317637711026709e-03
1199396	8.124004664846085e-03	8.128305161640995e-03
1200001	8.122902288515643e-03	8.128305161640995e-03
%
% index = 3828, name = bbob_f013_i09_d20__bbob_f014_i10_d20
% instance = 4, reference value = 7.653047668190930e-01
% function evaluation | indicator value | target hit
1	6.221950382173831e-01	6.309573444801932e-01
14	6.094546972125563e-01	6.165950018614822e-01
50	5.873381320920776e-01	5.888436553555889e-01
90	5.752618415169983e-01	5.754399373371569e-01
116	5.598474733098688e-01	5.623413251903491e-01
273	5.445324203714845e-01	5.495408738576245e-01
313	5.362647852288072e-01	5.370317963702527e-01
329	5.139357884207509e-01	5.248074602497725e-01
348	5.050236177053551e-01	5.128613839913648e-01
356	4.998699125754398e-01	5.011872336272722e-01
414	4.739878276984290e-01	4.786300923226383e-01
420	4.674648019074771e-01	4.677351412871982e-01
476	4.427652855597806e-01	4.466835921509631e-01
491	4.355635836536106e-01	4.365158322401660e-01
513	4.261994796467190e-01	4.265795188015927e-01
614	4.148769125324664e-01	4.168693834703354e-01
639	4.035428872776309e-01	4.073802778041127e-01
673	3.972820412458363e-01	3.981071705534972e-01
713	3.890041230772694e-01	3.890451449942806e-01
760	3.779036407901761e-01	3.801893963205612e-01
823	3.635122664820813e-01	3.715352290971726e-01
834	3.623417017906460e-01	3.630780547701014e-01
903	3.531168742879445e-01	3.548133892335755e-01
915	3.381975847138938e-01	3.388441561392025e-01
995	3.310265145410359e-01	3.311311214825911e-01
1023	3.182947045859087e-01	3.235936569296283e-01
1024	3.160808999922043e-01	3.162277660168379e-01
1070	3.087215341164533e-01	3.090295432513591e-01
1125	2.988128008488759e-01	3.019951720402016e-01
1190	2.950022163467506e-01	2.951209226666385e-01
1274	2.871304339562419e-01	2.884031503126606e-01
1286	2.814115215126596e-01	2.818382931264454e-01
1372	2.753910576785117e-01	2.754228703338166e-01
1516	2.667088996707408e-01	2.691534803926916e-01
1571	2.594240834644939e-01	2.630267991895382e-01
1586	2.570147202636919e-01	2.570395782768864e-01
1839	2.511672103141876e-01	2.511886431509580e-01
1913	2.444285606793020e-01	2.454708915685030e-01
2106	2.398686614414598e-01	2.398832919019490e-01
2235	2.338358391825460e-01	2.344228815319922e-01
2967	2.290646630930844e-01	2.290867652767773e-01
3719	2.232239432591699e-01	2.238721138568339e-01
5148	2.187595090331415e-01	2.187761623949552e-01
7481	2.137624869621687e-01	2.137962089502232e-01
9123	2.086684155017944e-01	2.089296130854039e-01
11805	2.031737323877297e-01	2.041737944669530e-01
15258	1.993796755664815e-01	1.995262314968880e-01
17378	1.949812366410386e-01	1.949844599758045e-01
18051	1.902521422787865e-01	1.905460717963247e-01
20219	1.862056174062896e-01	1.862087136662867e-01
20824	1.805894259446050e-01	1.819700858609984e-01
21418	1.778275930693609e-01	1.778279410038923e-01
21865	1.724621782653921e-01	1.737800828749375e-01
22758	1.697986240152284e-01	1.698243652461744e-01
23115	1.649753791895677e-01	1.659586907437560e-01
24550	1.592219055837992e-01	1.621810097358930e-01
25421	1.584865762197369e-01	1.584893192461113e-01
26394	1.490300547075644e-01	1.513561248436208e-01
26738	1.455238546725773e-01	1.479108388168208e-01
27068	1.392004513830514e-01	1.412537544622754e-01
27153	1.380094920161833e-01	1.380384264602885e-01
28130	1.344297465276753e-01	1.348962882591654e-01
28236	1.317091047295728e-01	1.318256738556407e-01
28340	1.246412697435652e-01	1.258925411794167e-01
28897	1.228861174944037e-01	1.230268770812381e-01
29243	1.184720630599174e-01	1.202264434617413e-01
29474	1.174780480501556e-01	1.174897554939529e-01
30502	1.141198424353694e-01	1.148153621496883e-01
30647	1.121041788965164e-01	1.122018454301964e-01
31131	1.096083420721378e-01	1.096478196143185e-01
31885	1.071450680460816e-01	1.071519305237607e-01
33863	1.046789146200737e-01	1.047128548050900e-01
34824	1.023211926498135e-01	1.023292992280754e-01
35760	9.972725301387009e-02	1.000000000000000e-01
37093	9.740750677192545e-02	9.772372209558107e-02
37375	9.533250680854577e-02	9.549925860214359e-02
39547	9.284400693937933e-02	9.332543007969910e-02
41288	9.087762771136654e-02	9.120108393559097e-02
43368	8.912183074035929e-02	8.912509381337455e-02
48312	8.462964215029312e-02	8.511380382023763e-02
50113	8.317632029571476e-02	8.317637711026708e-02
52647	7.917642416778969e-02	7.943282347242814e-02
55603	7.761658136705285e-02	7.762471166286916e-02
59071	7.585750735021324e-02	7.585775750291836e-02
60752	7.412899390337468e-02	7.413102413009177e-02
64016	7.242978014384127e-02	7.244359600749903e-02
66995	7.079337152712428e-02	7.079457843841380e-02
70250	6.809965803587870e-02	6.918309709189366e-02
70953	6.760824966832901e-02	6.760829753919818e-02
71829	6.558497401553798e-02	6.606934480075961e-02
73609	6.455801701325803e-02	6.456542290346556e-02
75632	6.309184328684014e-02	6.309573444801933e-02
78001	6.070691137425610e-02	6.165950018614822e-02
78601	6.020381443205258e-02	6.025595860743578e-02
80036	5.886723861780652e-02	5.888436553555890e-02
84681	5.751582689099433e-02	5.754399373371569e-02
88148	5.604779858546227e-02	5.623413251903491e-02
90762	5.472932734430536e-02	5.495408738576246e-02
93188	5.343270559267044e-02	5.370317963702527e-02
97947	5.247894998084357e-02	5.248074602497726e-02
102559	5.128570547727929e-02	5.128613839913648e-02
107685	5.011853209001960e-02	5.011872336272722e-02
109940	4.867911383376433e-02	4.897788193684462e-02
113479	4.769425542758399e-02	4.786300923226382e-02
116697	4.620768811444464e-02	4.677351412871981e-02
123038	4.570832258444679e-02	4.570881896148749e-02
129781	4.459523883823946e-02	4.466835921509630e-02
131034	4.301294288487378e-02	4.365158322401658e-02
131400	4.238456522093170e-02	4.265795188015926e-02
135474	4.168624828023448e-02	4.168693834703355e-02
145036	4.073330496696626e-02	4.073802778041128e-02
151431	3.957190771926211e-02	3.981071705534973e-02
158227	3.890402600415688e-02	3.890451449942807e-02
170395	3.801757812939777e-02	3.801893963205612e-02
174666	3.715346196155256e-02	3.715352290971726e-02
182756	3.630680311372003e-02	3.630780547701014e-02
188487	3.548003543289535e-02	3.548133892335755e-02
196285	3.467297844119188e-02	3.467368504525317e-02
198304	3.365978547404047e-02	3.388441561392026e-02
202489	3.284993299253824e-02	3.311311214825911e-02
207267	3.230178865559297e-02	3.235936569296283e-02
224371	3.148726572385030e-02	3.162277660168379e-02
234429	3.090200526836084e-02	3.090295432513590e-02
252056	2.920813220931295e-02	2.951209226666385e-02
258596	2.883906733193653e-02	2.884031503126606e-02
268978	2.815198595940238e-02	2.818382931264454e-02
287340	2.753506270942807e-02	2.754228703338166e-02
305509	2.691189866736843e-02	2.691534803926915e-02
311177	2.629209857122738e-02	2.630267991895381e-02
334305	2.568605085602071e-02	2.570395782768863e-02
348113	2.511754430759572e-02	2.511886431509579e-02
361026	2.453452768027142e-02	2.454708915685030e-02
372015	2.392868150664507e-02	2.398832919019490e-02
387428	2.341926930318350e-02	2.344228815319923e-02
395937	2.290529914841166e-02	2.290867652767773e-02
408246	2.233430145277160e-02	2.238721138568340e-02
410448	2.187700103555557e-02	2.187761623949553e-02
420185	2.131809092338355e-02	2.137962089502233e-02
434632	2.088712411359039e-02	2.089296130854040e-02
445332	2.040446113623218e-02	2.041737944669529e-02
465484	1.995147911447603e-02	1.995262314968880e-02
474593	1.948960383253417e-02	1.949844599758046e-02
487966	1.905248344661414e-02	1.905460717963247e-02
510812	1.858781942802390e-02	1.862087136662868e-02
535528	1.819624649932672e-02	1.819700858609984e-02
560601	1.775918066718152e-02	1.778279410038923e-02
572628	1.727984017686390e-02	1.737800828749375e-02
581654	1.698185531727914e-02	1.698243652461744e-02
593906	1.657871912601472e-02	1.659586907437561e-02
617555	1.621787327616375e-02	1.621810097358930e-02
647992	1.584745762009598e-02	1.584893192461113e-02
672167	1.548675274690414e-02	1.548816618912481e-02
698789	1.513560088133781e-02	1.513561248436208e-02
728329	1.440193037400139e-02	1.445439770745927e-02
756593	1.412398729375330e-02	1.412537544622754e-02
807588	1.380369337065113e-02	1.380384264602885e-02
846203	1.348219874422196e-02	1.348962882591653e-02
853993	1.294838983324431e-02	1.318256738556407e-02
862417	1.287180776666363e-02	1.288249551693134e-02
902353	1.258923857013561e-02	1.258925411794167e-02
954857	1.230256345961867e-02	1.230268770812382e-02
964016	1.201274392958573e-02	1.202264434617413e-02
1002914	1.174623299111521e-02	1.174897554939530e-02
1035612	1.148130725015795e-02	1.148153621496883e-02
1105704	1.121926348640523e-02	1.122018454301964e-02
1166459	1.096477434620424e-02	1.096478196143185e-02
1200001	1.089768585995232e-02	1.096478196143185e-02
%
% index = 3829, name = bbob_f013_i11_d20__bbob_f014_i12_d20
% instance = 5, reference value = 8.659576814266839e-01
% function evaluation | indicator value | target hit
1	7.100631445701526e-01	7.244359600749900e-01
86	6.743648449325312e-01	6.760829753919817e-01
130	6.480188610323847e-01	6.606934480075960e-01
183	6.374126281840624e-01	6.456542290346555e-01
315	6.303804259476090e-01	6.309573444801932e-01
335	5.715269125302815e-01	5.754399373371569e-01
407	5.523303428940713e-01	5.623413251903491e-01
452	5.440269058917881e-01	5.495408738576245e-01
542	5.355895025995260e-01	5.370317963702527e-01
562	5.161270616062359e-01	5.248074602497725e-01
579	4.834515613047600e-01	4.897788193684462e-01
613	4.712797714065373e-01	4.786300923226383e-01
706	4.675745267169837e-01	4.677351412871982e-01
974	4.569535569805543e-01	4.570881896148750e-01
994	4.425144826279158e-01	4.466835921509631e-01
1041	4.230192486157493e-01	4.265795188015927e-01
1087	4.157657015115065e-01	4.168693834703354e-01
1420	4.069462343149854e-01	4.073802778041127e-01
1881	3.979940410192770e-01	3.981071705534972e-01
2203	3.769597535743089e-01	3.801893963205612e-01
2879	3.697453930807159e-01	3.715352290971726e-01
2910	3.580800366298744e-01	3.630780547701014e-01
3815	3.506721620743897e-01	3.548133892335755e-01
4421	3.452989088304080e-01	3.467368504525316e-01
5273	3.360248071433060e-01	3.388441561392025e-01
5396	3.198501400261369e-01	3.235936569296283e-01
5585	3.146978204166244e-01	3.162277660168379e-01
5659	3.087461693319254e-01	3.090295432513591e-01
6249	2.928470786011792e-01	2.951209226666385e-01
7050	2.876787643135623e-01	2.884031503126606e-01
8942	2.810672069674799e-01	2.818382931264454e-01
15465	2.731231778161900e-01	2.754228703338166e-01
23676	2.690904428169683e-01	2.691534803926916e-01
40835	2.617605654767784e-01	2.630267991895382e-01
54818	2.565749718595652e-01	2.570395782768864e-01
65451	2.508714604253450e-01	2.511886431509580e-01
69190	2.433387073356241e-01	2.454708915685030e-01
72044	2.369254302576165e-01	2.398832919019490e-01
78318	2.342939851532930e-01	2.344228815319922e-01
83937	2.287583822359407e-01	2.290867652767773e-01
92826	2.224345679734939e-01	2.238721138568339e-01
96931	2.186770113670156e-01	2.187761623949552e-01
115833	2.127725245667248e-01	2.137962089502232e-01
121613	2.081279112188655e-01	2.089296130854039e-01
132052	2.029223062277079e-01	2.041737944669530e-01
142697	1.994712090436580e-01	1.995262314968880e-01
148877	1.939265646816197e-01	1.949844599758045e-01
154377	1.899550100628675e-01	1.905460717963247e-01
161324	1.851158676522894e-01	1.862087136662867e-01
164701	1.815519380586704e-01	1.819700858609984e-01
183193	1.767820930167264e-01	1.778279410038923e-01
195873	1.727329305585051e-01	1.737800828749375e-01
209960	1.683068918376139e-01	1.698243652461744e-01
233032	1.628648083861791e-01	1.659586907437560e-01
240286	1.593074571590772e-01	1.621810097358930e-01
258040	1.584042290973618e-01	1.584893192461113e-01
288218	1.548756501962538e-01	1.548816618912481e-01
312476	1.510770864092890e-01	1.513561248436208e-01
355185	1.477870293298499e-01	1.479108388168208e-01
382672	1.438761678401910e-01	1.445439770745928e-01
384316	1.380034775697215e-01	1.380384264602885e-01
420507	1.340150019386990e-01	1.348962882591654e-01
448552	1.304798394998844e-01	1.318256738556407e-01
494460	1.275975105475972e-01	1.288249551693134e-01
502437	1.256562692270637e-01	1.258925411794167e-01
544271	1.218190709716139e-01	1.230268770812381e-01
582506	1.193233422512807e-01	1.202264434617413e-01
613896	1.170442476483845e-01	1.174897554939529e-01
622931	1.140696754092198e-01	1.148153621496883e-01
649392	1.105035989415342e-01	1.122018454301964e-01
693243	1.094357451390540e-01	1.096478196143185e-01
724125	1.069244935254658e-01	1.071519305237607e-01
737340	1.042370686159174e-01	1.047128548050900e-01
750317	1.021660119217669e-01	1.023292992280754e-01
758420	9.958520987055230e-02	1.000000000000000e-01
777045	9.772127052613444e-02	9.772372209558107e-02
806743	9.530201972542551e-02	9.549925860214359e-02
827309	9.256265141038145e-02	9.332543007969910e-02
844187	9.079444903107636e-02	9.120108393559097e-02
883227	8.859686108485676e-02	8.912509381337455e-02
903336	8.677172951480727e-02	8.709635899560805e-02
913122	8.264833847634867e-02	8.317637711026708e-02
942420	8.127870191160091e-02	8.128305161640990e-02
976437	7.727690792207154e-02	7.762471166286916e-02
990915	7.457857087274999e-02	7.585775750291836e-02
1000649	7.253182732123187e-02	7.413102413009177e-02
1009916	7.234029469647985e-02	7.244359600749903e-02
1016647	7.079385189898391e-02	7.079457843841380e-02
1067690	6.870435532912622e-02	6.918309709189366e-02
1093091	6.667307762428998e-02	6.760829753919818e-02
1110360	6.582799354996083e-02	6.606934480075961e-02
1125777	6.375973072202190e-02	6.456542290346556e-02
1165873	6.291029159267458e-02	6.309573444801933e-02
1196189	6.129447661874965e-02	6.165950018614822e-02
1198145	5.843383822803516e-02	5.888436553555890e-02
1200000	5.842206707131603e-02	5.888436553555890e-02
%
% index = 3830, name = bbob_f013_i13_d20__bbob_f014_i14_d20
% instance = 6, reference value = 8.867866074536930e-01
% function evaluation | indicator value | target hit
1	8.196677354199142e-01	8.317637711026710e-01
12	7.256200304520662e-01	7.413102413009175e-01
32	6.931294609533702e-01	7.079457843841379e-01
42	6.849140466548240e-01	6.918309709189365e-01
87	6.698819430878148e-01	6.760829753919817e-01
208	6.537705940462315e-01	6.606934480075960e-01
246	6.298495078355875e-01	6.309573444801932e-01
305	6.103234407978918e-01	6.165950018614822e-01
335	6.016443408845820e-01	6.025595860743578e-01
345	5.552216396670461e-01	5.623413251903491e-01
371	5.189889677623238e-01	5.248074602497725e-01
409	5.112385761907663e-01	5.128613839913648e-01
540	5.009402839575752e-01	5.011872336272722e-01
603	4.818365004381060e-01	4.897788193684462e-01
621	4.724584387995294e-01	4.786300923226383e-01
662	4.623896964099888e-01	4.677351412871982e-01
735	4.545055108223145e-01	4.570881896148750e-01
743	4.112569656179014e-01	4.168693834703354e-01
803	4.071871343050742e-01	4.073802778041127e-01
981	3.980128234725553e-01	3.981071705534972e-01
1064	3.872274469549954e-01	3.890451449942806e-01
1094	3.793532533014373e-01	3.801893963205612e-01
1095	3.713357432602246e-01	3.715352290971726e-01
1398	3.627176712114953e-01	3.630780547701014e-01
1549	3.546113131901495e-01	3.548133892335755e-01
1576	3.350426477070177e-01	3.388441561392025e-01
1703	3.228642242906621e-01	3.235936569296283e-01
2163	3.121501900800059e-01	3.162277660168379e-01
2283	3.090045206947888e-01	3.090295432513591e-01
2371	2.984406622182778e-01	3.019951720402016e-01
2622	2.812518645017280e-01	2.818382931264454e-01
3050	2.732378983484249e-01	2.754228703338166e-01
3973	2.675264030092791e-01	2.691534803926916e-01
4100	2.618205638214536e-01	2.630267991895382e-01
5527	2.568534569939607e-01	2.570395782768864e-01
5866	2.488460948976163e-01	2.511886431509580e-01
6094	2.292784863849520e-01	2.344228815319922e-01
6145	2.290843000762880e-01	2.290867652767773e-01
6524	2.238100103707285e-01	2.238721138568339e-01
7860	2.185437950712660e-01	2.187761623949552e-01
10350	2.132739527892921e-01	2.137962089502232e-01
15506	2.085976040509907e-01	2.089296130854039e-01
33493	2.039705592421549e-01	2.041737944669530e-01
40783	1.994825969450325e-01	1.995262314968880e-01
42698	1.946571737816275e-01	1.949844599758045e-01
45185	1.904629485196960e-01	1.905460717963247e-01
52172	1.860653727521292e-01	1.862087136662867e-01
56388	1.817849363612136e-01	1.819700858609984e-01
70400	1.766942185245657e-01	1.778279410038923e-01
81169	1.734899792020596e-01	1.737800828749375e-01
96170	1.691391351778583e-01	1.698243652461744e-01
103064	1.632948278104775e-01	1.659586907437560e-01
112326	1.621788029900457e-01	1.621810097358930e-01
131395	1.584572573005828e-01	1.584893192461113e-01
140554	1.530826053786650e-01	1.548816618912481e-01
147161	1.513296355798066e-01	1.513561248436208e-01
155843	1.479106414839680e-01	1.479108388168208e-01
159795	1.442380171324482e-01	1.445439770745928e-01
169922	1.396568523895844e-01	1.412537544622754e-01
182448	1.376455683246925e-01	1.380384264602885e-01
187013	1.348877723061621e-01	1.348962882591654e-01
189948	1.301639116650303e-01	1.318256738556407e-01
203946	1.275263928403737e-01	1.288249551693134e-01
207986	1.258594400211994e-01	1.258925411794167e-01
214428	1.188729640245709e-01	1.202264434617413e-01
233174	1.171208517223055e-01	1.174897554939529e-01
242509	1.146955617255895e-01	1.148153621496883e-01
261229	1.120328652761184e-01	1.122018454301964e-01
267542	1.094161670393663e-01	1.096478196143185e-01
288801	1.052810788764540e-01	1.071519305237607e-01
302164	1.036118156444096e-01	1.047128548050900e-01
302180	1.008811024119911e-01	1.023292992280754e-01
309306	9.747713367507072e-02	9.772372209558107e-02
316999	9.548824313690762e-02	9.549925860214359e-02
327659	9.275841520944306e-02	9.332543007969910e-02
343959	9.019058870696062e-02	9.120108393559097e-02
363587	8.882308562758789e-02	8.912509381337455e-02
398231	8.559501616408582e-02	8.709635899560805e-02
407535	8.501058431857289e-02	8.511380382023763e-02
439763	8.317077876310486e-02	8.317637711026708e-02
476060	8.035080954855434e-02	8.128305161640990e-02
489836	7.918735719160530e-02	7.943282347242814e-02
496484	7.672619423319338e-02	7.762471166286916e-02
568806	7.526369830322854e-02	7.585775750291836e-02
596257	7.389512192689218e-02	7.413102413009177e-02
627316	7.238799248259153e-02	7.244359600749903e-02
635675	7.032498903250595e-02	7.079457843841380e-02
693194	6.918230954744253e-02	6.918309709189366e-02
725557	6.749414616740046e-02	6.760829753919818e-02
786710	6.606931843187935e-02	6.606934480075961e-02
819833	6.449688562435374e-02	6.456542290346556e-02
878742	6.256013958819084e-02	6.309573444801933e-02
956666	6.165800954032663e-02	6.165950018614822e-02
980088	6.007262286341319e-02	6.025595860743578e-02
996847	5.858702259851323e-02	5.888436553555890e-02
1082790	5.739469619058857e-02	5.754399373371569e-02
1101999	5.607559155500874e-02	5.623413251903491e-02
1144048	5.458324972235329e-02	5.495408738576246e-02
1200000	5.427019516761566e-02	5.495408738576246e-02
%
% index = 3831, name = bbob_f013_i15_d20__bbob_f014_i16_d20
% instance = 7, reference value = 8.776398040213680e-01
% function evaluation | indicator value | target hit
1	6.567124577711813e-01	6.606934480075960e-01
7	6.066014326656930e-01	6.165950018614822e-01
9	5.978183013974198e-01	6.025595860743578e-01
42	5.546929389922900e-01	5.623413251903491e-01
72	5.371874825468834e-01	5.495408738576245e-01
86	5.368374019227546e-01	5.370317963702527e-01
136	5.215121004512209e-01	5.248074602497725e-01
171	5.126761188318232e-01	5.128613839913648e-01
211	4.985089023662443e-01	5.011872336272722e-01
271	4.882728409551435e-01	4.897788193684462e-01
277	4.723452606273783e-01	4.786300923226383e-01
334	4.434177768625874e-01	4.466835921509631e-01
363	4.353658802081860e-01	4.365158322401660e-01
405	4.134373024159181e-01	4.168693834703354e-01
429	4.009862023147516e-01	4.073802778041127e-01
444	3.938443036645817e-01	3.981071705534972e-01
513	3.655090453888088e-01	3.715352290971726e-01
527	3.459523974207710e-01	3.467368504525316e-01
589	3.372118021983213e-01	3.388441561392025e-01
759	3.310887462510197e-01	3.311311214825911e-01
795	3.211499296075844e-01	3.235936569296283e-01
1030	3.131830124418524e-01	3.162277660168379e-01
1152	2.785506596352603e-01	2.818382931264454e-01
1364	2.750080616217253e-01	2.754228703338166e-01
1397	2.663888538959094e-01	2.691534803926916e-01
1461	2.629557452746555e-01	2.630267991895382e-01
1763	2.488551528808634e-01	2.511886431509580e-01
1811	2.362705701884473e-01	2.398832919019490e-01
2245	2.344073994410349e-01	2.344228815319922e-01
3022	2.258929400765002e-01	2.290867652767773e-01
3307	2.235004277945682e-01	2.238721138568339e-01
4299	2.162761899508101e-01	2.187761623949552e-01
4321	2.076017226462589e-01	2.089296130854039e-01
5137	2.041656162061047e-01	2.041737944669530e-01
6540	1.987456917914500e-01	1.995262314968880e-01
16233	1.945941613266531e-01	1.949844599758045e-01
19796	1.898259994449869e-01	1.905460717963247e-01
24534	1.841646554820059e-01	1.862087136662867e-01
26798	1.811574139758383e-01	1.819700858609984e-01
34333	1.778278136326688e-01	1.778279410038923e-01
40706	1.737226802291131e-01	1.737800828749375e-01
44213	1.692879549688259e-01	1.698243652461744e-01
50352	1.659365262761894e-01	1.659586907437560e-01
55959	1.620761600485671e-01	1.621810097358930e-01
59619	1.583381901893715e-01	1.584893192461113e-01
73708	1.548091764994936e-01	1.548816618912481e-01
87615	1.506815798299046e-01	1.513561248436208e-01
89647	1.470306482500429e-01	1.479108388168208e-01
101014	1.441340538836751e-01	1.445439770745928e-01
116719	1.375039049825935e-01	1.380384264602885e-01
132868	1.322416255386050e-01	1.348962882591654e-01
133640	1.312516965320126e-01	1.318256738556407e-01
145692	1.281490198581838e-01	1.288249551693134e-01
157273	1.246556106479000e-01	1.258925411794167e-01
158819	1.220020663763194e-01	1.230268770812381e-01
170290	1.202260971078849e-01	1.202264434617413e-01
174088	1.174251767630542e-01	1.174897554939529e-01
195246	1.142511873540775e-01	1.148153621496883e-01
214325	1.118972227415636e-01	1.122018454301964e-01
236513	1.095812267921895e-01	1.096478196143185e-01
247159	1.055827764342214e-01	1.071519305237607e-01
267533	1.039146209017805e-01	1.047128548050900e-01
274138	1.022891067383099e-01	1.023292992280754e-01
321604	9.928854800998210e-02	1.000000000000000e-01
329440	9.666490372157754e-02	9.772372209558107e-02
344891	9.528313918941689e-02	9.549925860214359e-02
373641	9.331446265122878e-02	9.332543007969910e-02
399390	9.088588407341980e-02	9.120108393559097e-02
409932	8.882409473493369e-02	8.912509381337455e-02
437044	8.706282534613385e-02	8.709635899560805e-02
455869	8.483316349696135e-02	8.511380382023763e-02
481153	8.243420037596882e-02	8.317637711026708e-02
490661	8.072592756424479e-02	8.128305161640990e-02
504904	7.943127981177522e-02	7.943282347242814e-02
533917	7.762467824446573e-02	7.762471166286916e-02
552573	7.585751998048096e-02	7.585775750291836e-02
558711	7.377113358649978e-02	7.413102413009177e-02
582061	7.242606446128497e-02	7.244359600749903e-02
601856	7.035363763654134e-02	7.079457843841380e-02
614156	6.890850859056885e-02	6.918309709189366e-02
636443	6.760807610148489e-02	6.760829753919818e-02
662043	6.484087210606482e-02	6.606934480075961e-02
669804	6.440671650229501e-02	6.456542290346556e-02
697924	6.230515229553946e-02	6.309573444801933e-02
727960	6.098184745968616e-02	6.165950018614822e-02
738422	5.896290298708717e-02	6.025595860743578e-02
751355	5.888330594027524e-02	5.888436553555890e-02
864309	5.742483330174386e-02	5.754399373371569e-02
875257	5.615392166797017e-02	5.623413251903491e-02
922134	5.467965452955326e-02	5.495408738576246e-02
978000	5.347153296482399e-02	5.370317963702527e-02
1037748	5.247757751948101e-02	5.248074602497726e-02
1086973	5.128076543773319e-02	5.128613839913648e-02
1098787	5.003361032175124e-02	5.011872336272722e-02
1175405	4.842008138223264e-02	4.897788193684462e-02
1200001	4.833752280140913e-02	4.897788193684462e-02
%
% index = 3832, name = bbob_f013_i17_d20__bbob_f014_i18_d20
% instance = 8, reference value = 8.241991127212300e-01
% function evaluation | indicator value | target hit
1	7.440549275819618e-01	7.585775750291838e-01
10	7.131318429972894e-01	7.244359600749900e-01
21	7.064842461903531e-01	7.079457843841379e-01
50	6.783537472451597e-01	6.918309709189365e-01
75	6.751162793199610e-01	6.760829753919817e-01
88	6.572841541560692e-01	6.606934480075960e-01
117	6.157034564673632e-01	6.165950018614822e-01
294	6.002105633401096e-01	6.025595860743578e-01
371	5.884217307621862e-01	5.888436553555889e-01
391	5.732462856660228e-01	5.754399373371569e-01
499	5.557463575264140e-01	5.623413251903491e-01
529	5.327105408245953e-01	5.370317963702527e-01
556	5.143277929236449e-01	5.248074602497725e-01
584	5.124656036566584e-01	5.128613839913648e-01
610	4.997897252435871e-01	5.011872336272722e-01
667	4.782197462714856e-01	4.786300923226383e-01
829	4.596753949571665e-01	4.677351412871982e-01
836	4.418746596527530e-01	4.466835921509631e-01
929	4.173062978812939e-01	4.265795188015927e-01
946	4.165634058280452e-01	4.168693834703354e-01
973	4.071703536635650e-01	4.073802778041127e-01
1138	3.976218119665903e-01	3.981071705534972e-01
1169	3.791275831946084e-01	3.801893963205612e-01
1353	3.504412344777517e-01	3.548133892335755e-01
1536	3.467341325098046e-01	3.467368504525316e-01
1707	3.334945303425872e-01	3.388441561392025e-01
1771	3.247001285854357e-01	3.311311214825911e-01
1784	3.234659937751457e-01	3.235936569296283e-01
2185	3.038317287535720e-01	3.090295432513591e-01
2303	2.967758807352054e-01	3.019951720402016e-01
2598	2.865893056565640e-01	2.884031503126606e-01
3050	2.797994373860898e-01	2.818382931264454e-01
3062	2.711121618905927e-01	2.754228703338166e-01
3771	2.691491915771114e-01	2.691534803926916e-01
4561	2.604397159775429e-01	2.630267991895382e-01
4662	2.536377782912097e-01	2.570395782768864e-01
5997	2.511874695451300e-01	2.511886431509580e-01
7989	2.452812820451710e-01	2.454708915685030e-01
10052	2.332843442565085e-01	2.344228815319922e-01
12000	2.277152951507593e-01	2.290867652767773e-01
12906	2.238706414662338e-01	2.238721138568339e-01
16890	2.187746982751756e-01	2.187761623949552e-01
20452	2.137131013409465e-01	2.137962089502232e-01
20714	2.052188860245102e-01	2.089296130854039e-01
21343	2.023295668677441e-01	2.041737944669530e-01
22380	1.987410105050641e-01	1.995262314968880e-01
25295	1.949481630569132e-01	1.949844599758045e-01
26815	1.903908830571566e-01	1.905460717963247e-01
28081	1.817659602480363e-01	1.819700858609984e-01
36688	1.766189391243695e-01	1.778279410038923e-01
45716	1.737795935565724e-01	1.737800828749375e-01
46838	1.691854994402906e-01	1.698243652461744e-01
51658	1.626702727075257e-01	1.659586907437560e-01
52222	1.584039968051402e-01	1.584893192461113e-01
63613	1.547825989201993e-01	1.548816618912481e-01
75946	1.513549415923917e-01	1.513561248436208e-01
78472	1.458928586135618e-01	1.479108388168208e-01
82164	1.424494568032287e-01	1.445439770745928e-01
83942	1.378188997737670e-01	1.380384264602885e-01
92586	1.343441276362423e-01	1.348962882591654e-01
92741	1.315011636548168e-01	1.318256738556407e-01
105714	1.252402414272760e-01	1.258925411794167e-01
111742	1.228643691946223e-01	1.230268770812381e-01
121456	1.200255864629416e-01	1.202264434617413e-01
129535	1.174342481398021e-01	1.174897554939529e-01
140872	1.142908635181199e-01	1.148153621496883e-01
151126	1.119638964022465e-01	1.122018454301964e-01
156868	1.087026557064561e-01	1.096478196143185e-01
169823	1.068239210558275e-01	1.071519305237607e-01
180185	1.037434115477426e-01	1.047128548050900e-01
188235	1.015381741564828e-01	1.023292992280754e-01
191608	9.941905055928058e-02	1.000000000000000e-01
200722	9.755912080009832e-02	9.772372209558107e-02
209012	9.353447639245061e-02	9.549925860214359e-02
212867	9.323847778484462e-02	9.332543007969910e-02
226844	9.118707777308821e-02	9.120108393559097e-02
233207	8.886382094699719e-02	8.912509381337455e-02
251556	8.699717197052037e-02	8.709635899560805e-02
266072	8.499094131265028e-02	8.511380382023763e-02
285842	8.315782228446100e-02	8.317637711026708e-02
292218	8.127599703005228e-02	8.128305161640990e-02
306432	7.905278033428775e-02	7.943282347242814e-02
323503	7.762455016217085e-02	7.762471166286916e-02
344426	7.552288598516832e-02	7.585775750291836e-02
349626	7.310874132528988e-02	7.413102413009177e-02
362716	7.237941756075106e-02	7.244359600749903e-02
374390	7.076463118917353e-02	7.079457843841380e-02
398670	6.904182498452449e-02	6.918309709189366e-02
403374	6.553209633709667e-02	6.606934480075961e-02
419250	6.171125870170002e-02	6.309573444801933e-02
420051	6.159771879713638e-02	6.165950018614822e-02
453434	6.025234422327297e-02	6.025595860743578e-02
478276	5.878907495308350e-02	5.888436553555890e-02
493653	5.729138131700962e-02	5.754399373371569e-02
523303	5.607257271397492e-02	5.623413251903491e-02
540354	5.462959080144913e-02	5.495408738576246e-02
548312	5.349206762694403e-02	5.370317963702527e-02
580850	5.247367060270247e-02	5.248074602497726e-02
597167	5.122928557817796e-02	5.128613839913648e-02
629952	4.997253992310569e-02	5.011872336272722e-02
642973	4.830656844967918e-02	4.897788193684462e-02
656492	4.776532753202689e-02	4.786300923226382e-02
671339	4.661828417576097e-02	4.677351412871981e-02
680397	4.570512462985421e-02	4.570881896148749e-02
700657	4.361164386384853e-02	4.365158322401658e-02
701278	4.237096383070915e-02	4.265795188015926e-02
713593	4.129823573399705e-02	4.168693834703355e-02
760201	4.073580198959537e-02	4.073802778041128e-02
798674	3.981051896978494e-02	3.981071705534973e-02
811610	3.851176964655978e-02	3.890451449942807e-02
834410	3.777826026632114e-02	3.801893963205612e-02
862987	3.685726009100920e-02	3.715352290971726e-02
878116	3.587147314617078e-02	3.630780547701014e-02
902445	3.533607253782767e-02	3.548133892335755e-02
942050	3.459656514356857e-02	3.467368504525317e-02
960908	3.359627255330200e-02	3.388441561392026e-02
978054	3.235824987405389e-02	3.235936569296283e-02
1019033	3.098947522011586e-02	3.162277660168379e-02
1023889	3.089920070038477e-02	3.090295432513590e-02
1040639	2.997632114768078e-02	3.019951720402016e-02
1077726	2.947658839034784e-02	2.951209226666385e-02
1090360	2.818955289306202e-02	2.884031503126606e-02
1091724	2.818316416723943e-02	2.818382931264454e-02
1124764	2.753501253329727e-02	2.754228703338166e-02
1149264	2.685488412617765e-02	2.691534803926915e-02
1161623	2.628357978384988e-02	2.630267991895381e-02
1175385	2.557677685386217e-02	2.570395782768863e-02
1200000	2.530818061222662e-02	2.570395782768863e-02
%
% index = 3833, name = bbob_f013_i19_d20__bbob_f014_i21_d20
% instance = 9, reference value = 8.295985209467850e-01
% function evaluation | indicator value | target hit
1	7.550550941346668e-01	7.585775750291838e-01
4	6.978850214144494e-01	7.079457843841379e-01
24	6.917384865684757e-01	6.918309709189365e-01
34	5.918328032582187e-01	6.025595860743578e-01
48	5.841738906056910e-01	5.888436553555889e-01
53	5.752538340550826e-01	5.754399373371569e-01
58	5.518191205159912e-01	5.623413251903491e-01
81	5.472597654841418e-01	5.495408738576245e-01
185	5.369150768772661e-01	5.370317963702527e-01
222	5.207501625753594e-01	5.248074602497725e-01
244	5.086313081446683e-01	5.128613839913648e-01
260	4.991491508680573e-01	5.011872336272722e-01
303	4.864300071336551e-01	4.897788193684462e-01
336	4.775893760080033e-01	4.786300923226383e-01
408	4.653399121650489e-01	4.677351412871982e-01
435	4.474470471248739e-01	4.570881896148750e-01
437	4.428174424265592e-01	4.466835921509631e-01
459	4.320917713954779e-01	4.365158322401660e-01
501	4.247150399299239e-01	4.265795188015927e-01
521	4.125565178965960e-01	4.168693834703354e-01
563	4.068185547919294e-01	4.073802778041127e-01
590	3.979808244581772e-01	3.981071705534972e-01
626	3.875674655869668e-01	3.890451449942806e-01
739	3.798068422715045e-01	3.801893963205612e-01
785	3.692314687135190e-01	3.715352290971726e-01
806	3.571538686347868e-01	3.630780547701014e-01
809	3.534531862065171e-01	3.548133892335755e-01
830	3.462769312324988e-01	3.467368504525316e-01
851	3.351944074381015e-01	3.388441561392025e-01
887	3.276592736341685e-01	3.311311214825911e-01
925	3.235840556058146e-01	3.235936569296283e-01
995	3.160671522281912e-01	3.162277660168379e-01
1090	3.090290930667009e-01	3.090295432513591e-01
1113	3.012972838421618e-01	3.019951720402016e-01
1263	2.945150763032377e-01	2.951209226666385e-01
1343	2.883131621856140e-01	2.884031503126606e-01
1411	2.798413203792662e-01	2.818382931264454e-01
1431	2.719757887282551e-01	2.754228703338166e-01
1650	2.691307061449399e-01	2.691534803926916e-01
1652	2.626560932934713e-01	2.630267991895382e-01
1804	2.521550001327070e-01	2.570395782768864e-01
1956	2.474681515981756e-01	2.511886431509580e-01
2077	2.450987032397937e-01	2.454708915685030e-01
2826	2.392847566594879e-01	2.398832919019490e-01
3770	2.344062427946091e-01	2.344228815319922e-01
4350	2.273925982808999e-01	2.290867652767773e-01
5671	2.230064797967050e-01	2.238721138568339e-01
6112	2.170785377188458e-01	2.187761623949552e-01
6838	2.131118822253179e-01	2.137962089502232e-01
7724	2.089233803251280e-01	2.089296130854039e-01
8174	2.034576664543866e-01	2.041737944669530e-01
8906	1.982868103408920e-01	1.995262314968880e-01
9661	1.949843192591454e-01	1.949844599758045e-01
11165	1.905262106038692e-01	1.905460717963247e-01
13426	1.817393356970330e-01	1.819700858609984e-01
15594	1.777858877613075e-01	1.778279410038923e-01
17659	1.735799707642770e-01	1.737800828749375e-01
21484	1.697918628966170e-01	1.698243652461744e-01
24557	1.656493827447842e-01	1.659586907437560e-01
30205	1.619427471583879e-01	1.621810097358930e-01
34031	1.579591824207104e-01	1.584893192461113e-01
36625	1.548403789598372e-01	1.548816618912481e-01
37281	1.512180658539872e-01	1.513561248436208e-01
43763	1.479016049302257e-01	1.479108388168208e-01
48109	1.439921161506412e-01	1.445439770745928e-01
51899	1.411158818640911e-01	1.412537544622754e-01
54530	1.377952512888356e-01	1.380384264602885e-01
60529	1.334568243440217e-01	1.348962882591654e-01
61611	1.308118087901481e-01	1.318256738556407e-01
64078	1.282297867552949e-01	1.288249551693134e-01
68138	1.258921677174025e-01	1.258925411794167e-01
76472	1.218912393562843e-01	1.230268770812381e-01
77144	1.200215140714640e-01	1.202264434617413e-01
81394	1.153475986657846e-01	1.174897554939529e-01
84099	1.147842726716165e-01	1.148153621496883e-01
85257	1.121866054009423e-01	1.122018454301964e-01
96089	1.093800710487129e-01	1.096478196143185e-01
100568	1.071268548982743e-01	1.071519305237607e-01
109222	1.045122922833900e-01	1.047128548050900e-01
117229	1.022712333593817e-01	1.023292992280754e-01
133046	9.999950996879448e-02	1.000000000000000e-01
136417	9.616324903401874e-02	9.772372209558107e-02
142712	9.411358378850188e-02	9.549925860214359e-02
144371	8.871171960929458e-02	8.912509381337455e-02
151976	8.604542174373797e-02	8.709635899560805e-02
152953	8.497173372794165e-02	8.511380382023763e-02
161753	8.269185640303278e-02	8.317637711026708e-02
162579	8.096766768101094e-02	8.128305161640990e-02
168575	7.891219311648001e-02	7.943282347242814e-02
180822	7.762345141652649e-02	7.762471166286916e-02
193101	7.427355603007846e-02	7.585775750291836e-02
194255	7.408857026074378e-02	7.413102413009177e-02
205867	7.211544846902240e-02	7.244359600749903e-02
213325	7.018177288008343e-02	7.079457843841380e-02
228702	6.800926370069948e-02	6.918309709189366e-02
231878	6.600607043337936e-02	6.606934480075961e-02
245966	6.456462353762582e-02	6.456542290346556e-02
257629	6.309541621590720e-02	6.309573444801933e-02
275328	6.164806177873172e-02	6.165950018614822e-02
282960	5.889267750184357e-02	6.025595860743578e-02
283434	5.888434571726608e-02	5.888436553555890e-02
297120	5.637225789709155e-02	5.754399373371569e-02
298644	5.559399661923381e-02	5.623413251903491e-02
317953	5.293904812912931e-02	5.370317963702527e-02
339820	5.248071841435764e-02	5.248074602497726e-02
376194	5.045083407977380e-02	5.128613839913648e-02
389999	5.011850710352461e-02	5.011872336272722e-02
425989	4.897787471364434e-02	4.897788193684462e-02
449323	4.786294693210180e-02	4.786300923226382e-02
456760	4.672163427107245e-02	4.677351412871981e-02
487322	4.522635832675603e-02	4.570881896148749e-02
532497	4.466358260645831e-02	4.466835921509630e-02
577415	4.265592068524415e-02	4.265795188015926e-02
639062	4.138259036743597e-02	4.168693834703355e-02
674102	4.021857166086451e-02	4.073802778041128e-02
700507	3.977989494391654e-02	3.981071705534973e-02
730768	3.886300427046241e-02	3.890451449942807e-02
793003	3.798505393572638e-02	3.801893963205612e-02
836894	3.683266566003318e-02	3.715352290971726e-02
845706	3.629725576801357e-02	3.630780547701014e-02
858085	3.513690494360633e-02	3.548133892335755e-02
870329	3.458992891222634e-02	3.467368504525317e-02
972410	3.387399856913509e-02	3.388441561392026e-02
979554	3.216315141122783e-02	3.235936569296283e-02
1024266	3.099620484254462e-02	3.162277660168379e-02
1038838	3.079610369682084e-02	3.090295432513590e-02
1089068	3.019949959540547e-02	3.019951720402016e-02
1140394	2.950925784157143e-02	2.951209226666385e-02
1189066	2.780892969307491e-02	2.818382931264454e-02
1200000	2.776491380875556e-02	2.818382931264454e-02
%
% index = 3834, name = bbob_f013_i21_d20__bbob_f014_i22_d20
% instance = 10, reference value = 8.099407745494770e-01
% function evaluation | indicator value | target hit
1	6.854048746474949e-01	6.918309709189365e-01
2	6.657202441363490e-01	6.760829753919817e-01
8	6.605347217972364e-01	6.606934480075960e-01
46	6.196647495574168e-01	6.309573444801932e-01
47	6.121828835426719e-01	6.165950018614822e-01
106	5.836908866360938e-01	5.888436553555889e-01
149	5.734583930827978e-01	5.754399373371569e-01
217	5.564617861712144e-01	5.623413251903491e-01
263	5.495277262856986e-01	5.495408738576245e-01
324	5.288222568363321e-01	5.370317963702527e-01
357	5.159738237305519e-01	5.248074602497725e-01
368	5.126865499078014e-01	5.128613839913648e-01
479	4.978058227678582e-01	5.011872336272722e-01
577	4.757695994212952e-01	4.786300923226383e-01
663	4.640021807031386e-01	4.677351412871982e-01
739	4.480151747292485e-01	4.570881896148750e-01
931	4.466204723053687e-01	4.466835921509631e-01
1206	3.994820691309278e-01	4.073802778041127e-01
1300	3.972833303266756e-01	3.981071705534972e-01
1521	3.889889626949870e-01	3.890451449942806e-01
1628	3.777419842756732e-01	3.801893963205612e-01
1668	3.650823123980180e-01	3.715352290971726e-01
1780	3.468234563372474e-01	3.548133892335755e-01
1794	3.461848354698847e-01	3.467368504525316e-01
1839	3.374787443628276e-01	3.388441561392025e-01
2011	3.192515045696643e-01	3.235936569296283e-01
2114	3.162119390706438e-01	3.162277660168379e-01
2552	3.057688169262058e-01	3.090295432513591e-01
2786	3.018682260262967e-01	3.019951720402016e-01
3069	2.907679982599222e-01	2.951209226666385e-01
3413	2.883896637992640e-01	2.884031503126606e-01
3504	2.758584483335471e-01	2.818382931264454e-01
3800	2.748369516690932e-01	2.754228703338166e-01
4426	2.689938311020582e-01	2.691534803926916e-01
8058	2.616940255219457e-01	2.630267991895382e-01
8792	2.568171984480618e-01	2.570395782768864e-01
14551	2.507759366700407e-01	2.511886431509580e-01
23680	2.454421968171661e-01	2.454708915685030e-01
35255	2.398575864773790e-01	2.398832919019490e-01
38189	2.299110683487311e-01	2.344228815319922e-01
39930	2.290837868577652e-01	2.290867652767773e-01
52016	2.238332697295397e-01	2.238721138568339e-01
52280	2.180970796494901e-01	2.187761623949552e-01
58968	2.126352950550080e-01	2.137962089502232e-01
62563	2.070248816236719e-01	2.089296130854039e-01
63486	2.031692450547580e-01	2.041737944669530e-01
78026	1.990265117779380e-01	1.995262314968880e-01
92463	1.949819545271815e-01	1.949844599758045e-01
105938	1.881386255591312e-01	1.905460717963247e-01
114483	1.851869152342015e-01	1.862087136662867e-01
130109	1.815305460601608e-01	1.819700858609984e-01
158019	1.778276170502415e-01	1.778279410038923e-01
180566	1.720024047610386e-01	1.737800828749375e-01
200176	1.695773957487556e-01	1.698243652461744e-01
254040	1.658456260401551e-01	1.659586907437560e-01
286255	1.621330904721519e-01	1.621810097358930e-01
325332	1.584887823361875e-01	1.584893192461113e-01
357152	1.542155559427938e-01	1.548816618912481e-01
360676	1.512392340024393e-01	1.513561248436208e-01
491277	1.476888397519496e-01	1.479108388168208e-01
551149	1.445297548999347e-01	1.445439770745928e-01
642529	1.409976681313286e-01	1.412537544622754e-01
719647	1.380103375449174e-01	1.380384264602885e-01
813510	1.348961107106647e-01	1.348962882591654e-01
915489	1.312402324439191e-01	1.318256738556407e-01
1135497	1.288221063420105e-01	1.288249551693134e-01
1200001	1.273643254153283e-01	1.288249551693134e-01
%
% index = 3835, name = bbob_f013_i23_d20__bbob_f014_i24_d20
% instance = 11, reference value = 1.000000000000000e+00
% function evaluation | indicator value | target hit
1	8.174692529468168e-01	8.317637711026710e-01
3	7.949663095205067e-01	8.128305161640993e-01
16	7.754044401944126e-01	7.762471166286917e-01
31	7.553112303410743e-01	7.585775750291838e-01
46	7.399638800757335e-01	7.413102413009175e-01
213	7.204332745593909e-01	7.244359600749900e-01
234	6.962259647048457e-01	7.079457843841379e-01
247	6.893455288772844e-01	6.918309709189365e-01
310	6.673751627186172e-01	6.760829753919817e-01
389	6.606304782586285e-01	6.606934480075960e-01
394	6.434809362602294e-01	6.456542290346555e-01
437	6.303766486443801e-01	6.309573444801932e-01
490	6.068718149071928e-01	6.165950018614822e-01
511	5.864962096488281e-01	5.888436553555889e-01
529	5.721650074836534e-01	5.754399373371569e-01
578	5.425706030818745e-01	5.495408738576245e-01
622	5.341181000606858e-01	5.370317963702527e-01
664	5.148050021481316e-01	5.248074602497725e-01
665	5.094723376652250e-01	5.128613839913648e-01
717	4.997659359082940e-01	5.011872336272722e-01
844	4.824044615669625e-01	4.897788193684462e-01
878	4.764122979457335e-01	4.786300923226383e-01
1006	4.676353519257879e-01	4.677351412871982e-01
1128	4.564505235054842e-01	4.570881896148750e-01
1296	4.462927817041337e-01	4.466835921509631e-01
1376	4.354547782437993e-01	4.365158322401660e-01
1522	4.265773823371686e-01	4.265795188015927e-01
1671	4.157166669836715e-01	4.168693834703354e-01
1949	4.071872636436559e-01	4.073802778041127e-01
2040	3.979443649434065e-01	3.981071705534972e-01
2277	3.889726664193758e-01	3.890451449942806e-01
2601	3.758096443781661e-01	3.801893963205612e-01
2921	3.715227787616581e-01	3.715352290971726e-01
3749	3.630250745604124e-01	3.630780547701014e-01
4962	3.548117263929194e-01	3.548133892335755e-01
5334	3.402208282867180e-01	3.467368504525316e-01
5515	3.383574784312013e-01	3.388441561392025e-01
9043	3.310996939346700e-01	3.311311214825911e-01
17269	3.235912830693549e-01	3.235936569296283e-01
20319	3.150148771244897e-01	3.162277660168379e-01
30410	3.084411003946517e-01	3.090295432513591e-01
39765	3.018117751787345e-01	3.019951720402016e-01
50486	2.950902229079967e-01	2.951209226666385e-01
60022	2.884020656679465e-01	2.884031503126606e-01
67066	2.811390008431176e-01	2.818382931264454e-01
74030	2.754209573707785e-01	2.754228703338166e-01
85824	2.691492274599639e-01	2.691534803926916e-01
99474	2.629951131171169e-01	2.630267991895382e-01
120299	2.570390554027023e-01	2.570395782768864e-01
139287	2.510687214730735e-01	2.511886431509580e-01
163446	2.447077031626331e-01	2.454708915685030e-01
184884	2.397084320360348e-01	2.398832919019490e-01
205297	2.343382955337353e-01	2.344228815319922e-01
211551	2.287416225800271e-01	2.290867652767773e-01
244841	2.238720891665729e-01	2.238721138568339e-01
295737	2.185536222923823e-01	2.187761623949552e-01
378042	2.137961962691822e-01	2.137962089502232e-01
445530	2.084595076892466e-01	2.089296130854039e-01
553622	2.041675974517495e-01	2.041737944669530e-01
678499	1.995249268613133e-01	1.995262314968880e-01
796733	1.947912824218943e-01	1.949844599758045e-01
966238	1.905448741250124e-01	1.905460717963247e-01
1136202	1.861954179565385e-01	1.862087136662867e-01
1200000	1.853092907906362e-01	1.862087136662867e-01
%
% index = 3836, name = bbob_f013_i25_d20__bbob_f014_i26_d20
% instance = 12, reference value = 1.000000000000000e+00
% function evaluation | indicator value | target hit
1	8.545258881617598e-01	8.709635899560807e-01
5	8.509054937082607e-01	8.511380382023764e-01
25	8.285654703904191e-01	8.317637711026710e-01
72	8.119306258917101e-01	8.128305161640993e-01
86	7.854716275975033e-01	7.943282347242815e-01
109	7.730165745185671e-01	7.762471166286917e-01
123	7.452642056315435e-01	7.585775750291838e-01
127	7.411852427088184e-01	7.413102413009175e-01
196	7.196639944610921e-01	7.244359600749900e-01
210	7.057236073662296e-01	7.079457843841379e-01
253	6.804834457948912e-01	6.918309709189365e-01
298	6.707605338132721e-01	6.760829753919817e-01
313	6.594228214071353e-01	6.606934480075960e-01
420	6.377391182548054e-01	6.456542290346555e-01
436	6.257079152520695e-01	6.309573444801932e-01
502	6.161628490776221e-01	6.165950018614822e-01
589	6.025391233772803e-01	6.025595860743578e-01
737	5.818312421584304e-01	5.888436553555889e-01
798	5.580218089529004e-01	5.623413251903491e-01
931	5.493598842905851e-01	5.495408738576245e-01
1187	5.139428590393813e-01	5.248074602497725e-01
1194	5.039027557340345e-01	5.128613839913648e-01
1236	5.011064070883755e-01	5.011872336272722e-01
1597	4.796521882591929e-01	4.897788193684462e-01
1599	4.786166423148932e-01	4.786300923226383e-01
2223	4.618306475719437e-01	4.677351412871982e-01
2255	4.547032453860130e-01	4.570881896148750e-01
3152	4.418464907945155e-01	4.466835921509631e-01
3530	4.365013045374603e-01	4.365158322401660e-01
4085	4.226882349609634e-01	4.265795188015927e-01
4147	4.167888597766242e-01	4.168693834703354e-01
4579	3.879864856421799e-01	3.890451449942806e-01
4878	3.789469782422398e-01	3.801893963205612e-01
5935	3.714409242756833e-01	3.715352290971726e-01
7431	3.629503933157129e-01	3.630780547701014e-01
9892	3.548130719258040e-01	3.548133892335755e-01
11713	3.456485824372979e-01	3.467368504525316e-01
13398	3.372449356268242e-01	3.388441561392025e-01
15501	3.310914682730240e-01	3.311311214825911e-01
19954	3.168631854302739e-01	3.235936569296283e-01
20206	3.162000936323579e-01	3.162277660168379e-01
28202	3.089299916311314e-01	3.090295432513591e-01
41640	3.019949014121305e-01	3.019951720402016e-01
58968	2.949137698156001e-01	2.951209226666385e-01
84094	2.883964847621319e-01	2.884031503126606e-01
102868	2.818380052817040e-01	2.818382931264454e-01
145764	2.754227325458023e-01	2.754228703338166e-01
184836	2.684366714300481e-01	2.691534803926916e-01
229889	2.630260989790393e-01	2.630267991895382e-01
273724	2.562466176606990e-01	2.570395782768864e-01
350372	2.507724275644396e-01	2.511886431509580e-01
391952	2.454653835979215e-01	2.454708915685030e-01
510685	2.398829261410035e-01	2.398832919019490e-01
707980	2.335763753082090e-01	2.344228815319922e-01
870747	2.290853805754274e-01	2.290867652767773e-01
1161998	2.237691621250975e-01	2.238721138568339e-01
1200000	2.236752519391650e-01	2.238721138568339e-01
%
% index = 3837, name = bbob_f013_i27_d20__bbob_f014_i28_d20
% instance = 13, reference value = 1.000000000000000e+00
% function evaluation | indicator value | target hit
1	1.600668631809814e+00	1.621810097358930e+00
11	1.577694411165037e+00	1.584893192461114e+00
48	1.485755648825273e+00	1.513561248436208e+00
71	1.461195514244960e+00	1.479108388168207e+00
79	1.322447131215476e+00	1.348962882591654e+00
117	1.314545553365816e+00	1.318256738556407e+00
157	1.192208066967000e+00	1.202264434617413e+00
193	1.127585253748778e+00	1.148153621496883e+00
201	9.651012671977823e-01	9.772372209558107e-01
458	9.485695240380339e-01	9.549925860214360e-01
510	9.317927031584824e-01	9.332543007969910e-01
563	9.070693482605079e-01	9.120108393559098e-01
600	8.847865559044091e-01	8.912509381337456e-01
769	8.701352745264018e-01	8.709635899560807e-01
1120	8.510770033763825e-01	8.511380382023764e-01
1325	8.210868823649313e-01	8.317637711026710e-01
1593	8.111878015991141e-01	8.128305161640993e-01
1730	7.896412381375304e-01	7.943282347242815e-01
1970	7.732333361450874e-01	7.762471166286917e-01
2126	7.082442862480547e-01	7.244359600749900e-01
2138	7.069982126425460e-01	7.079457843841379e-01
2273	6.902881969800101e-01	6.918309709189365e-01
2497	6.731691069641101e-01	6.760829753919817e-01
2546	6.606568428366018e-01	6.606934480075960e-01
2750	6.435619511137720e-01	6.456542290346555e-01
3180	6.304533905131822e-01	6.309573444801932e-01
3944	6.163175467589010e-01	6.165950018614822e-01
4140	5.942479368727291e-01	6.025595860743578e-01
4404	5.827871221876684e-01	5.888436553555889e-01
4981	5.754323062486559e-01	5.754399373371569e-01
5110	5.602196379516259e-01	5.623413251903491e-01
8124	5.493786920533503e-01	5.495408738576245e-01
13678	5.370108635139097e-01	5.370317963702527e-01
15073	5.247283103873337e-01	5.248074602497725e-01
17588	5.128468710184204e-01	5.128613839913648e-01
24803	5.004912932059052e-01	5.011872336272722e-01
29081	4.897486875902886e-01	4.897788193684462e-01
37684	4.786251653436314e-01	4.786300923226383e-01
42417	4.673220493539005e-01	4.677351412871982e-01
54947	4.499209078072132e-01	4.570881896148750e-01
57804	4.423685793794616e-01	4.466835921509631e-01
60478	4.346315258140777e-01	4.365158322401660e-01
75120	4.253067498381815e-01	4.265795188015927e-01
83342	4.168687587512183e-01	4.168693834703354e-01
127990	4.062052817088750e-01	4.073802778041127e-01
171804	3.981068660337708e-01	3.981071705534972e-01
238937	3.890416421986923e-01	3.890451449942806e-01
319614	3.800269662895223e-01	3.801893963205612e-01
458151	3.715315416891953e-01	3.715352290971726e-01
597565	3.630090092323935e-01	3.630780547701014e-01
749505	3.547269081993659e-01	3.548133892335755e-01
953538	3.464628396693028e-01	3.467368504525316e-01
1200000	3.390841089527682e-01	3.467368504525316e-01
%
% index = 3838, name = bbob_f013_i29_d20__bbob_f014_i30_d20
% instance = 14, reference value = 1.000000000000000e+00
% function evaluation | indicator value | target hit
1	6.654957991989563e-01	6.760829753919817e-01
6	6.602758375844745e-01	6.606934480075960e-01
15	6.441428797992792e-01	6.456542290346555e-01
85	6.281388649296999e-01	6.309573444801932e-01
94	6.104316629230220e-01	6.165950018614822e-01
161	6.015642096414793e-01	6.025595860743578e-01
241	5.739366063430209e-01	5.754399373371569e-01
282	5.612941306405629e-01	5.623413251903491e-01
314	5.377279621282161e-01	5.495408738576245e-01
331	5.280329091227873e-01	5.370317963702527e-01
423	5.216151201918302e-01	5.248074602497725e-01
464	5.095631043399673e-01	5.128613839913648e-01
617	4.763375400409811e-01	4.786300923226383e-01
881	4.675753903198355e-01	4.677351412871982e-01
1193	4.534917508745957e-01	4.570881896148750e-01
1333	4.427459173045207e-01	4.466835921509631e-01
1767	4.329937426338242e-01	4.365158322401660e-01
1768	4.237194081250349e-01	4.265795188015927e-01
1849	4.150327653294277e-01	4.168693834703354e-01
1981	3.963226890652036e-01	3.981071705534972e-01
2797	3.817676098979030e-01	3.890451449942806e-01
2968	3.703507618655851e-01	3.715352290971726e-01
3537	3.630734985163816e-01	3.630780547701014e-01
3609	3.513112415224061e-01	3.548133892335755e-01
3776	3.460936318912466e-01	3.467368504525316e-01
5762	3.365866832951337e-01	3.388441561392025e-01
9796	3.304932057041347e-01	3.311311214825911e-01
12614	3.227928047415615e-01	3.235936569296283e-01
19741	3.141471091257504e-01	3.162277660168379e-01
36947	3.089845157909874e-01	3.090295432513591e-01
58817	3.019866733644315e-01	3.019951720402016e-01
72349	2.951195557101524e-01	2.951209226666385e-01
81156	2.880751147925918e-01	2.884031503126606e-01
85744	2.813833868009816e-01	2.818382931264454e-01
97049	2.743796687905719e-01	2.754228703338166e-01
104527	2.683309620706014e-01	2.691534803926916e-01
118923	2.618533310533906e-01	2.630267991895382e-01
121627	2.566358544325641e-01	2.570395782768864e-01
135674	2.506760809942037e-01	2.511886431509580e-01
144780	2.449031187129966e-01	2.454708915685030e-01
154905	2.392897279813356e-01	2.398832919019490e-01
176206	2.344148336726852e-01	2.344228815319922e-01
191254	2.267808565840909e-01	2.290867652767773e-01
199246	2.231843667896803e-01	2.238721138568339e-01
223242	2.187760460871656e-01	2.187761623949552e-01
262583	2.137046526672706e-01	2.137962089502232e-01
321861	2.086092045026395e-01	2.089296130854039e-01
421240	2.041327912464314e-01	2.041737944669530e-01
470318	1.991762685918699e-01	1.995262314968880e-01
572473	1.949823407496926e-01	1.949844599758045e-01
703758	1.891857883129058e-01	1.905460717963247e-01
823414	1.862079437235806e-01	1.862087136662867e-01
1084043	1.818215009179712e-01	1.819700858609984e-01
1200001	1.780580170186196e-01	1.819700858609984e-01
%
% index = 3839, name = bbob_f013_i31_d20__bbob_f014_i34_d20
% instance = 15, reference value = 1.000000000000000e+00
% function evaluation | indicator value | target hit
1	9.448081207400502e-01	9.549925860214360e-01
29	9.268715465110550e-01	9.332543007969910e-01
32	8.725341062894910e-01	8.912509381337456e-01
66	8.527024246107342e-01	8.709635899560807e-01
88	7.943364732831115e-01	8.128305161640993e-01
95	7.925943719436144e-01	7.943282347242815e-01
134	7.659417237457116e-01	7.762471166286917e-01
200	7.578347847411553e-01	7.585775750291838e-01
318	7.398129612740189e-01	7.413102413009175e-01
330	7.242514512147546e-01	7.244359600749900e-01
426	6.735177418007425e-01	6.760829753919817e-01
498	6.565811013741784e-01	6.606934480075960e-01
534	6.447283045761032e-01	6.456542290346555e-01
587	6.187940705189523e-01	6.309573444801932e-01
623	6.165867816925020e-01	6.165950018614822e-01
818	6.025168847979869e-01	6.025595860743578e-01
1001	5.765519162071482e-01	5.888436553555889e-01
1017	5.710937805419567e-01	5.754399373371569e-01
1018	5.595030874634508e-01	5.623413251903491e-01
1382	5.495403542467603e-01	5.495408738576245e-01
1680	5.369336345766971e-01	5.370317963702527e-01
2917	5.247648822618534e-01	5.248074602497725e-01
5013	5.116473160367478e-01	5.128613839913648e-01
6769	5.011694338758398e-01	5.011872336272722e-01
9741	4.895721166222273e-01	4.897788193684462e-01
12071	4.786259829834483e-01	4.786300923226383e-01
18439	4.675084008433857e-01	4.677351412871982e-01
19544	4.528598433424722e-01	4.570881896148750e-01
30979	4.465995348780423e-01	4.466835921509631e-01
39277	4.342579610953494e-01	4.365158322401660e-01
45753	4.246922717453059e-01	4.265795188015927e-01
51343	4.164795912073924e-01	4.168693834703354e-01
58484	4.062265983103137e-01	4.073802778041127e-01
68640	3.943834455383930e-01	3.981071705534972e-01
77944	3.882144131622365e-01	3.890451449942806e-01
89017	3.799245369918438e-01	3.801893963205612e-01
107194	3.682440082519383e-01	3.715352290971726e-01
120272	3.629554721523658e-01	3.630780547701014e-01
139175	3.547093537416280e-01	3.548133892335755e-01
178231	3.466901688816422e-01	3.467368504525316e-01
211148	3.385445784675369e-01	3.388441561392025e-01
255641	3.311003225393305e-01	3.311311214825911e-01
292941	3.227078663737787e-01	3.235936569296283e-01
375844	3.140048223194075e-01	3.162277660168379e-01
428239	3.085277541411913e-01	3.090295432513591e-01
543593	3.007191208868225e-01	3.019951720402016e-01
576815	2.941167872390620e-01	2.951209226666385e-01
623047	2.864034962028230e-01	2.884031503126606e-01
684623	2.806394668763847e-01	2.818382931264454e-01
742130	2.730361862425460e-01	2.754228703338166e-01
807753	2.689572858109042e-01	2.691534803926916e-01
846914	2.584913911945108e-01	2.630267991895382e-01
907802	2.554484264733865e-01	2.570395782768864e-01
967421	2.499436429492290e-01	2.511886431509580e-01
1058923	2.451450795431582e-01	2.454708915685030e-01
1165010	2.397479914635503e-01	2.398832919019490e-01
1200001	2.386962175770261e-01	2.398832919019490e-01
