%
% index = 1335, name = bbob_f013_i02_d03__bbob_f013_i04_d03
% instance = 1, reference value = 5.340556198217660e-01
% function evaluation | indicator value | target hit
1	4.612948226103744e-01	4.677351412871982e-01
10	4.567360257807118e-01	4.570881896148750e-01
35	4.442609671331327e-01	4.466835921509631e-01
44	3.575622506937604e-01	3.630780547701014e-01
48	3.150151403025703e-01	3.162277660168379e-01
90	2.780450063511362e-01	2.818382931264454e-01
115	2.648980341466391e-01	2.691534803926916e-01
120	2.184540445810209e-01	2.187761623949552e-01
247	2.068196034716004e-01	2.089296130854039e-01
260	1.943230178851456e-01	1.949844599758045e-01
328	1.849942799176461e-01	1.862087136662867e-01
365	1.791891063741377e-01	1.819700858609984e-01
367	1.775143350576763e-01	1.778279410038923e-01
395	1.617425787797264e-01	1.621810097358930e-01
402	1.556597590919910e-01	1.584893192461113e-01
435	1.515234915667818e-01	1.548816618912481e-01
442	1.501012624803860e-01	1.513561248436208e-01
458	1.421859278046099e-01	1.445439770745928e-01
463	1.393719910139425e-01	1.412537544622754e-01
477	1.376412801663081e-01	1.380384264602885e-01
492	1.329107974987987e-01	1.348962882591654e-01
494	1.271129524434862e-01	1.288249551693134e-01
499	1.196649861476906e-01	1.202264434617413e-01
563	1.141162171337292e-01	1.148153621496883e-01
576	1.120964078659885e-01	1.122018454301964e-01
577	1.024179835196355e-01	1.047128548050900e-01
581	9.774137298905761e-02	1.000000000000000e-01
603	9.729597956469566e-02	9.772372209558107e-02
608	9.547487902585405e-02	9.549925860214359e-02
615	9.280710801146874e-02	9.332543007969910e-02
616	8.940839353333180e-02	9.120108393559097e-02
620	8.286094913330710e-02	8.317637711026708e-02
640	7.956462256888386e-02	8.128305161640990e-02
652	7.783617982711416e-02	7.943282347242814e-02
656	7.756807364647678e-02	7.762471166286916e-02
663	7.031010372858482e-02	7.079457843841380e-02
678	6.868797779044200e-02	6.918309709189366e-02
682	6.518622936351132e-02	6.606934480075961e-02
684	6.428788323834000e-02	6.456542290346556e-02
697	6.267263839933773e-02	6.309573444801933e-02
701	5.967865324539112e-02	6.025595860743578e-02
717	5.419025650346032e-02	5.495408738576246e-02
720	5.354121064059042e-02	5.370317963702527e-02
737	5.218594560628692e-02	5.248074602497726e-02
741	5.090450962382753e-02	5.128613839913648e-02
746	4.824334497528093e-02	4.897788193684462e-02
754	4.780905563093157e-02	4.786300923226382e-02
763	4.655764254361772e-02	4.677351412871981e-02
769	4.414766400921072e-02	4.466835921509630e-02
775	4.344986757369806e-02	4.365158322401658e-02
785	4.248604672003953e-02	4.265795188015926e-02
794	3.968815266036968e-02	3.981071705534973e-02
943	3.675306703541081e-02	3.715352290971726e-02
961	3.607497864086023e-02	3.630780547701014e-02
982	3.544690028895137e-02	3.548133892335755e-02
993	3.434812362439327e-02	3.467368504525317e-02
1004	3.293949560291698e-02	3.311311214825911e-02
1009	3.227019998746072e-02	3.235936569296283e-02
1024	3.150208949428268e-02	3.162277660168379e-02
1029	3.031800724926870e-02	3.090295432513590e-02
1031	2.943879258087523e-02	2.951209226666385e-02
1059	2.872656616029734e-02	2.884031503126606e-02
1060	2.768558802199772e-02	2.818382931264454e-02
1061	2.742450988542033e-02	2.754228703338166e-02
1070	2.587410456699235e-02	2.630267991895381e-02
1078	2.483537263754887e-02	2.511886431509579e-02
1102	2.309215935858677e-02	2.344228815319923e-02
1103	2.244773269716638e-02	2.290867652767773e-02
1104	2.232408395864294e-02	2.238721138568340e-02
1111	2.187741231210338e-02	2.187761623949553e-02
1177	2.122934996625803e-02	2.137962089502233e-02
1422	2.063443759661943e-02	2.089296130854040e-02
1425	2.038543438618245e-02	2.041737944669529e-02
1430	1.869501955549058e-02	1.905460717963247e-02
1433	1.858329831463368e-02	1.862087136662868e-02
1437	1.817103366134487e-02	1.819700858609984e-02
1452	1.775117037355778e-02	1.778279410038923e-02
1459	1.737746723134381e-02	1.737800828749375e-02
1489	1.692144272953622e-02	1.698243652461744e-02
1497	1.647561878279002e-02	1.659586907437561e-02
1526	1.621028851485551e-02	1.621810097358930e-02
1537	1.538044227769642e-02	1.548816618912481e-02
1550	1.497611889791239e-02	1.513561248436208e-02
1552	1.451472973040602e-02	1.479108388168207e-02
1560	1.442019306049358e-02	1.445439770745927e-02
1564	1.385528028130745e-02	1.412537544622754e-02
1573	1.365277857694880e-02	1.380384264602885e-02
1594	1.340738085713555e-02	1.348962882591653e-02
1606	1.318062785536178e-02	1.318256738556407e-02
2072	1.288235082812950e-02	1.288249551693134e-02
2079	1.258520880681990e-02	1.258925411794167e-02
2113	1.230156723983766e-02	1.230268770812382e-02
2132	1.192685251283909e-02	1.202264434617413e-02
2142	1.169327139624821e-02	1.174897554939530e-02
2169	1.114417831251957e-02	1.122018454301964e-02
2187	1.090971985030764e-02	1.096478196143185e-02
2202	1.061650113858792e-02	1.071519305237606e-02
2219	1.045843922637846e-02	1.047128548050900e-02
2258	1.022310020395178e-02	1.023292992280754e-02
2269	9.995235134972247e-03	1.000000000000000e-02
3009	9.440521850176298e-03	9.549925860214359e-03
3022	9.198015943071791e-03	9.332543007969915e-03
3024	9.030300821900705e-03	9.120108393559097e-03
3045	8.911284492473470e-03	8.912509381337459e-03
3076	8.706064185990514e-03	8.709635899560805e-03
3127	8.508135008971407e-03	8.511380382023767e-03
3245	8.257955120373750e-03	8.317637711026709e-03
4106	8.113199055691300e-03	8.128305161640995e-03
4166	7.920042139740735e-03	7.943282347242814e-03
4206	7.761943541177208e-03	7.762471166286920e-03
4231	7.138680984079881e-03	7.244359600749898e-03
4243	7.077346129067408e-03	7.079457843841380e-03
4263	6.731716331141779e-03	6.760829753919818e-03
4291	6.605893317731648e-03	6.606934480075957e-03
4339	6.456182024967450e-03	6.456542290346556e-03
4340	6.267235834349405e-03	6.309573444801930e-03
4372	6.128734971449279e-03	6.165950018614822e-03
4411	6.025192077486197e-03	6.025595860743574e-03
5993	5.888075687357608e-03	5.888436553555890e-03
6044	5.718218639347294e-03	5.754399373371567e-03
6098	5.621255369762768e-03	5.623413251903491e-03
6200	5.489580235226832e-03	5.495408738576248e-03
6276	5.370317591609775e-03	5.370317963702527e-03
7987	5.239770425815249e-03	5.248074602497728e-03
8572	5.128449949730607e-03	5.128613839913648e-03
8609	4.922414102162209e-03	5.011872336272725e-03
8649	4.897777872321485e-03	4.897788193684461e-03
8698	4.784226059906693e-03	4.786300923226385e-03
8870	4.670566711804769e-03	4.677351412871981e-03
12015	4.424032860511518e-03	4.466835921509630e-03
12104	4.364662542128639e-03	4.365158322401661e-03
12179	4.208641719328221e-03	4.265795188015926e-03
12265	4.165706240661926e-03	4.168693834703355e-03
12469	4.071298124082579e-03	4.073802778041126e-03
12679	3.981036178221764e-03	3.981071705534973e-03
17029	3.882930861737632e-03	3.890451449942805e-03
17187	3.796914428462195e-03	3.801893963205613e-03
17477	3.714843718813365e-03	3.715352290971724e-03
17871	3.627361908010940e-03	3.630780547701014e-03
23692	3.544939828566296e-03	3.548133892335753e-03
24051	3.415159748143104e-03	3.467368504525317e-03
24255	3.387986220330652e-03	3.388441561392024e-03
24378	3.226187122651436e-03	3.235936569296281e-03
32317	3.158835757555711e-03	3.162277660168379e-03
32546	2.854491818002125e-03	2.884031503126605e-03
32735	2.808227603527946e-03	2.818382931264455e-03
33197	2.747739301726004e-03	2.754228703338166e-03
34038	2.587675884880958e-03	2.630267991895381e-03
34039	2.498303196696416e-03	2.511886431509579e-03
34319	2.453320918311630e-03	2.454708915685031e-03
35083	2.398828426660504e-03	2.398832919019490e-03
35299	2.344107858027744e-03	2.344228815319923e-03
35634	2.288992990858052e-03	2.290867652767772e-03
36122	2.235467730506202e-03	2.238721138568340e-03
36312	2.172647651117243e-03	2.187761623949552e-03
36569	2.135293694420559e-03	2.137962089502233e-03
36737	2.078583035616366e-03	2.089296130854039e-03
37570	2.024789818992567e-03	2.041737944669530e-03
38306	1.963821286749323e-03	1.995262314968879e-03
38846	1.935521191827161e-03	1.949844599758046e-03
39029	1.831287920234015e-03	1.862087136662868e-03
39390	1.818213225533438e-03	1.819700858609983e-03
39842	1.774732124878886e-03	1.778279410038923e-03
42094	1.713010623784483e-03	1.737800828749376e-03
42701	1.688417677464304e-03	1.698243652461744e-03
44468	1.659015240990658e-03	1.659586907437561e-03
45129	1.606555426467704e-03	1.621810097358930e-03
46837	1.584798041303737e-03	1.584893192461114e-03
47390	1.546018580648512e-03	1.548816618912481e-03
48366	1.484352265643141e-03	1.513561248436209e-03
48590	1.473674508646550e-03	1.479108388168207e-03
49390	1.410824565249658e-03	1.412537544622754e-03
51206	1.367566616275684e-03	1.380384264602885e-03
53309	1.344051353732389e-03	1.348962882591653e-03
54829	1.316733495678513e-03	1.318256738556408e-03
56620	1.288194416514288e-03	1.288249551693134e-03
61580	1.258921132302526e-03	1.258925411794167e-03
62706	1.208485204384657e-03	1.230268770812381e-03
63308	1.201306311015116e-03	1.202264434617413e-03
69270	1.174776221486429e-03	1.174897554939529e-03
72560	1.137658837829236e-03	1.148153621496883e-03
76364	1.116968927021622e-03	1.122018454301963e-03
76981	1.096464552332588e-03	1.096478196143185e-03
78152	1.071519198739934e-03	1.071519305237606e-03
84652	1.047124445353043e-03	1.047128548050900e-03
92198	1.021185541320135e-03	1.023292992280754e-03
110140	9.999847433688203e-04	1.000000000000000e-03
130010	9.772371662600809e-04	9.772372209558111e-04
163666	9.547351711870489e-04	9.549925860214359e-04
180000	9.486454292363389e-04	9.549925860214359e-04
%
% index = 1336, name = bbob_f013_i03_d03__bbob_f013_i05_d03
% instance = 2, reference value = 7.887154551273970e-01
% function evaluation | indicator value | target hit
1	6.248921741349310e-01	6.309573444801932e-01
5	5.815541734757712e-01	5.888436553555889e-01
27	4.754272448991277e-01	4.786300923226383e-01
37	4.041973745471150e-01	4.073802778041127e-01
38	3.968556723092022e-01	3.981071705534972e-01
39	3.152804163814831e-01	3.162277660168379e-01
41	3.002522090544955e-01	3.019951720402016e-01
55	2.805307720665855e-01	2.818382931264454e-01
61	2.657459039017179e-01	2.691534803926916e-01
73	2.537004786513878e-01	2.570395782768864e-01
79	2.487599824863567e-01	2.511886431509580e-01
83	2.289960199436353e-01	2.290867652767773e-01
111	2.218256386149763e-01	2.238721138568339e-01
139	2.076940360750665e-01	2.089296130854039e-01
170	1.997026025693742e-01	2.041737944669530e-01
173	1.982962674959083e-01	1.995262314968880e-01
211	1.869189285171250e-01	1.905460717963247e-01
222	1.844467236392765e-01	1.862087136662867e-01
226	1.743501082403761e-01	1.778279410038923e-01
235	1.710331622216411e-01	1.737800828749375e-01
236	1.671822233952361e-01	1.698243652461744e-01
256	1.074361268206411e-01	1.096478196143185e-01
257	1.032799221973097e-01	1.047128548050900e-01
262	9.981507997025008e-02	1.000000000000000e-01
290	9.726398707805928e-02	9.772372209558107e-02
317	9.466679681527757e-02	9.549925860214359e-02
347	9.315623212181856e-02	9.332543007969910e-02
368	8.925550749820899e-02	9.120108393559097e-02
405	8.890368700072082e-02	8.912509381337455e-02
424	8.522499986942156e-02	8.709635899560805e-02
438	8.441068473539903e-02	8.511380382023763e-02
460	8.261278663455529e-02	8.317637711026708e-02
471	7.955515238094024e-02	8.128305161640990e-02
474	7.726664917779413e-02	7.762471166286916e-02
478	7.111344196886094e-02	7.244359600749903e-02
492	6.952120563348951e-02	7.079457843841380e-02
495	6.673025832908852e-02	6.760829753919818e-02
510	6.605014762630046e-02	6.606934480075961e-02
521	6.330534837947577e-02	6.456542290346556e-02
559	6.273758243851923e-02	6.309573444801933e-02
595	6.032145628651986e-02	6.165950018614822e-02
598	6.020277832322740e-02	6.025595860743578e-02
760	5.596859460679182e-02	5.623413251903491e-02
808	5.466229195794825e-02	5.495408738576246e-02
820	5.324425078584050e-02	5.370317963702527e-02
853	5.051163087142618e-02	5.128613839913648e-02
898	4.991843952561092e-02	5.011872336272722e-02
1199	4.878189909913100e-02	4.897788193684462e-02
1242	4.761177191519217e-02	4.786300923226382e-02
1336	4.660710021300940e-02	4.677351412871981e-02
1350	4.426778332935688e-02	4.466835921509630e-02
1758	4.207541068137510e-02	4.265795188015926e-02
1764	4.152159225875796e-02	4.168693834703355e-02
1804	4.069701354785515e-02	4.073802778041128e-02
1834	3.937945989428882e-02	3.981071705534973e-02
1956	3.883685736423770e-02	3.890451449942807e-02
2583	3.759243597415962e-02	3.801893963205612e-02
2692	3.712768711665604e-02	3.715352290971726e-02
2891	3.629285792185877e-02	3.630780547701014e-02
4143	3.538059855769593e-02	3.548133892335755e-02
5603	3.465823218629127e-02	3.467368504525317e-02
6053	3.348846224690405e-02	3.388441561392026e-02
8258	3.311275665649693e-02	3.311311214825911e-02
8439	2.527798920373248e-02	2.570395782768863e-02
11143	2.510125078445602e-02	2.511886431509579e-02
11165	2.380882193240608e-02	2.398832919019490e-02
11669	2.293099725837922e-02	2.344228815319923e-02
11844	2.283358039854233e-02	2.290867652767773e-02
21309	2.238545694521021e-02	2.238721138568340e-02
22149	1.975604486012228e-02	1.995262314968880e-02
29391	1.904573356758432e-02	1.905460717963247e-02
30820	1.760409766589643e-02	1.778279410038923e-02
31668	1.737799867446554e-02	1.737800828749375e-02
33922	1.696318867499080e-02	1.698243652461744e-02
34573	1.515623703478586e-02	1.548816618912481e-02
34684	1.511545439971040e-02	1.513561248436208e-02
34808	1.468098166861154e-02	1.479108388168207e-02
36625	1.385387936253057e-02	1.412537544622754e-02
37044	1.380253186729841e-02	1.380384264602885e-02
43126	1.342961694812250e-02	1.348962882591653e-02
53045	1.317897195050421e-02	1.318256738556407e-02
67395	1.286449180435034e-02	1.288249551693134e-02
79466	1.256512570933299e-02	1.258925411794167e-02
180001	1.241303893376167e-02	1.258925411794167e-02
%
% index = 1337, name = bbob_f013_i07_d03__bbob_f013_i08_d03
% instance = 3, reference value = 5.739822548612969e-01
% function evaluation | indicator value | target hit
1	4.429666769461435e-01	4.466835921509631e-01
11	3.438433909304096e-01	3.467368504525316e-01
35	3.284701877919476e-01	3.311311214825911e-01
40	3.032622350305991e-01	3.090295432513591e-01
45	2.928863068152462e-01	2.951209226666385e-01
66	2.824295790845610e-01	2.884031503126606e-01
107	2.799290742702601e-01	2.818382931264454e-01
117	2.750062090101055e-01	2.754228703338166e-01
131	2.365644749657653e-01	2.398832919019490e-01
139	2.293084725010360e-01	2.344228815319922e-01
158	2.265375451989695e-01	2.290867652767773e-01
167	1.830658885592359e-01	1.862087136662867e-01
172	1.659277994708079e-01	1.659586907437560e-01
186	1.561149257495733e-01	1.584893192461113e-01
194	1.510852295868020e-01	1.513561248436208e-01
205	1.401493798112311e-01	1.412537544622754e-01
217	1.315964335486165e-01	1.318256738556407e-01
219	1.218073120829978e-01	1.230268770812381e-01
249	1.114709203235807e-01	1.122018454301964e-01
251	1.092066215420124e-01	1.096478196143185e-01
271	1.068371818653198e-01	1.071519305237607e-01
279	9.814214068819016e-02	1.000000000000000e-01
304	9.617626381954447e-02	9.772372209558107e-02
317	9.373361250980344e-02	9.549925860214359e-02
334	9.237458702612372e-02	9.332543007969910e-02
339	9.037811272354013e-02	9.120108393559097e-02
354	8.885363872858665e-02	8.912509381337455e-02
358	8.028707855476358e-02	8.128305161640990e-02
365	7.929116713491596e-02	7.943282347242814e-02
371	7.478867687922097e-02	7.585775750291836e-02
378	7.041288715320282e-02	7.079457843841380e-02
379	6.888980907164721e-02	6.918309709189366e-02
388	6.753586659698108e-02	6.760829753919818e-02
401	6.532875250006320e-02	6.606934480075961e-02
407	6.374746331904579e-02	6.456542290346556e-02
432	6.262010740596535e-02	6.309573444801933e-02
438	5.897643689141996e-02	6.025595860743578e-02
441	5.882900024980720e-02	5.888436553555890e-02
454	5.701744754727767e-02	5.754399373371569e-02
459	5.519317597870876e-02	5.623413251903491e-02
465	5.485464013530506e-02	5.495408738576246e-02
469	5.365738475708881e-02	5.370317963702527e-02
481	5.245919239226693e-02	5.248074602497726e-02
511	5.101120694854466e-02	5.128613839913648e-02
521	4.987225413898588e-02	5.011872336272722e-02
543	4.893886511855572e-02	4.897788193684462e-02
572	4.785281031842314e-02	4.786300923226382e-02
587	4.574558825820341e-02	4.677351412871981e-02
588	4.508442057501738e-02	4.570881896148749e-02
591	4.267957536242784e-02	4.365158322401658e-02
592	4.235826299340151e-02	4.265795188015926e-02
772	4.162618710441246e-02	4.168693834703355e-02
791	3.924148516671722e-02	3.981071705534973e-02
802	3.818116047463893e-02	3.890451449942807e-02
818	3.709251829901206e-02	3.715352290971726e-02
839	3.629827258043816e-02	3.630780547701014e-02
853	3.537648204181709e-02	3.548133892335755e-02
865	3.462579461358506e-02	3.467368504525317e-02
913	3.382234043350052e-02	3.388441561392026e-02
934	3.299767869220915e-02	3.311311214825911e-02
958	3.234982251590246e-02	3.235936569296283e-02
1077	3.149581563516946e-02	3.162277660168379e-02
1251	2.495212087861454e-02	2.511886431509579e-02
1258	2.451883819204237e-02	2.454708915685030e-02
1280	2.233413643782822e-02	2.238721138568340e-02
1286	2.180168729816589e-02	2.187761623949553e-02
1305	2.137907103050130e-02	2.137962089502233e-02
1326	2.083840566404926e-02	2.089296130854040e-02
1343	2.037757970280296e-02	2.041737944669529e-02
1358	1.988571324165711e-02	1.995262314968880e-02
1374	1.817908900049769e-02	1.819700858609984e-02
1392	1.750399355743182e-02	1.778279410038923e-02
1397	1.734849021423246e-02	1.737800828749375e-02
1421	1.697489882728342e-02	1.698243652461744e-02
1886	1.658419176800563e-02	1.659586907437561e-02
1913	1.607887625293469e-02	1.621810097358930e-02
1942	1.581007150771574e-02	1.584893192461113e-02
2005	1.506943023076113e-02	1.513561248436208e-02
2039	1.475378741596389e-02	1.479108388168207e-02
2729	1.444382171167735e-02	1.445439770745927e-02
2785	1.399395814245685e-02	1.412537544622754e-02
2826	1.379638428314567e-02	1.380384264602885e-02
2896	1.348248043489542e-02	1.348962882591653e-02
2897	1.285624529909490e-02	1.288249551693134e-02
2983	1.151763717478749e-02	1.174897554939530e-02
3013	1.146932288672742e-02	1.148153621496883e-02
3056	1.072822246665028e-02	1.096478196143185e-02
3059	1.070813980087038e-02	1.071519305237606e-02
3061	1.018504288967503e-02	1.023292992280754e-02
3117	9.951199526448851e-03	1.000000000000000e-02
4314	9.411532791337773e-03	9.549925860214359e-03
4333	9.282149351928948e-03	9.332543007969915e-03
4410	9.116029753335031e-03	9.120108393559097e-03
4494	8.869353332176422e-03	8.912509381337459e-03
4637	7.486920306504330e-03	7.585775750291836e-03
6341	7.410830576302874e-03	7.413102413009177e-03
6371	7.240198970591361e-03	7.244359600749898e-03
6441	7.031227944005680e-03	7.079457843841380e-03
6457	6.847497410146453e-03	6.918309709189363e-03
6623	6.760077553082944e-03	6.760829753919818e-03
6652	6.261106898510338e-03	6.309573444801930e-03
6670	6.024440802971154e-03	6.025595860743574e-03
6795	5.831959871692161e-03	5.888436553555890e-03
6811	5.716817105919425e-03	5.754399373371567e-03
8773	5.620631970934209e-03	5.623413251903491e-03
9542	5.495014488921424e-03	5.495408738576248e-03
9670	5.215081280592226e-03	5.248074602497728e-03
9772	5.121017429396524e-03	5.128613839913648e-03
9865	4.974060056465390e-03	5.011872336272725e-03
9986	4.480002901777191e-03	4.570881896148752e-03
13377	4.460684117211455e-03	4.466835921509630e-03
13592	4.359506743798702e-03	4.365158322401661e-03
13874	4.259701324562548e-03	4.265795188015926e-03
18674	4.168042708484143e-03	4.168693834703355e-03
18738	3.980552674212823e-03	3.981071705534973e-03
19131	3.890304832127378e-03	3.890451449942805e-03
19311	3.743604552688518e-03	3.801893963205613e-03
19525	3.714208754676984e-03	3.715352290971724e-03
19811	3.592973966291435e-03	3.630780547701014e-03
26346	3.548127713049021e-03	3.548133892335753e-03
26682	3.467223713814582e-03	3.467368504525317e-03
26842	3.325671743522607e-03	3.388441561392024e-03
26996	3.311310158495950e-03	3.311311214825911e-03
27535	3.235790904443703e-03	3.235936569296281e-03
28117	3.161795199988826e-03	3.162277660168379e-03
29317	3.088111640546454e-03	3.090295432513592e-03
29599	3.007718884081356e-03	3.019951720402016e-03
30296	2.947518529416437e-03	2.951209226666387e-03
32361	2.880878878160575e-03	2.884031503126605e-03
34363	2.817895993705966e-03	2.818382931264455e-03
34820	2.708705355214724e-03	2.754228703338166e-03
35031	2.683189888153747e-03	2.691534803926917e-03
35450	2.630211216944733e-03	2.630267991895381e-03
36707	2.568566539943529e-03	2.570395782768865e-03
38898	2.511097274341401e-03	2.511886431509579e-03
39304	2.378900976806264e-03	2.398832919019490e-03
40348	2.325124086059893e-03	2.344228815319923e-03
42964	2.290263223372779e-03	2.290867652767772e-03
47235	2.235769668073373e-03	2.238721138568340e-03
50871	2.187484423847863e-03	2.187761623949552e-03
52739	2.134708462982027e-03	2.137962089502233e-03
59301	2.089132492642531e-03	2.089296130854039e-03
67233	2.039315905127514e-03	2.041737944669530e-03
68640	1.774404421091003e-03	1.778279410038923e-03
73089	1.731672761907443e-03	1.737800828749376e-03
87553	1.696440787279929e-03	1.698243652461744e-03
112806	1.656242611489223e-03	1.659586907437561e-03
158771	1.620417858641199e-03	1.621810097358930e-03
180000	1.614124249295301e-03	1.621810097358930e-03
%
% index = 1338, name = bbob_f013_i09_d03__bbob_f013_i10_d03
% instance = 4, reference value = 9.454700329513021e-01
% function evaluation | indicator value | target hit
1	8.735970223141285e-01	8.912509381337456e-01
11	3.316871588134962e-01	3.388441561392025e-01
26	2.738958980686513e-01	2.754228703338166e-01
179	2.538302220735463e-01	2.570395782768864e-01
237	2.501904793951161e-01	2.511886431509580e-01
238	2.409449980098961e-01	2.454708915685030e-01
241	1.967658022729487e-01	1.995262314968880e-01
272	1.908740389988424e-01	1.949844599758045e-01
294	1.557029370766879e-01	1.584893192461113e-01
332	1.493857146109449e-01	1.513561248436208e-01
398	1.453884596019399e-01	1.479108388168208e-01
436	1.361757145162498e-01	1.380384264602885e-01
456	1.344101091017430e-01	1.348962882591654e-01
477	1.251556307964039e-01	1.258925411794167e-01
492	1.180710699077605e-01	1.202264434617413e-01
501	1.144390769881193e-01	1.148153621496883e-01
502	1.075041366395684e-01	1.096478196143185e-01
518	1.069578484349639e-01	1.071519305237607e-01
589	8.662177603588717e-02	8.709635899560805e-02
601	7.850473489029763e-02	7.943282347242814e-02
610	7.702998643278092e-02	7.762471166286916e-02
634	7.316600700436460e-02	7.413102413009177e-02
642	7.238801760627356e-02	7.244359600749903e-02
645	7.072129434653018e-02	7.079457843841380e-02
665	6.892809931336918e-02	6.918309709189366e-02
686	6.726075302184553e-02	6.760829753919818e-02
705	6.572206560040028e-02	6.606934480075961e-02
727	6.454502813645280e-02	6.456542290346556e-02
781	6.216148200804616e-02	6.309573444801933e-02
794	6.064329528692236e-02	6.165950018614822e-02
800	6.012639251697915e-02	6.025595860743578e-02
819	5.699224393592306e-02	5.754399373371569e-02
823	5.608525561284206e-02	5.623413251903491e-02
835	5.474746440639489e-02	5.495408738576246e-02
837	5.222433049116681e-02	5.248074602497726e-02
868	5.020605321645899e-02	5.128613839913648e-02
884	5.009501706364528e-02	5.011872336272722e-02
892	4.872834732271891e-02	4.897788193684462e-02
938	4.697048336499987e-02	4.786300923226382e-02
964	4.623271019674258e-02	4.677351412871981e-02
989	4.565483653850821e-02	4.570881896148749e-02
1219	4.446269638627354e-02	4.466835921509630e-02
1220	4.267406755083791e-02	4.365158322401658e-02
1227	4.262138208708666e-02	4.265795188015926e-02
1317	4.153957483727921e-02	4.168693834703355e-02
1552	3.743145718421859e-02	3.801893963205612e-02
1580	3.468686650278363e-02	3.548133892335755e-02
1584	3.465327343453062e-02	3.467368504525317e-02
1588	2.880637230050354e-02	2.884031503126606e-02
1690	2.808062030050285e-02	2.818382931264454e-02
1722	2.699643071143432e-02	2.754228703338166e-02
1724	2.689359357477261e-02	2.691534803926915e-02
1744	2.622203005316426e-02	2.630267991895381e-02
1789	2.555875302889687e-02	2.570395782768863e-02
1876	2.467622970978767e-02	2.511886431509579e-02
1889	2.449152750005512e-02	2.454708915685030e-02
1932	2.397048264259527e-02	2.398832919019490e-02
1973	2.174834399422387e-02	2.187761623949553e-02
1990	2.059753515930296e-02	2.089296130854040e-02
2005	2.037568443856708e-02	2.041737944669529e-02
2435	1.991973827612126e-02	1.995262314968880e-02
2536	1.857603198811353e-02	1.862087136662868e-02
2542	1.734380351718412e-02	1.737800828749375e-02
2614	1.697158420784217e-02	1.698243652461744e-02
2662	1.658708942069165e-02	1.659586907437561e-02
2676	1.611953992843795e-02	1.621810097358930e-02
2779	1.584404358369040e-02	1.584893192461113e-02
3266	1.452066816466602e-02	1.479108388168207e-02
3301	1.445428869537235e-02	1.445439770745927e-02
3404	1.412364069463545e-02	1.412537544622754e-02
3667	1.379700722311739e-02	1.380384264602885e-02
3806	1.348953339792869e-02	1.348962882591653e-02
4611	1.305236232395335e-02	1.318256738556407e-02
4653	1.286147580141317e-02	1.288249551693134e-02
4876	1.258796482283353e-02	1.258925411794167e-02
5959	1.222848057024084e-02	1.230268770812382e-02
6222	1.201431528515451e-02	1.202264434617413e-02
6744	1.156110775946650e-02	1.174897554939530e-02
6859	1.138541984405250e-02	1.148153621496883e-02
8263	1.086333757680091e-02	1.096478196143185e-02
8297	1.061515523004575e-02	1.071519305237606e-02
8506	1.044038755586341e-02	1.047128548050900e-02
8865	1.022766595706714e-02	1.023292992280754e-02
11058	9.929468551293286e-03	1.000000000000000e-02
14142	9.772138713607381e-03	9.772372209558112e-03
15093	9.479015528715440e-03	9.549925860214359e-03
18999	9.322417471008704e-03	9.332543007969915e-03
26221	9.085819558256381e-03	9.120108393559097e-03
43208	8.908715152164959e-03	8.912509381337459e-03
44801	8.705894838194062e-03	8.709635899560805e-03
49476	8.326288675703397e-03	8.511380382023767e-03
49840	8.317398243658625e-03	8.317637711026709e-03
54664	8.125845821789213e-03	8.128305161640995e-03
73839	7.943280603404879e-03	7.943282347242814e-03
148956	7.755740664083244e-03	7.762471166286920e-03
180001	7.701958285911914e-03	7.762471166286920e-03
%
% index = 1339, name = bbob_f013_i11_d03__bbob_f013_i12_d03
% instance = 5, reference value = 7.733816785330651e-01
% function evaluation | indicator value | target hit
1	5.028446225064394e-01	5.128613839913648e-01
2	3.118778274872234e-01	3.162277660168379e-01
5	2.902163772108184e-01	2.951209226666385e-01
7	2.879078402603015e-01	2.884031503126606e-01
32	2.704774899431620e-01	2.754228703338166e-01
41	2.439408583963510e-01	2.454708915685030e-01
45	2.141296378636940e-01	2.187761623949552e-01
51	2.137602322871383e-01	2.137962089502232e-01
80	2.080201773076311e-01	2.089296130854039e-01
101	1.972436280732440e-01	1.995262314968880e-01
102	1.863118249313229e-01	1.905460717963247e-01
108	1.851399827433027e-01	1.862087136662867e-01
126	1.809038268113088e-01	1.819700858609984e-01
153	1.749688593891998e-01	1.778279410038923e-01
173	1.678609305657588e-01	1.698243652461744e-01
231	1.648997030114514e-01	1.659586907437560e-01
234	1.453082297517631e-01	1.479108388168208e-01
263	1.426836999607874e-01	1.445439770745928e-01
269	1.361818868463431e-01	1.380384264602885e-01
286	1.311195083581771e-01	1.318256738556407e-01
308	1.287343961132683e-01	1.288249551693134e-01
319	1.231746454574959e-01	1.258925411794167e-01
321	1.229413389994529e-01	1.230268770812381e-01
532	1.100368095512648e-01	1.122018454301964e-01
542	1.093331243343963e-01	1.096478196143185e-01
591	1.066348492476590e-01	1.071519305237607e-01
596	1.040210083260605e-01	1.047128548050900e-01
611	1.023067760673353e-01	1.023292992280754e-01
617	9.951429512343257e-02	1.000000000000000e-01
620	9.632114538938064e-02	9.772372209558107e-02
672	9.281133537691155e-02	9.332543007969910e-02
915	9.108812282811629e-02	9.120108393559097e-02
1030	8.850196636482455e-02	8.912509381337455e-02
1379	8.652035583789563e-02	8.709635899560805e-02
1934	8.511214781703058e-02	8.511380382023763e-02
1962	8.233148226537856e-02	8.317637711026708e-02
2165	8.107668253608591e-02	8.128305161640990e-02
2215	7.799364315524449e-02	7.943282347242814e-02
2965	7.445336549327752e-02	7.585775750291836e-02
3077	7.145295228987880e-02	7.244359600749903e-02
4122	4.179930153507438e-02	4.265795188015926e-02
4226	4.147101010879928e-02	4.168693834703355e-02
4377	4.071634091360554e-02	4.073802778041128e-02
4392	3.880016768332661e-02	3.890451449942807e-02
5782	3.777538442723727e-02	3.801893963205612e-02
8023	3.690065071447679e-02	3.715352290971726e-02
8103	3.597923188559449e-02	3.630780547701014e-02
8323	3.422025520826444e-02	3.467368504525317e-02
11266	3.386844413493884e-02	3.388441561392026e-02
11672	3.002540084118632e-02	3.019951720402016e-02
21238	2.949090407197463e-02	2.951209226666385e-02
22190	2.883346424506639e-02	2.884031503126606e-02
30222	2.763159406834303e-02	2.818382931264454e-02
31346	2.751304216901584e-02	2.754228703338166e-02
37714	2.686987092746917e-02	2.691534803926915e-02
64656	2.629419789792553e-02	2.630267991895381e-02
76081	2.531199659412897e-02	2.570395782768863e-02
107903	2.466053581897931e-02	2.511886431509579e-02
115111	2.438205956294459e-02	2.454708915685030e-02
180001	2.426808148951554e-02	2.454708915685030e-02
%
% index = 1340, name = bbob_f013_i13_d03__bbob_f013_i14_d03
% instance = 6, reference value = 8.355159172496039e-01
% function evaluation | indicator value | target hit
1	7.124894967005919e-01	7.244359600749900e-01
5	6.698111385938648e-01	6.760829753919817e-01
6	6.556332936795704e-01	6.606934480075960e-01
19	4.537650305886363e-01	4.570881896148750e-01
20	4.330768314083406e-01	4.365158322401660e-01
47	4.004235556757882e-01	4.073802778041127e-01
48	3.176611626552147e-01	3.235936569296283e-01
49	3.130815255155720e-01	3.162277660168379e-01
101	2.555058296345557e-01	2.570395782768864e-01
104	2.468769623529374e-01	2.511886431509580e-01
127	2.388457453477008e-01	2.398832919019490e-01
131	2.226038332457524e-01	2.238721138568339e-01
155	1.972314910777914e-01	1.995262314968880e-01
172	1.923554592671400e-01	1.949844599758045e-01
217	1.863898104532913e-01	1.905460717963247e-01
228	1.861086871297581e-01	1.862087136662867e-01
248	1.810405700803852e-01	1.819700858609984e-01
249	1.645763090511870e-01	1.659586907437560e-01
286	1.550387392271453e-01	1.584893192461113e-01
299	1.540581464975623e-01	1.548816618912481e-01
323	1.511479134521930e-01	1.513561248436208e-01
357	1.347316295837581e-01	1.348962882591654e-01
440	1.314328154055747e-01	1.318256738556407e-01
492	1.235812618518122e-01	1.258925411794167e-01
493	1.228591328353961e-01	1.230268770812381e-01
563	1.166500101846790e-01	1.174897554939529e-01
756	1.093151127187596e-01	1.096478196143185e-01
773	1.063173227503986e-01	1.071519305237607e-01
1200	1.046208684245177e-01	1.047128548050900e-01
1733	1.019629750267850e-01	1.023292992280754e-01
2017	9.961954269503470e-02	1.000000000000000e-01
2897	9.771165466060749e-02	9.772372209558107e-02
2958	9.241624773750334e-02	9.332543007969910e-02
3844	9.119934859693646e-02	9.120108393559097e-02
4085	8.050162855091325e-02	8.128305161640990e-02
5670	7.889700645071995e-02	7.943282347242814e-02
5690	7.565726575600762e-02	7.585775750291836e-02
5732	7.154468842351647e-02	7.244359600749903e-02
5880	7.078018872325831e-02	7.079457843841380e-02
8313	6.892565487393154e-02	6.918309709189366e-02
10606	6.381730049161594e-02	6.456542290346556e-02
10728	5.682323373169806e-02	5.754399373371569e-02
10888	5.515719375858630e-02	5.623413251903491e-02
11233	5.491654049102213e-02	5.495408738576246e-02
11514	5.256765760510629e-02	5.370317963702527e-02
11592	5.244642534317701e-02	5.248074602497726e-02
11819	4.720931213855395e-02	4.786300923226382e-02
13535	4.662133550587955e-02	4.677351412871981e-02
15024	4.395915318316701e-02	4.466835921509630e-02
15596	4.365151288930236e-02	4.365158322401658e-02
15919	4.243074532017055e-02	4.265795188015926e-02
19230	4.098346510955164e-02	4.168693834703355e-02
20377	4.073456309943990e-02	4.073802778041128e-02
22144	3.976449102684232e-02	3.981071705534973e-02
27350	3.884388222749258e-02	3.890451449942807e-02
28196	3.714647857603637e-02	3.715352290971726e-02
37048	3.606961622758742e-02	3.630780547701014e-02
37890	3.547806777387530e-02	3.548133892335755e-02
40529	3.466922884671753e-02	3.467368504525317e-02
44035	3.387058981513480e-02	3.388441561392026e-02
47952	3.307690466523527e-02	3.311311214825911e-02
53288	3.233451441042878e-02	3.235936569296283e-02
63525	3.157650523265454e-02	3.162277660168379e-02
71639	3.089524140103916e-02	3.090295432513590e-02
93115	3.019879932489955e-02	3.019951720402016e-02
123072	2.914847491674932e-02	2.951209226666385e-02
180001	2.888799363690053e-02	2.951209226666385e-02
%
% index = 1341, name = bbob_f013_i15_d03__bbob_f013_i16_d03
% instance = 7, reference value = 5.828526997731400e-01
% function evaluation | indicator value | target hit
1	9.993676638721400e-01	1.000000000000000e+00
13	5.054842117910249e-01	5.128613839913648e-01
16	4.910046317606113e-01	5.011872336272722e-01
29	4.897566996161050e-01	4.897788193684462e-01
58	2.678751006200655e-01	2.691534803926916e-01
203	2.508928238420020e-01	2.511886431509580e-01
244	2.380350904118274e-01	2.398832919019490e-01
291	2.343478434019654e-01	2.344228815319922e-01
297	2.012219802681102e-01	2.041737944669530e-01
302	1.980574912059756e-01	1.995262314968880e-01
316	1.660813251011736e-01	1.698243652461744e-01
322	1.658283240534477e-01	1.659586907437560e-01
351	1.558606784564494e-01	1.584893192461113e-01
360	1.467022710664874e-01	1.479108388168208e-01
425	1.346513925765433e-01	1.348962882591654e-01
439	1.006587314064444e-01	1.023292992280754e-01
471	9.478992588727919e-02	9.549925860214359e-02
472	9.255466716224287e-02	9.332543007969910e-02
476	8.918262869892124e-02	9.120108393559097e-02
477	8.779547606063143e-02	8.912509381337455e-02
485	8.686642118227716e-02	8.709635899560805e-02
526	7.849611107584376e-02	7.943282347242814e-02
534	7.567554740631932e-02	7.585775750291836e-02
542	7.405537907753057e-02	7.413102413009177e-02
558	6.992156641542746e-02	7.079457843841380e-02
600	6.901732302729091e-02	6.918309709189366e-02
775	6.351282594694085e-02	6.456542290346556e-02
794	6.254155158052166e-02	6.309573444801933e-02
817	6.152120919796089e-02	6.165950018614822e-02
832	6.008704518003882e-02	6.025595860743578e-02
833	5.871660549469804e-02	5.888436553555890e-02
844	5.748219896491291e-02	5.754399373371569e-02
856	5.606244532387061e-02	5.623413251903491e-02
928	5.481813797777968e-02	5.495408738576246e-02
1158	4.939496281359135e-02	5.011872336272722e-02
1173	4.897733042837482e-02	4.897788193684462e-02
1203	4.432242287910337e-02	4.466835921509630e-02
1209	4.356976305280391e-02	4.365158322401658e-02
1252	4.252646073677069e-02	4.265795188015926e-02
1313	4.164087392042770e-02	4.168693834703355e-02
1329	4.059663459379081e-02	4.073802778041128e-02
1613	3.898883815083454e-02	3.981071705534973e-02
1687	3.854450891271821e-02	3.890451449942807e-02
1696	3.744283880025012e-02	3.801893963205612e-02
1697	3.655287593519929e-02	3.715352290971726e-02
1723	3.620370163282338e-02	3.630780547701014e-02
1755	3.548067094202312e-02	3.548133892335755e-02
1851	3.386891908074519e-02	3.388441561392026e-02
2418	3.095212271006720e-02	3.162277660168379e-02
2419	3.060121546524341e-02	3.090295432513590e-02
2466	3.018571110157786e-02	3.019951720402016e-02
2587	2.937139556962998e-02	2.951209226666385e-02
2594	2.832522895852119e-02	2.884031503126606e-02
2628	2.818305357795947e-02	2.818382931264454e-02
2669	2.607087110615636e-02	2.630267991895381e-02
2702	2.496710528229995e-02	2.511886431509579e-02
2720	2.441413559374306e-02	2.454708915685030e-02
3471	2.370756860409984e-02	2.398832919019490e-02
3477	2.338274389789741e-02	2.344228815319923e-02
3533	2.280893340211620e-02	2.290867652767773e-02
3539	2.169098116106027e-02	2.187761623949553e-02
3557	2.123859650525084e-02	2.137962089502233e-02
3601	2.089035462320443e-02	2.089296130854040e-02
3708	1.967323184284564e-02	1.995262314968880e-02
3724	1.946295406310006e-02	1.949844599758046e-02
3768	1.905239062821118e-02	1.905460717963247e-02
3775	1.815985563532174e-02	1.819700858609984e-02
4969	1.705857223002583e-02	1.737800828749375e-02
5065	1.696607760601476e-02	1.698243652461744e-02
5224	1.659333788596107e-02	1.659586907437561e-02
5297	1.598781373174307e-02	1.621810097358930e-02
5377	1.581824591226533e-02	1.584893192461113e-02
5383	1.410685256188016e-02	1.412537544622754e-02
5385	1.097493870917932e-02	1.122018454301964e-02
5401	1.096095725320412e-02	1.096478196143185e-02
7179	1.071468466134706e-02	1.071519305237606e-02
7232	1.009520532324215e-02	1.023292992280754e-02
7269	9.956929887988464e-03	1.000000000000000e-02
7340	9.771374429379032e-03	9.772372209558112e-03
7492	9.428994232790422e-03	9.549925860214359e-03
7527	9.316137525127388e-03	9.332543007969915e-03
7639	8.920513499560800e-03	9.120108393559097e-03
7662	8.912035764165549e-03	8.912509381337459e-03
10186	8.708925917777055e-03	8.709635899560805e-03
10360	8.406880938201966e-03	8.511380382023767e-03
10407	8.263340502268179e-03	8.317637711026709e-03
10473	7.902252121769426e-03	7.943282347242814e-03
10558	7.687447106612622e-03	7.762471166286920e-03
10576	7.583753728608644e-03	7.585775750291836e-03
10765	7.412616323652421e-03	7.413102413009177e-03
10802	7.244357305780769e-03	7.244359600749898e-03
14560	7.075037451295785e-03	7.079457843841380e-03
14888	6.899999485757369e-03	6.918309709189363e-03
15205	6.760525432296882e-03	6.760829753919818e-03
15402	6.507311382384584e-03	6.606934480075957e-03
20467	6.440476396496586e-03	6.456542290346556e-03
20722	6.305186177628985e-03	6.309573444801930e-03
20964	6.073704801644486e-03	6.165950018614822e-03
21257	6.025594957512426e-03	6.025595860743574e-03
28533	5.880893298446987e-03	5.888436553555890e-03
28787	5.742310163868058e-03	5.754399373371567e-03
28833	5.407390644544208e-03	5.495408738576248e-03
28969	5.346292972879918e-03	5.370317963702527e-03
28994	5.137929395593432e-03	5.248074602497728e-03
29088	5.126995309733151e-03	5.128613839913648e-03
29187	4.917992275650929e-03	5.011872336272725e-03
29217	4.886785595959564e-03	4.897788193684461e-03
29842	4.659720839014336e-03	4.677351412871981e-03
30011	4.534821013720158e-03	4.570881896148752e-03
30935	4.465813358591419e-03	4.466835921509630e-03
31118	4.337765396103976e-03	4.365158322401661e-03
31853	4.265794083996965e-03	4.265795188015926e-03
32072	4.166602899006944e-03	4.168693834703355e-03
32722	3.898302157962830e-03	3.981071705534973e-03
32832	3.861207732001382e-03	3.890451449942805e-03
32833	3.741505590309946e-03	3.801893963205613e-03
33453	3.714127864879346e-03	3.715352290971724e-03
33709	3.513720597146497e-03	3.548133892335753e-03
34136	3.446846100780721e-03	3.467368504525317e-03
35507	3.341329467722698e-03	3.388441561392024e-03
36140	3.297346587530559e-03	3.311311214825911e-03
36954	3.235924026231629e-03	3.235936569296281e-03
37456	3.147677813591931e-03	3.162277660168379e-03
38265	3.090141612215214e-03	3.090295432513592e-03
39757	3.003504245018718e-03	3.019951720402016e-03
40838	2.900956394507492e-03	2.951209226666387e-03
41061	2.866363619105528e-03	2.884031503126605e-03
43258	2.817311503277020e-03	2.818382931264455e-03
44489	2.753381422144541e-03	2.754228703338166e-03
44858	2.673917182487773e-03	2.691534803926917e-03
47282	2.619584659631746e-03	2.630267991895381e-03
47571	2.545167928092229e-03	2.570395782768865e-03
49654	2.511016720499581e-03	2.511886431509579e-03
50222	2.302446171078332e-03	2.344228815319923e-03
51312	2.289406998270294e-03	2.290867652767772e-03
52812	2.234618491306017e-03	2.238721138568340e-03
53833	2.169579731177151e-03	2.187761623949552e-03
55773	2.137955974078842e-03	2.137962089502233e-03
59109	1.866616135120958e-03	1.905460717963246e-03
59319	1.857715143163907e-03	1.862087136662868e-03
62184	1.800311581235392e-03	1.819700858609983e-03
66976	1.751956601579674e-03	1.778279410038923e-03
67133	1.729585082478446e-03	1.737800828749376e-03
68043	1.681452781612025e-03	1.698243652461744e-03
71770	1.659586253852097e-03	1.659586907437561e-03
72630	1.565918345633577e-03	1.584893192461114e-03
73701	1.548812514132192e-03	1.548816618912481e-03
79858	1.512235378521076e-03	1.513561248436209e-03
83600	1.473492952639766e-03	1.479108388168207e-03
90115	1.439077210161011e-03	1.445439770745928e-03
92149	1.385446057137085e-03	1.412537544622754e-03
94007	1.379953309545545e-03	1.380384264602885e-03
97541	1.343160923687248e-03	1.348962882591653e-03
104635	1.318130344690971e-03	1.318256738556408e-03
111626	1.253952576713457e-03	1.258925411794167e-03
119613	1.229062921487056e-03	1.230268770812381e-03
127542	1.202228918854686e-03	1.202264434617413e-03
131642	1.168176418109179e-03	1.174897554939529e-03
134952	1.144604579473740e-03	1.148153621496883e-03
150232	1.121724445426908e-03	1.122018454301963e-03
156105	1.091402969849775e-03	1.096478196143185e-03
164426	1.068131227170310e-03	1.071519305237606e-03
171891	1.019149913716988e-03	1.023292992280754e-03
180001	1.001787865039572e-03	1.023292992280754e-03
%
% index = 1342, name = bbob_f013_i17_d03__bbob_f013_i18_d03
% instance = 8, reference value = 6.501879427720000e-01
% function evaluation | indicator value | target hit
1	5.278177007905837e-01	5.370317963702527e-01
7	3.263170890520208e-01	3.311311214825911e-01
9	3.191925634418778e-01	3.235936569296283e-01
14	3.134538784450278e-01	3.162277660168379e-01
90	3.035000806343743e-01	3.090295432513591e-01
126	3.013092275926652e-01	3.019951720402016e-01
127	2.852219640966851e-01	2.884031503126606e-01
163	2.811248721628880e-01	2.818382931264454e-01
171	2.697175403600937e-01	2.754228703338166e-01
173	1.932019209281440e-01	1.949844599758045e-01
183	1.890209153833499e-01	1.905460717963247e-01
186	1.824991926312932e-01	1.862087136662867e-01
192	1.814284300101203e-01	1.819700858609984e-01
240	1.742510560998495e-01	1.778279410038923e-01
244	1.737573125055789e-01	1.737800828749375e-01
261	1.677895289777543e-01	1.698243652461744e-01
281	1.569474155124632e-01	1.584893192461113e-01
298	1.544643284200325e-01	1.548816618912481e-01
309	1.463550670840329e-01	1.479108388168208e-01
328	1.430982027479174e-01	1.445439770745928e-01
334	1.403186969116257e-01	1.412537544622754e-01
340	1.371873275259959e-01	1.380384264602885e-01
378	1.346688053232320e-01	1.348962882591654e-01
396	1.316573423851888e-01	1.318256738556407e-01
405	1.287471619758035e-01	1.288249551693134e-01
417	1.246653017823974e-01	1.258925411794167e-01
452	1.212269417120236e-01	1.230268770812381e-01
455	1.175551631372941e-01	1.202264434617413e-01
456	1.163470300320901e-01	1.174897554939529e-01
471	9.736301182783669e-02	9.772372209558107e-02
508	9.402238079704750e-02	9.549925860214359e-02
515	9.172380889082477e-02	9.332543007969910e-02
521	9.103582184842518e-02	9.120108393559097e-02
564	8.912418601947936e-02	8.912509381337455e-02
596	8.293563252320835e-02	8.317637711026708e-02
639	8.086935802350492e-02	8.128305161640990e-02
676	7.926803650342384e-02	7.943282347242814e-02
710	7.741058336165463e-02	7.762471166286916e-02
721	7.554193809054210e-02	7.585775750291836e-02
744	7.407531922626165e-02	7.413102413009177e-02
756	7.236756875363048e-02	7.244359600749903e-02
947	7.065461515499483e-02	7.079457843841380e-02
965	6.675231481900479e-02	6.760829753919818e-02
993	5.321271212816270e-02	5.370317963702527e-02
996	5.193823444232137e-02	5.248074602497726e-02
1006	5.125549623566916e-02	5.128613839913648e-02
1044	5.005316192184961e-02	5.011872336272722e-02
1080	4.857700318953861e-02	4.897788193684462e-02
1089	4.768343493200222e-02	4.786300923226382e-02
1129	4.672888837153666e-02	4.677351412871981e-02
1353	4.563324029500693e-02	4.570881896148749e-02
1376	4.428389495627671e-02	4.466835921509630e-02
1377	4.360525676657645e-02	4.365158322401658e-02
1400	4.202857683869443e-02	4.265795188015926e-02
1417	4.165857580231547e-02	4.168693834703355e-02
1439	4.070891632988261e-02	4.073802778041128e-02
1470	3.958426637197088e-02	3.981071705534973e-02
1508	3.890162246000184e-02	3.890451449942807e-02
1888	3.138606592615267e-02	3.162277660168379e-02
1901	3.090203358997823e-02	3.090295432513590e-02
1922	3.012560812797560e-02	3.019951720402016e-02
1973	2.911172305992404e-02	2.951209226666385e-02
2010	2.883371865014728e-02	2.884031503126606e-02
2607	2.818362158341559e-02	2.818382931264454e-02
2691	2.753964776640638e-02	2.754228703338166e-02
2724	2.691124091939279e-02	2.691534803926915e-02
2769	2.495238535611988e-02	2.511886431509579e-02
3533	2.449362384431431e-02	2.454708915685030e-02
3703	2.398190687832558e-02	2.398832919019490e-02
3755	2.343890394619530e-02	2.344228815319923e-02
3845	2.290797426195568e-02	2.290867652767773e-02
5140	2.235782329685565e-02	2.238721138568340e-02
7005	2.187755283152248e-02	2.187761623949553e-02
7184	2.136696905058966e-02	2.137962089502233e-02
9811	2.075741391319064e-02	2.089296130854040e-02
10088	2.041436626604487e-02	2.041737944669529e-02
10102	1.989668894820185e-02	1.995262314968880e-02
10309	1.945538751734543e-02	1.949844599758046e-02
13603	1.894196948936644e-02	1.905460717963247e-02
13959	1.861469136094085e-02	1.862087136662868e-02
18894	1.819507507637885e-02	1.819700858609984e-02
20714	1.729865196302227e-02	1.737800828749375e-02
22933	1.662630722090619e-02	1.698243652461744e-02
25351	1.659444592203119e-02	1.659586907437561e-02
25554	1.614436041149914e-02	1.621810097358930e-02
34712	1.584891274869404e-02	1.584893192461113e-02
38532	1.548691806006675e-02	1.548816618912481e-02
43027	1.513560991766816e-02	1.513561248436208e-02
44840	1.415303086622710e-02	1.445439770745927e-02
45034	1.412486990853623e-02	1.412537544622754e-02
54114	1.333652483559833e-02	1.348962882591653e-02
56312	1.257960052675500e-02	1.258925411794167e-02
61462	1.174652467530768e-02	1.174897554939530e-02
70333	9.600550983261291e-03	9.772372209558112e-03
74071	9.547373644627544e-03	9.549925860214359e-03
154700	9.332432277909142e-03	9.332543007969915e-03
180000	9.312214370151617e-03	9.332543007969915e-03
%
% index = 1343, name = bbob_f013_i19_d03__bbob_f013_i21_d03
% instance = 9, reference value = 8.532945746656270e-01
% function evaluation | indicator value | target hit
1	7.668318342769447e-01	7.762471166286917e-01
5	5.862975521419316e-01	5.888436553555889e-01
22	5.689722528134356e-01	5.754399373371569e-01
52	4.710197919917365e-01	4.786300923226383e-01
59	3.840411380383319e-01	3.890451449942806e-01
109	3.582978291535313e-01	3.630780547701014e-01
178	3.545774677848694e-01	3.548133892335755e-01
187	3.097597368567645e-01	3.162277660168379e-01
210	3.006526025648384e-01	3.019951720402016e-01
221	2.537976515418401e-01	2.570395782768864e-01
222	2.237711810176455e-01	2.238721138568339e-01
260	2.067190189289684e-01	2.089296130854039e-01
271	1.685472978624547e-01	1.698243652461744e-01
291	1.616042506644167e-01	1.621810097358930e-01
319	1.584709470033361e-01	1.584893192461113e-01
342	1.348852396827894e-01	1.348962882591654e-01
347	1.254413544355478e-01	1.258925411794167e-01
395	1.199198571536686e-01	1.202264434617413e-01
398	1.142255006481230e-01	1.148153621496883e-01
441	1.113492249456047e-01	1.122018454301964e-01
471	1.074408670362341e-01	1.096478196143185e-01
486	1.068309392641597e-01	1.071519305237607e-01
502	1.044962080757041e-01	1.047128548050900e-01
516	9.719492846345879e-02	9.772372209558107e-02
577	9.538096796271422e-02	9.549925860214359e-02
586	9.040422737058473e-02	9.120108393559097e-02
588	8.881020804887552e-02	8.912509381337455e-02
632	8.183584138811650e-02	8.317637711026708e-02
637	7.981016216973491e-02	8.128305161640990e-02
662	7.935513701967312e-02	7.943282347242814e-02
711	7.713917368473355e-02	7.762471166286916e-02
722	7.515566696515885e-02	7.585775750291836e-02
740	7.305089029368972e-02	7.413102413009177e-02
762	6.319980851742801e-02	6.456542290346556e-02
766	6.302745503379681e-02	6.309573444801933e-02
794	6.142166410815530e-02	6.165950018614822e-02
934	5.950341779552404e-02	6.025595860743578e-02
951	5.793559185006691e-02	5.888436553555890e-02
952	5.653871386152176e-02	5.754399373371569e-02
962	5.621962923540302e-02	5.623413251903491e-02
1001	5.451321574518297e-02	5.495408738576246e-02
1036	5.345265046444958e-02	5.370317963702527e-02
1068	5.232558502528195e-02	5.248074602497726e-02
1083	5.013167948893449e-02	5.128613839913648e-02
1086	5.008488198869232e-02	5.011872336272722e-02
1112	4.891827110844260e-02	4.897788193684462e-02
1414	4.786276557996982e-02	4.786300923226382e-02
1427	4.675521470927446e-02	4.677351412871981e-02
1441	4.456252029489061e-02	4.466835921509630e-02
1497	3.562733661123174e-02	3.630780547701014e-02
1503	3.546138605348470e-02	3.548133892335755e-02
1567	3.289666577922568e-02	3.311311214825911e-02
1982	3.233847180230232e-02	3.235936569296283e-02
2021	3.158790977538906e-02	3.162277660168379e-02
2050	3.083153787078385e-02	3.090295432513590e-02
2093	3.003280141494857e-02	3.019951720402016e-02
2128	2.941681393986451e-02	2.951209226666385e-02
2760	2.878585406574274e-02	2.884031503126606e-02
2849	2.804507351968344e-02	2.818382931264454e-02
2931	2.752842791257282e-02	2.754228703338166e-02
3051	2.650888828040732e-02	2.691534803926915e-02
3987	2.614889503071904e-02	2.630267991895381e-02
4260	2.569115065108230e-02	2.570395782768863e-02
5955	2.434680802081979e-02	2.454708915685030e-02
8021	2.398414330052712e-02	2.398832919019490e-02
8684	2.218377306076391e-02	2.238721138568340e-02
11232	2.187543949692095e-02	2.187761623949553e-02
15365	2.137927447436772e-02	2.137962089502233e-02
29259	2.087873898372594e-02	2.089296130854040e-02
29530	1.837849354607890e-02	1.862087136662868e-02
33194	1.493631880374835e-02	1.513561248436208e-02
35357	1.473748561788479e-02	1.479108388168207e-02
35663	1.440925578876917e-02	1.445439770745927e-02
47998	1.410804580651703e-02	1.412537544622754e-02
69923	1.367855729524636e-02	1.380384264602885e-02
180000	1.356675202454916e-02	1.380384264602885e-02
%
% index = 1344, name = bbob_f013_i21_d03__bbob_f013_i22_d03
% instance = 10, reference value = 5.877249722466200e-01
% function evaluation | indicator value | target hit
1	2.132533919590209e+00	2.137962089502232e+00
3	2.010408475647207e+00	2.041737944669529e+00
24	1.226820879767065e+00	1.230268770812382e+00
167	1.142751475016620e+00	1.148153621496883e+00
173	1.050367697774000e+00	1.071519305237606e+00
243	8.621276858801199e-01	8.709635899560807e-01
264	8.160158190471201e-01	8.317637711026710e-01
273	7.443905437472439e-01	7.585775750291838e-01
333	6.952877851896200e-01	7.079457843841379e-01
353	4.072809864502218e-01	4.073802778041127e-01
370	3.698949933835406e-01	3.715352290971726e-01
378	2.349884410862369e-01	2.398832919019490e-01
386	2.266777789078491e-01	2.290867652767773e-01
394	2.083170534807537e-01	2.089296130854039e-01
409	1.982015648025203e-01	1.995262314968880e-01
413	1.946164136193422e-01	1.949844599758045e-01
438	1.847037398561501e-01	1.862087136662867e-01
456	1.802417937496508e-01	1.819700858609984e-01
460	1.777943632348406e-01	1.778279410038923e-01
465	1.687191286735692e-01	1.698243652461744e-01
469	1.653471816746158e-01	1.659586907437560e-01
474	1.587524829596553e-01	1.621810097358930e-01
477	1.469313976547441e-01	1.479108388168208e-01
488	1.443839465815682e-01	1.445439770745928e-01
520	1.383313843730942e-01	1.412537544622754e-01
524	1.378638964162142e-01	1.380384264602885e-01
533	1.340410608120235e-01	1.348962882591654e-01
544	1.269696637483050e-01	1.288249551693134e-01
575	1.258165331163935e-01	1.258925411794167e-01
581	1.190226700761779e-01	1.202264434617413e-01
583	1.170326533168553e-01	1.174897554939529e-01
592	1.032881136497295e-01	1.047128548050900e-01
593	9.957332252121920e-02	1.000000000000000e-01
609	9.745993276342818e-02	9.772372209558107e-02
638	8.917006646544967e-02	9.120108393559097e-02
639	8.800330368136011e-02	8.912509381337455e-02
646	8.626350043584019e-02	8.709635899560805e-02
657	8.254186310990375e-02	8.317637711026708e-02
666	8.114303776683018e-02	8.128305161640990e-02
668	7.929475112245632e-02	7.943282347242814e-02
678	7.734089266648680e-02	7.762471166286916e-02
690	7.537779555135549e-02	7.585775750291836e-02
701	7.386626032608501e-02	7.413102413009177e-02
702	7.186272508236957e-02	7.244359600749903e-02
711	7.049501203522002e-02	7.079457843841380e-02
729	6.899781590507548e-02	6.918309709189366e-02
730	6.572976638533967e-02	6.606934480075961e-02
735	6.429683818768672e-02	6.456542290346556e-02
750	6.301417779667484e-02	6.309573444801933e-02
771	6.153140328520923e-02	6.165950018614822e-02
775	6.019660487312484e-02	6.025595860743578e-02
790	5.856648576715284e-02	5.888436553555890e-02
980	5.750384231808647e-02	5.754399373371569e-02
987	5.587770626795641e-02	5.623413251903491e-02
1001	5.442264466699742e-02	5.495408738576246e-02
1009	5.369192433855208e-02	5.370317963702527e-02
1017	5.212403585997960e-02	5.248074602497726e-02
1033	5.125885629161997e-02	5.128613839913648e-02
1063	4.996250598807872e-02	5.011872336272722e-02
1072	4.884513104957433e-02	4.897788193684462e-02
1082	4.757843318901744e-02	4.786300923226382e-02
1097	4.674220445674937e-02	4.677351412871981e-02
1121	4.552091985902873e-02	4.570881896148749e-02
1130	4.460622638660694e-02	4.466835921509630e-02
1371	4.330058031941397e-02	4.365158322401658e-02
1386	4.259910710784265e-02	4.265795188015926e-02
1405	4.165811018341703e-02	4.168693834703355e-02
1434	4.070969191980311e-02	4.073802778041128e-02
1451	3.980435769578705e-02	3.981071705534973e-02
1473	3.887880064978066e-02	3.890451449942807e-02
1496	3.794722787909155e-02	3.801893963205612e-02
1515	3.714355163460747e-02	3.715352290971726e-02
1558	3.629914778323817e-02	3.630780547701014e-02
1663	2.944294198126196e-02	2.951209226666385e-02
1969	2.853477507188362e-02	2.884031503126606e-02
1981	2.745473695666756e-02	2.754228703338166e-02
1999	2.686961751443917e-02	2.691534803926915e-02
2042	2.630226282278714e-02	2.630267991895381e-02
2110	2.561782831355974e-02	2.570395782768863e-02
2682	2.471528464786643e-02	2.511886431509579e-02
2699	2.452756805536183e-02	2.454708915685030e-02
2743	2.379624611847730e-02	2.398832919019490e-02
2757	2.340716892751749e-02	2.344228815319923e-02
2807	2.192371581692554e-02	2.238721138568340e-02
2809	2.185120811154906e-02	2.187761623949553e-02
2901	2.135784048464884e-02	2.137962089502233e-02
2958	2.064700391776486e-02	2.089296130854040e-02
2983	2.007087131703211e-02	2.041737944669529e-02
2990	1.994964105955399e-02	1.995262314968880e-02
3027	1.946038496000579e-02	1.949844599758046e-02
3793	1.904386006730496e-02	1.905460717963247e-02
3864	1.858625705997830e-02	1.862087136662868e-02
3877	1.682816548717170e-02	1.698243652461744e-02
3895	1.659337855363407e-02	1.659586907437561e-02
3956	1.621767605878588e-02	1.621810097358930e-02
4036	1.579584376557808e-02	1.584893192461113e-02
4093	1.546098957088915e-02	1.548816618912481e-02
4158	1.512474702772026e-02	1.513561248436208e-02
4255	1.472557285855114e-02	1.479108388168207e-02
4303	1.442980638056490e-02	1.445439770745927e-02
4381	1.247183146166086e-02	1.258925411794167e-02
5440	1.228842262786844e-02	1.230268770812382e-02
5551	1.199487340792016e-02	1.202264434617413e-02
5600	1.166857808531185e-02	1.174897554939530e-02
5667	1.146182828874265e-02	1.148153621496883e-02
5775	1.121208109804706e-02	1.122018454301964e-02
5909	1.095204793376148e-02	1.096478196143185e-02
7301	1.068818706875918e-02	1.071519305237606e-02
7386	1.046901612224493e-02	1.047128548050900e-02
7434	1.021156528098821e-02	1.023292992280754e-02
7552	9.998311017482497e-03	1.000000000000000e-02
7630	9.665643791352152e-03	9.772372209558112e-03
7658	9.425750989155213e-03	9.549925860214359e-03
7741	9.312696250119989e-03	9.332543007969915e-03
7861	9.119983784956931e-03	9.120108393559097e-03
8075	8.861704503771328e-03	8.912509381337459e-03
10016	8.709078414044669e-03	8.709635899560805e-03
10175	8.510417406898285e-03	8.511380382023767e-03
10326	8.314275913155478e-03	8.317637711026709e-03
10632	8.127087886663054e-03	8.128305161640995e-03
10917	7.942083023508406e-03	7.943282347242814e-03
11160	7.762178852551926e-03	7.762471166286920e-03
14129	7.585504994311987e-03	7.585775750291836e-03
14500	7.400042812767404e-03	7.413102413009177e-03
14797	7.233743547628846e-03	7.244359600749898e-03
18807	7.078530770217473e-03	7.079457843841380e-03
19454	6.894820103397703e-03	6.918309709189363e-03
25118	6.759360455327657e-03	6.760829753919818e-03
26210	6.600552772099033e-03	6.606934480075957e-03
34302	6.456508977578657e-03	6.456542290346556e-03
36224	6.309550031776689e-03	6.309573444801930e-03
40619	6.150963290318501e-03	6.165950018614822e-03
42812	5.855850848170863e-03	5.888436553555890e-03
47440	5.749312593429035e-03	5.754399373371567e-03
60569	5.623412939503081e-03	5.623413251903491e-03
89373	5.495408081167663e-03	5.495408738576248e-03
180000	5.439500166346201e-03	5.495408738576248e-03
%
% index = 1345, name = bbob_f013_i23_d03__bbob_f013_i24_d03
% instance = 11, reference value = 1.000000000000000e+00
% function evaluation | indicator value | target hit
1	1.280588007177500e+00	1.288249551693134e+00
17	1.027508044265500e+00	1.047128548050900e+00
20	8.566599316113718e-01	8.709635899560807e-01
33	8.467792096499022e-01	8.511380382023764e-01
100	8.315710279746622e-01	8.317637711026710e-01
130	8.054794825634559e-01	8.128305161640993e-01
243	7.885637578831646e-01	7.943282347242815e-01
362	7.734073075226209e-01	7.762471166286917e-01
386	7.533971395357840e-01	7.585775750291838e-01
397	7.204979380652784e-01	7.244359600749900e-01
430	7.050078696311339e-01	7.079457843841379e-01
518	6.864327148830123e-01	6.918309709189365e-01
597	6.548512683455823e-01	6.606934480075960e-01
624	6.430690227900081e-01	6.456542290346555e-01
665	6.302556604032709e-01	6.309573444801932e-01
700	6.156422782326930e-01	6.165950018614822e-01
793	6.020984948890533e-01	6.025595860743578e-01
921	5.885883789171075e-01	5.888436553555889e-01
988	5.748308166043041e-01	5.754399373371569e-01
1222	5.600609848255604e-01	5.623413251903491e-01
1290	5.478839291157893e-01	5.495408738576245e-01
1444	5.347924985643754e-01	5.370317963702527e-01
1572	5.247323559746666e-01	5.248074602497725e-01
1701	5.128106553682735e-01	5.128613839913648e-01
1844	5.009678358280290e-01	5.011872336272722e-01
2172	4.897678002809637e-01	4.897788193684462e-01
2440	4.775532177727029e-01	4.786300923226383e-01
2679	4.677309574013959e-01	4.677351412871982e-01
3441	4.568098006228545e-01	4.570881896148750e-01
3843	4.461623732070911e-01	4.466835921509631e-01
4126	4.362319595428118e-01	4.365158322401660e-01
4698	4.253338007538388e-01	4.265795188015927e-01
5138	4.168560574765976e-01	4.168693834703354e-01
5860	4.005150082855975e-01	4.073802778041127e-01
6005	3.979944559689279e-01	3.981071705534972e-01
6810	3.889123742181371e-01	3.890451449942806e-01
7117	3.797744898279460e-01	3.801893963205612e-01
7537	3.714635156358148e-01	3.715352290971726e-01
8307	3.630750876355736e-01	3.630780547701014e-01
9108	3.541427094735814e-01	3.548133892335755e-01
10616	3.466582526720275e-01	3.467368504525316e-01
11900	3.387858420017112e-01	3.388441561392025e-01
12951	3.311219918352196e-01	3.311311214825911e-01
14909	3.235936257871551e-01	3.235936569296283e-01
16390	3.161981676289887e-01	3.162277660168379e-01
17604	3.090285271565457e-01	3.090295432513591e-01
20992	3.019681518935574e-01	3.019951720402016e-01
30922	2.950814751803065e-01	2.951209226666385e-01
43373	2.884028451672590e-01	2.884031503126606e-01
180001	2.824984561871576e-01	2.884031503126606e-01
%
% index = 1346, name = bbob_f013_i25_d03__bbob_f013_i26_d03
% instance = 12, reference value = 1.000000000000000e+00
% function evaluation | indicator value | target hit
1	1.164451673458500e+00	1.174897554939530e+00
18	1.085603980306000e+00	1.096478196143185e+00
37	9.010544162920253e-01	9.120108393559098e-01
38	8.695736248471948e-01	8.709635899560807e-01
96	6.817297839695960e-01	6.918309709189365e-01
155	5.511007169799307e-01	5.623413251903491e-01
211	4.812833702085131e-01	4.897788193684462e-01
256	4.732456988931704e-01	4.786300923226383e-01
263	4.238405347376704e-01	4.265795188015927e-01
280	4.108378417822178e-01	4.168693834703354e-01
286	3.986531216600380e-01	4.073802778041127e-01
291	3.866734741579442e-01	3.890451449942806e-01
332	3.784479710439586e-01	3.801893963205612e-01
365	3.686019527399083e-01	3.715352290971726e-01
373	3.561544830936253e-01	3.630780547701014e-01
402	3.541485095767747e-01	3.548133892335755e-01
416	3.369609650261760e-01	3.388441561392025e-01
446	3.242275219492052e-01	3.311311214825911e-01
453	3.232855135372499e-01	3.235936569296283e-01
497	3.146455500681620e-01	3.162277660168379e-01
521	3.080764557018183e-01	3.090295432513591e-01
540	3.004318056205701e-01	3.019951720402016e-01
577	2.951133730045001e-01	2.951209226666385e-01
596	2.882697013086817e-01	2.884031503126606e-01
788	2.816783960623852e-01	2.818382931264454e-01
861	2.749874825296476e-01	2.754228703338166e-01
1080	2.681297646116964e-01	2.691534803926916e-01
1108	2.620955420386282e-01	2.630267991895382e-01
1241	2.559451436783066e-01	2.570395782768864e-01
1557	2.508807480783688e-01	2.511886431509580e-01
1955	2.453584578539926e-01	2.454708915685030e-01
2776	2.395815587047173e-01	2.398832919019490e-01
4086	2.344224088707239e-01	2.344228815319922e-01
10440	2.290363041686594e-01	2.290867652767773e-01
180001	2.248939168560957e-01	2.290867652767773e-01
%
% index = 1347, name = bbob_f013_i27_d03__bbob_f013_i28_d03
% instance = 13, reference value = 1.000000000000000e+00
% function evaluation | indicator value | target hit
1	1.001709436053000e+00	1.023292992280754e+00
15	9.077619445316972e-01	9.120108393559098e-01
22	7.126043086585181e-01	7.244359600749900e-01
25	6.230962573858996e-01	6.309573444801932e-01
35	5.937439423595549e-01	6.025595860743578e-01
46	5.569212872628262e-01	5.623413251903491e-01
56	5.108509173583118e-01	5.128613839913648e-01
60	4.724374398166102e-01	4.786300923226383e-01
62	4.560599698241111e-01	4.570881896148750e-01
84	4.414587682242703e-01	4.466835921509631e-01
92	4.238331366560217e-01	4.265795188015927e-01
115	4.136281994205500e-01	4.168693834703354e-01
119	3.982509517111376e-01	4.073802778041127e-01
132	3.962121098227960e-01	3.981071705534972e-01
248	3.860977284652335e-01	3.890451449942806e-01
364	3.788196598959613e-01	3.801893963205612e-01
540	3.701185583447095e-01	3.715352290971726e-01
629	3.630114092178707e-01	3.630780547701014e-01
713	3.539137535369211e-01	3.548133892335755e-01
854	3.466479858541686e-01	3.467368504525316e-01
1182	3.353473941326294e-01	3.388441561392025e-01
1284	3.310151264577001e-01	3.311311214825911e-01
1937	3.235867389739754e-01	3.235936569296283e-01
2047	3.155237518792164e-01	3.162277660168379e-01
2823	3.081999129546227e-01	3.090295432513591e-01
5641	3.019587342202004e-01	3.019951720402016e-01
45166	2.951194678729198e-01	2.951209226666385e-01
180000	2.926163212591912e-01	2.951209226666385e-01
%
% index = 1348, name = bbob_f013_i29_d03__bbob_f013_i30_d03
% instance = 14, reference value = 1.000000000000000e+00
% function evaluation | indicator value | target hit
1	9.931012142615895e+00	1.000000000000000e+01
10	6.474982726478768e+00	6.606934480075959e+00
13	4.160546414512952e+00	4.168693834703354e+00
21	3.446877782849525e+00	3.467368504525317e+00
60	2.266530792291000e+00	2.290867652767773e+00
72	1.913227172856000e+00	1.949844599758045e+00
147	9.559281161038231e-01	9.772372209558107e-01
179	8.920322525395827e-01	9.120108393559098e-01
183	7.390685503481809e-01	7.413102413009175e-01
319	6.898536719856450e-01	6.918309709189365e-01
384	6.605668404843970e-01	6.606934480075960e-01
423	6.356973488466172e-01	6.456542290346555e-01
433	6.275089685662391e-01	6.309573444801932e-01
466	4.987518111714027e-01	5.011872336272722e-01
492	4.814978202732977e-01	4.897788193684462e-01
501	3.183761638690943e-01	3.235936569296283e-01
510	3.120434510090123e-01	3.162277660168379e-01
561	2.878084038051915e-01	2.884031503126606e-01
578	2.735798983686099e-01	2.754228703338166e-01
582	2.663441643467117e-01	2.691534803926916e-01
591	2.457126598391598e-01	2.511886431509580e-01
623	2.416130878046184e-01	2.454708915685030e-01
647	2.388101243100458e-01	2.398832919019490e-01
665	2.342572080015952e-01	2.344228815319922e-01
675	2.151423395702118e-01	2.187761623949552e-01
683	2.130584175460162e-01	2.137962089502232e-01
710	1.986319586768831e-01	1.995262314968880e-01
713	1.948015934454320e-01	1.949844599758045e-01
726	1.898893458108174e-01	1.905460717963247e-01
738	1.809548011266631e-01	1.819700858609984e-01
745	1.737466073309766e-01	1.737800828749375e-01
752	1.629317788719443e-01	1.659586907437560e-01
754	1.613082740604962e-01	1.621810097358930e-01
764	1.446186796854072e-01	1.479108388168208e-01
780	1.444523169285314e-01	1.445439770745928e-01
783	1.397274327378216e-01	1.412537544622754e-01
810	1.379252164699251e-01	1.380384264602885e-01
823	1.348716370600072e-01	1.348962882591654e-01
824	1.288715243625137e-01	1.318256738556407e-01
834	1.280500774923092e-01	1.288249551693134e-01
855	1.255933729946799e-01	1.258925411794167e-01
895	1.224836786105454e-01	1.230268770812381e-01
958	1.198741656978468e-01	1.202264434617413e-01
977	1.172482031497677e-01	1.174897554939529e-01
986	1.143384761367564e-01	1.148153621496883e-01
1018	1.117521356849267e-01	1.122018454301964e-01
1058	1.093567447763187e-01	1.096478196143185e-01
1070	1.070341949492557e-01	1.071519305237607e-01
1076	1.046612165321940e-01	1.047128548050900e-01
1120	1.019056535076138e-01	1.023292992280754e-01
1123	9.974362138127701e-02	1.000000000000000e-01
1149	9.709822983843486e-02	9.772372209558107e-02
1183	9.523739973658996e-02	9.549925860214359e-02
1198	9.218997251058525e-02	9.332543007969910e-02
1214	9.028244931854046e-02	9.120108393559097e-02
1253	8.907088045897504e-02	8.912509381337455e-02
1306	8.660478760165047e-02	8.709635899560805e-02
1344	8.489853394670410e-02	8.511380382023763e-02
1594	8.312067586287275e-02	8.317637711026708e-02
1621	8.091113486242674e-02	8.128305161640990e-02
1625	7.838077940366217e-02	7.943282347242814e-02
1636	7.290669569074337e-02	7.413102413009177e-02
1664	7.241764761082181e-02	7.244359600749903e-02
1703	7.049801555633517e-02	7.079457843841380e-02
1772	6.866676590651211e-02	6.918309709189366e-02
1820	6.726861474730683e-02	6.760829753919818e-02
1933	6.571482621692382e-02	6.606934480075961e-02
2001	6.433353723928581e-02	6.456542290346556e-02
2129	6.309387150101364e-02	6.309573444801933e-02
2245	6.164309100671328e-02	6.165950018614822e-02
2509	6.023138470874867e-02	6.025595860743578e-02
2897	5.884016462333508e-02	5.888436553555890e-02
3011	5.751179100454473e-02	5.754399373371569e-02
3080	5.623111648644352e-02	5.623413251903491e-02
3363	5.475308541105151e-02	5.495408738576246e-02
4129	5.329670783229357e-02	5.370317963702527e-02
4414	5.188312698092212e-02	5.248074602497726e-02
4509	5.121359951449611e-02	5.128613839913648e-02
5553	5.011817466441360e-02	5.011872336272722e-02
5804	4.885244551264512e-02	4.897788193684462e-02
8800	4.784151499071321e-02	4.786300923226382e-02
15911	4.676707541134506e-02	4.677351412871981e-02
59729	4.560120966184500e-02	4.570881896148749e-02
180000	4.478071442169806e-02	4.570881896148749e-02
%
% index = 1349, name = bbob_f013_i31_d03__bbob_f013_i34_d03
% instance = 15, reference value = 1.000000000000000e+00
% function evaluation | indicator value | target hit
1	1.179176124535000e+00	1.202264434617413e+00
30	1.099909494378000e+00	1.122018454301963e+00
57	9.026241896738548e-01	9.120108393559098e-01
62	6.906629734284332e-01	6.918309709189365e-01
82	5.038909158596038e-01	5.128613839913648e-01
141	4.980484111780814e-01	5.011872336272722e-01
171	4.874221635469683e-01	4.897788193684462e-01
220	4.446523495477765e-01	4.466835921509631e-01
229	3.788599382303032e-01	3.801893963205612e-01
237	3.144992489234051e-01	3.162277660168379e-01
258	2.948663474768118e-01	2.951209226666385e-01
272	2.840163787578587e-01	2.884031503126606e-01
285	2.759185625566339e-01	2.818382931264454e-01
301	2.748320346539674e-01	2.754228703338166e-01
336	2.658015852159435e-01	2.691534803926916e-01
359	2.605237782487315e-01	2.630267991895382e-01
360	2.306268883182720e-01	2.344228815319922e-01
365	2.289235870338827e-01	2.290867652767773e-01
380	2.197896839908861e-01	2.238721138568339e-01
407	2.177427178497071e-01	2.187761623949552e-01
419	2.132873540807323e-01	2.137962089502232e-01
451	2.084668450510702e-01	2.089296130854039e-01
481	2.031076007412114e-01	2.041737944669530e-01
517	1.981307543872278e-01	1.995262314968880e-01
547	1.884602450030102e-01	1.905460717963247e-01
564	1.861382525593873e-01	1.862087136662867e-01
621	1.732875030276558e-01	1.737800828749375e-01
629	1.653690452309291e-01	1.659586907437560e-01
656	1.588426291972790e-01	1.621810097358930e-01
683	1.579317728698767e-01	1.584893192461113e-01
699	1.416329746739056e-01	1.445439770745928e-01
710	1.411671094399172e-01	1.412537544622754e-01
716	1.355724126764891e-01	1.380384264602885e-01
741	1.348245010873956e-01	1.348962882591654e-01
798	1.287800983375404e-01	1.288249551693134e-01
844	1.251247787252380e-01	1.258925411794167e-01
875	1.062912163346039e-01	1.071519305237607e-01
903	9.237845372902209e-02	9.332543007969910e-02
909	9.106884735731113e-02	9.120108393559097e-02
936	8.828673778515628e-02	8.912509381337455e-02
948	8.106165876906191e-02	8.128305161640990e-02
977	7.877694124693380e-02	7.943282347242814e-02
1041	7.676403945477084e-02	7.762471166286916e-02
1110	7.568551343465502e-02	7.585775750291836e-02
1136	7.360406979970535e-02	7.413102413009177e-02
1214	6.919905293256234e-02	7.079457843841380e-02
1216	6.917535436215505e-02	6.918309709189366e-02
1230	6.748585205574698e-02	6.760829753919818e-02
1261	6.598512415320168e-02	6.606934480075961e-02
1356	6.454004141304359e-02	6.456542290346556e-02
1396	6.244556676087354e-02	6.309573444801933e-02
1670	6.164068646716792e-02	6.165950018614822e-02
2035	6.024845151481928e-02	6.025595860743578e-02
2216	5.871790850328340e-02	5.888436553555890e-02
2897	5.651239008650522e-02	5.754399373371569e-02
3507	5.610327194987974e-02	5.623413251903491e-02
4982	5.467412488958145e-02	5.495408738576246e-02
11374	5.368983298649899e-02	5.370317963702527e-02
180001	5.254291966893787e-02	5.370317963702527e-02
