%
% index = 90, name = bbob_f001_i02_d02__bbob_f015_i04_d02
% instance = 1, reference value = 9.369725750855230e-01
% function evaluation | indicator value | target hit
1	2.480954171001546e+01	2.511886431509580e+01
17	2.445807707356392e+01	2.454708915685030e+01
20	1.294931408255039e+01	1.318256738556407e+01
24	2.480629523220023e+00	2.511886431509580e+00
97	2.110864723078833e+00	2.137962089502232e+00
123	1.946766913042453e+00	1.949844599758045e+00
175	1.809406178086321e+00	1.819700858609983e+00
192	1.194132910549523e+00	1.202264434617413e+00
212	1.033538071015023e+00	1.047128548050900e+00
241	9.070315305610372e-01	9.120108393559098e-01
261	5.020483645610425e-01	5.128613839913648e-01
308	4.817455966333701e-01	4.897788193684462e-01
329	4.713081072432027e-01	4.786300923226383e-01
331	3.065680072768600e-01	3.090295432513591e-01
342	2.536956416375142e-01	2.570395782768864e-01
356	1.634079308944300e-01	1.659586907437560e-01
366	1.609075156175489e-01	1.621810097358930e-01
426	1.547159921502547e-01	1.548816618912481e-01
437	1.472666622110654e-01	1.479108388168208e-01
445	8.204882733241237e-02	8.317637711026708e-02
463	6.976663539967065e-02	7.079457843841380e-02
561	6.784659753074296e-02	6.918309709189366e-02
573	6.760591469899591e-02	6.760829753919818e-02
604	5.684267380885177e-02	5.754399373371569e-02
634	5.622104583274823e-02	5.623413251903491e-02
696	5.483588128446870e-02	5.495408738576246e-02
774	5.348382022749731e-02	5.370317963702527e-02
792	2.728442165967582e-02	2.754228703338166e-02
823	2.688898167646880e-02	2.691534803926915e-02
850	2.595686085393367e-02	2.630267991895381e-02
873	2.531747926615635e-02	2.570395782768863e-02
904	2.469786583105549e-02	2.511886431509579e-02
911	2.449007992955055e-02	2.454708915685030e-02
984	2.340789678075228e-02	2.344228815319923e-02
988	2.226304682410929e-02	2.238721138568340e-02
1153	2.181218939145046e-02	2.187761623949553e-02
1165	1.690624029137877e-02	1.698243652461744e-02
1191	1.642376088909703e-02	1.659586907437561e-02
1199	1.212121875597016e-02	1.230268770812382e-02
1200	1.106070812476934e-02	1.122018454301964e-02
1204	1.054643514647113e-02	1.071519305237606e-02
1205	9.768026722056899e-03	9.772372209558112e-03
1216	9.539393231842497e-03	9.549925860214359e-03
1231	8.240295933215513e-03	8.317637711026709e-03
1291	8.069806929231871e-03	8.128305161640995e-03
1292	7.877483593961454e-03	7.943282347242814e-03
1310	7.734605126620830e-03	7.762471166286920e-03
1358	7.456879802709926e-03	7.585775750291836e-03
1388	7.383604907495345e-03	7.413102413009177e-03
1403	6.975835648781459e-03	7.079457843841380e-03
1431	5.578389393624650e-03	5.623413251903491e-03
1445	5.485229615655118e-03	5.495408738576248e-03
1453	5.368119679218020e-03	5.370317963702527e-03
1459	3.949910556637737e-03	3.981071705534973e-03
1521	3.889890195732493e-03	3.890451449942805e-03
1788	3.786872401172925e-03	3.801893963205613e-03
1825	3.076242950868946e-03	3.090295432513592e-03
1867	3.009108013919959e-03	3.019951720402016e-03
1938	2.937803390451021e-03	2.951209226666387e-03
2030	2.859211578788656e-03	2.884031503126605e-03
2127	2.815910552288359e-03	2.818382931264455e-03
2534	2.753964198417780e-03	2.754228703338166e-03
2608	2.558676331509413e-03	2.570395782768865e-03
2762	2.507910150842729e-03	2.511886431509579e-03
3089	2.454173167989460e-03	2.454708915685031e-03
3429	2.398624763911950e-03	2.398832919019490e-03
4339	2.343835974396913e-03	2.344228815319923e-03
5072	2.290305794095615e-03	2.290867652767772e-03
6441	2.147336330702521e-03	2.187761623949552e-03
6583	2.078729597648654e-03	2.089296130854039e-03
7736	1.625202349751942e-03	1.659586907437561e-03
8247	1.616820046587919e-03	1.621810097358930e-03
8440	1.556561964702663e-03	1.584893192461114e-03
9572	1.480552225002874e-03	1.513561248436209e-03
9921	1.479107397294732e-03	1.479108388168207e-03
13081	1.388004524571218e-03	1.412537544622754e-03
13861	1.379292191311166e-03	1.380384264602885e-03
14600	1.348887948301347e-03	1.348962882591653e-03
14814	1.298323922518385e-03	1.318256738556408e-03
14911	1.285688480792690e-03	1.288249551693134e-03
15602	1.257674610334991e-03	1.258925411794167e-03
16915	1.225176817945428e-03	1.230268770812381e-03
18497	1.201425868000650e-03	1.202264434617413e-03
20437	1.173744632786300e-03	1.174897554939529e-03
22673	1.148077316621809e-03	1.148153621496883e-03
25292	1.121668552502286e-03	1.122018454301963e-03
27518	1.013961992558099e-03	1.023292992280754e-03
29376	9.998760249080307e-04	1.000000000000000e-03
33631	9.766191214034547e-04	9.772372209558111e-04
37536	9.515072224193233e-04	9.549925860214359e-04
38036	9.321608563125361e-04	9.332543007969915e-04
40697	9.113694054954102e-04	9.120108393559096e-04
40703	8.904526700560522e-04	8.912509381337459e-04
44539	8.709616515473195e-04	8.709635899560805e-04
47425	8.506040847662266e-04	8.511380382023768e-04
53503	8.317477474891755e-04	8.317637711026709e-04
55468	8.013195704528187e-04	8.128305161640995e-04
57465	7.706806811954570e-04	7.762471166286919e-04
60752	7.540528483398479e-04	7.585775750291835e-04
62450	7.223635324787869e-04	7.244359600749898e-04
67085	6.714424355439563e-04	6.760829753919819e-04
70369	6.018469914751412e-04	6.025595860743575e-04
80404	3.742498985935816e-04	3.801893963205612e-04
80779	3.670420146095754e-04	3.715352290971724e-04
83219	3.620348710028365e-04	3.630780547701014e-04
83313	3.137482105944889e-04	3.162277660168379e-04
85236	3.079076550659421e-04	3.090295432513592e-04
90886	2.648226999291126e-04	2.691534803926917e-04
96709	2.629355351239093e-04	2.630267991895381e-04
98870	2.191402603151094e-04	2.238721138568340e-04
99928	2.186374941679503e-04	2.187761623949552e-04
107441	1.984004726807154e-04	1.995262314968879e-04
111576	1.949584360362300e-04	1.949844599758046e-04
114138	1.724209285806078e-04	1.737800828749376e-04
117926	1.692011807462590e-04	1.698243652461744e-04
120000	1.676929979301800e-04	1.698243652461744e-04
%
% index = 91, name = bbob_f001_i03_d02__bbob_f015_i05_d02
% instance = 2, reference value = 9.063409008853700e-01
% function evaluation | indicator value | target hit
1	6.393601886070374e-01	6.456542290346555e-01
8	3.335858545825999e-01	3.388441561392025e-01
49	3.268237196705828e-01	3.311311214825911e-01
91	3.230157712173662e-01	3.235936569296283e-01
119	2.995479084446411e-01	3.019951720402016e-01
162	2.733582992095811e-01	2.754228703338166e-01
171	2.514941869751173e-01	2.570395782768864e-01
230	2.467296061194427e-01	2.511886431509580e-01
231	2.386695545554689e-01	2.398832919019490e-01
239	2.085502050355948e-01	2.089296130854039e-01
258	1.985777820278151e-01	1.995262314968880e-01
260	1.835210122309775e-01	1.862087136662867e-01
268	1.288766946363999e-01	1.318256738556407e-01
271	1.282337799024638e-01	1.288249551693134e-01
277	1.233156090023713e-01	1.258925411794167e-01
280	1.188442336277724e-01	1.202264434617413e-01
302	1.173185649233991e-01	1.174897554939529e-01
314	1.137999327270197e-01	1.148153621496883e-01
334	1.086306031885816e-01	1.096478196143185e-01
336	9.190090864925826e-02	9.332543007969910e-02
379	9.119228528427914e-02	9.120108393559097e-02
394	8.232023114328446e-02	8.317637711026708e-02
395	7.708336047235864e-02	7.762471166286916e-02
410	5.475488072548929e-02	5.495408738576246e-02
464	5.170026950851803e-02	5.248074602497726e-02
485	4.653834685024172e-02	4.677351412871981e-02
502	4.482840287738654e-02	4.570881896148749e-02
511	4.115286068741808e-02	4.168693834703355e-02
513	4.073321615627057e-02	4.073802778041128e-02
611	3.948252121484430e-02	3.981071705534973e-02
682	3.887296473773783e-02	3.890451449942807e-02
683	3.760454207738151e-02	3.801893963205612e-02
769	3.712068811636482e-02	3.715352290971726e-02
775	3.626225450145282e-02	3.630780547701014e-02
796	3.515516144536002e-02	3.548133892335755e-02
824	3.446283788875493e-02	3.467368504525317e-02
851	3.084670310792215e-02	3.090295432513590e-02
880	2.774673785947934e-02	2.818382931264454e-02
981	2.737448690695365e-02	2.754228703338166e-02
1247	2.674996578780542e-02	2.691534803926915e-02
1295	2.624493680153728e-02	2.630267991895381e-02
1728	2.565403317134074e-02	2.570395782768863e-02
1730	1.629663708220308e-02	1.659586907437561e-02
1747	1.612387538633608e-02	1.621810097358930e-02
1818	1.581973206221110e-02	1.584893192461113e-02
2402	1.548604921358210e-02	1.548816618912481e-02
4825	1.502702378114285e-02	1.513561248436208e-02
6723	1.358312452020427e-02	1.380384264602885e-02
9691	1.348896218824525e-02	1.348962882591653e-02
15498	1.273613984365696e-02	1.288249551693134e-02
16080	1.184829410623645e-02	1.202264434617413e-02
21687	1.080522251584726e-02	1.096478196143185e-02
22161	1.062388412853954e-02	1.071519305237606e-02
26779	9.362583916964540e-03	9.549925860214359e-03
28691	9.174734271830021e-03	9.332543007969915e-03
29389	8.725871235649496e-03	8.912509381337459e-03
30079	8.709613324038412e-03	8.709635899560805e-03
32412	8.483084525151674e-03	8.511380382023767e-03
32954	7.990794461323780e-03	8.128305161640995e-03
34167	7.802227307461607e-03	7.943282347242814e-03
35467	7.701221684421999e-03	7.762471166286920e-03
38955	7.550539921140409e-03	7.585775750291836e-03
42531	7.412495891470527e-03	7.413102413009177e-03
54878	7.197166680187217e-03	7.244359600749898e-03
56869	7.076617652734596e-03	7.079457843841380e-03
59897	6.917010273041035e-03	6.918309709189363e-03
81914	6.679994270313516e-03	6.760829753919818e-03
87641	6.450084188513228e-03	6.456542290346556e-03
90832	5.735052760396320e-03	5.754399373371567e-03
113147	5.621581290405575e-03	5.623413251903491e-03
120000	5.564757589928249e-03	5.623413251903491e-03
%
% index = 92, name = bbob_f001_i07_d02__bbob_f015_i08_d02
% instance = 3, reference value = 8.861343314130530e-01
% function evaluation | indicator value | target hit
1	9.399830423045530e-01	9.549925860214360e-01
22	7.526432675622331e-01	7.585775750291838e-01
23	4.409046017149969e-01	4.466835921509631e-01
69	4.245017147798224e-01	4.265795188015927e-01
81	3.119285649092559e-01	3.162277660168379e-01
83	2.977798991834538e-01	3.019951720402016e-01
88	2.885067349162532e-01	2.951209226666385e-01
102	2.679501360078611e-01	2.691534803926916e-01
134	2.568238829674618e-01	2.570395782768864e-01
179	2.453178192313911e-01	2.454708915685030e-01
234	2.287105279227999e-01	2.290867652767773e-01
241	1.888859302605972e-01	1.905460717963247e-01
253	1.770701342244451e-01	1.778279410038923e-01
262	1.634569652769821e-01	1.659586907437560e-01
296	1.460809267029375e-01	1.479108388168208e-01
379	9.652513012335406e-02	9.772372209558107e-02
389	8.863420162689895e-02	8.912509381337455e-02
430	8.690341099974397e-02	8.709635899560805e-02
490	8.204007243347233e-02	8.317637711026708e-02
516	8.100028300691009e-02	8.128305161640990e-02
519	7.255921174706370e-02	7.413102413009177e-02
532	7.221438908635458e-02	7.244359600749903e-02
536	6.943161889769378e-02	7.079457843841380e-02
538	6.856197968310285e-02	6.918309709189366e-02
552	6.567136728198020e-02	6.606934480075961e-02
559	5.696555519982227e-02	5.754399373371569e-02
590	5.076684075164994e-02	5.128613839913648e-02
601	4.261355400225897e-02	4.265795188015926e-02
689	4.011159327802560e-02	4.073802778041128e-02
704	3.778364919054245e-02	3.801893963205612e-02
747	3.706878256090573e-02	3.715352290971726e-02
753	3.554036785448533e-02	3.630780547701014e-02
755	3.529956489577357e-02	3.548133892335755e-02
775	3.466071711502661e-02	3.467368504525317e-02
824	3.366494191677805e-02	3.388441561392026e-02
881	3.309711409822613e-02	3.311311214825911e-02
945	3.181365600881125e-02	3.235936569296283e-02
951	3.161930933387369e-02	3.162277660168379e-02
1031	3.078211309211765e-02	3.090295432513590e-02
1143	2.996171708429451e-02	3.019951720402016e-02
1185	2.379602683230597e-02	2.398832919019490e-02
1418	2.281773271340815e-02	2.290867652767773e-02
1421	1.783637278519667e-02	1.819700858609984e-02
1439	1.753211255042364e-02	1.778279410038923e-02
1449	1.732687318143111e-02	1.737800828749375e-02
1580	1.683082035181171e-02	1.698243652461744e-02
1643	1.363613450049306e-02	1.380384264602885e-02
1697	1.322403314240050e-02	1.348962882591653e-02
1891	1.308104567895396e-02	1.318256738556407e-02
1965	1.287665087199619e-02	1.288249551693134e-02
1970	1.032581623681361e-02	1.047128548050900e-02
2059	1.023239581227220e-02	1.023292992280754e-02
2347	9.940259229761494e-03	1.000000000000000e-02
2399	9.770304423118770e-03	9.772372209558112e-03
2533	9.120976450133544e-03	9.332543007969915e-03
2899	9.117271149049477e-03	9.120108393559097e-03
2948	8.335231487999195e-03	8.511380382023767e-03
2989	8.315440521573736e-03	8.317637711026709e-03
3138	8.093532145246773e-03	8.128305161640995e-03
3913	7.942139944521198e-03	7.943282347242814e-03
4178	7.750529150211127e-03	7.762471166286920e-03
4326	7.438306281170814e-03	7.585775750291836e-03
4439	7.413027660979510e-03	7.413102413009177e-03
5568	6.991349698589500e-03	7.079457843841380e-03
7463	6.918190254413092e-03	6.918309709189363e-03
11207	6.579043730396750e-03	6.606934480075957e-03
13454	6.423341723632681e-03	6.456542290346556e-03
19398	5.432680928607825e-03	5.495408738576248e-03
20622	5.107478294732348e-03	5.128613839913648e-03
35791	4.578326813224898e-03	4.677351412871981e-03
39023	4.562801497301372e-03	4.570881896148752e-03
55321	4.070283528034957e-03	4.073802778041126e-03
63042	3.754022310474836e-03	3.801893963205613e-03
76147	3.584855039610702e-03	3.630780547701014e-03
77104	3.531158570274195e-03	3.548133892335753e-03
80598	3.059455310628456e-03	3.090295432513592e-03
82346	2.441480921260064e-03	2.454708915685031e-03
87085	1.656612581998118e-03	1.659586907437561e-03
87195	1.429082267623061e-03	1.445439770745928e-03
91580	1.400602051334299e-03	1.412537544622754e-03
99353	1.258814924373075e-03	1.258925411794167e-03
113933	6.012940814370538e-04	6.025595860743575e-04
120000	5.938166398063993e-04	6.025595860743575e-04
%
% index = 93, name = bbob_f001_i09_d02__bbob_f015_i10_d02
% instance = 4, reference value = 8.707599504416040e-01
% function evaluation | indicator value | target hit
1	4.582154351302667e-01	4.677351412871982e-01
6	3.927426100854985e-01	3.981071705534972e-01
19	3.466943477899255e-01	3.467368504525316e-01
26	3.307183240549854e-01	3.311311214825911e-01
31	3.197411476489366e-01	3.235936569296283e-01
47	2.820056828546528e-01	2.884031503126606e-01
52	2.767899730555062e-01	2.818382931264454e-01
54	2.583007083884651e-01	2.630267991895382e-01
55	2.471520505378851e-01	2.511886431509580e-01
57	2.249401835211657e-01	2.290867652767773e-01
61	2.228970294397999e-01	2.238721138568339e-01
87	1.774000714454661e-01	1.778279410038923e-01
94	1.336378375594316e-01	1.348962882591654e-01
143	1.308392403421554e-01	1.318256738556407e-01
167	1.271885457820269e-01	1.288249551693134e-01
200	1.131269669283091e-01	1.148153621496883e-01
211	1.008753872517597e-01	1.023292992280754e-01
233	9.487683464230046e-02	9.549925860214359e-02
250	9.239544421250012e-02	9.332543007969910e-02
272	8.764141462113206e-02	8.912509381337455e-02
274	8.644147805114166e-02	8.709635899560805e-02
277	8.415869693527644e-02	8.511380382023763e-02
305	8.303319342483106e-02	8.317637711026708e-02
393	7.893652366781223e-02	7.943282347242814e-02
409	7.642336044398101e-02	7.762471166286916e-02
412	7.526876945754757e-02	7.585775750291836e-02
414	7.306811285359294e-02	7.413102413009177e-02
433	7.237306647631747e-02	7.244359600749903e-02
472	6.326742691520859e-02	6.456542290346556e-02
487	6.134439370869016e-02	6.165950018614822e-02
498	5.254928666279690e-02	5.370317963702527e-02
500	5.060695428426398e-02	5.128613839913648e-02
511	4.967424628124706e-02	5.011872336272722e-02
534	4.709867993767058e-02	4.786300923226382e-02
551	4.657960547430129e-02	4.677351412871981e-02
567	4.530402276267320e-02	4.570881896148749e-02
579	4.365450426004658e-02	4.466835921509630e-02
581	4.365023439262095e-02	4.365158322401658e-02
602	3.441967227930576e-02	3.467368504525317e-02
633	3.364356321069506e-02	3.388441561392026e-02
650	3.190095010407901e-02	3.235936569296283e-02
724	3.162164199923656e-02	3.162277660168379e-02
733	2.984426845194577e-02	3.019951720402016e-02
747	2.946002901920841e-02	2.951209226666385e-02
799	2.883375230859397e-02	2.884031503126606e-02
1007	2.727899301092185e-02	2.754228703338166e-02
1022	2.690912540309753e-02	2.691534803926915e-02
1092	2.606646123853362e-02	2.630267991895381e-02
1147	2.517785334792277e-02	2.570395782768863e-02
1186	2.509222117374377e-02	2.511886431509579e-02
1287	2.369016277689917e-02	2.398832919019490e-02
1558	2.338556788142765e-02	2.344228815319923e-02
1705	2.272724366391898e-02	2.290867652767773e-02
1795	2.228146017690957e-02	2.238721138568340e-02
2232	2.158057908020294e-02	2.187761623949553e-02
2272	2.128948831480693e-02	2.137962089502233e-02
2353	2.083654697979009e-02	2.089296130854040e-02
2519	1.420368615490186e-02	1.445439770745927e-02
3033	1.410332900458156e-02	1.412537544622754e-02
3116	1.361902370143619e-02	1.380384264602885e-02
3189	1.348103470014550e-02	1.348962882591653e-02
3242	1.312392866584067e-02	1.318256738556407e-02
3345	1.263365370951886e-02	1.288249551693134e-02
4033	1.258261239929759e-02	1.258925411794167e-02
4305	1.210648808890447e-02	1.230268770812382e-02
4363	1.201587901616341e-02	1.202264434617413e-02
5703	1.172575809089815e-02	1.174897554939530e-02
7274	1.148141630844679e-02	1.148153621496883e-02
7877	1.119233722004531e-02	1.122018454301964e-02
13408	1.096383157688974e-02	1.096478196143185e-02
18180	9.517350440647832e-03	9.549925860214359e-03
19587	9.331472864596235e-03	9.332543007969915e-03
30886	9.118741279226739e-03	9.120108393559097e-03
31303	8.902734284308655e-03	8.912509381337459e-03
44940	7.961218817644000e-03	8.128305161640995e-03
45555	7.937191165453217e-03	7.943282347242814e-03
50352	7.761405345497741e-03	7.762471166286920e-03
71584	7.580860028226666e-03	7.585775750291836e-03
97171	7.398732550011000e-03	7.413102413009177e-03
121043	7.301701008402661e-03	7.413102413009177e-03
%
% index = 94, name = bbob_f001_i11_d02__bbob_f015_i12_d02
% instance = 5, reference value = 9.115235779841290e-01
% function evaluation | indicator value | target hit
1	4.640428351527056e-01	4.677351412871982e-01
11	1.658835127473965e-01	1.659586907437560e-01
24	1.240714823799481e-01	1.258925411794167e-01
30	1.220674559694260e-01	1.230268770812381e-01
38	1.081793804347317e-01	1.096478196143185e-01
46	8.508938799327448e-02	8.511380382023763e-02
51	8.300268675984912e-02	8.317637711026708e-02
83	8.086129571121814e-02	8.128305161640990e-02
107	7.922385690191536e-02	7.943282347242814e-02
134	7.433120229807499e-02	7.585775750291836e-02
136	7.376086788818725e-02	7.413102413009177e-02
141	5.520232598764896e-02	5.623413251903491e-02
151	5.456465643289765e-02	5.495408738576246e-02
170	5.307372658701259e-02	5.370317963702527e-02
187	5.158109014169909e-02	5.248074602497726e-02
208	4.824801416159497e-02	4.897788193684462e-02
225	4.757105583963084e-02	4.786300923226382e-02
231	4.605271614447359e-02	4.677351412871981e-02
237	4.438624898047694e-02	4.466835921509630e-02
256	3.993105302860533e-02	4.073802778041128e-02
259	3.980961807767436e-02	3.981071705534973e-02
283	3.074346134419237e-02	3.090295432513590e-02
288	3.006053540208420e-02	3.019951720402016e-02
295	2.906948345530158e-02	2.951209226666385e-02
312	2.774010918242220e-02	2.818382931264454e-02
327	2.713732453593565e-02	2.754228703338166e-02
347	2.357088086217496e-02	2.398832919019490e-02
357	2.338382048243248e-02	2.344228815319923e-02
380	2.278859410112566e-02	2.290867652767773e-02
400	2.226694304124588e-02	2.238721138568340e-02
406	2.122963381382381e-02	2.137962089502233e-02
546	2.087061222578546e-02	2.089296130854040e-02
548	1.976077525682340e-02	1.995262314968880e-02
560	1.945119024376762e-02	1.949844599758046e-02
568	1.821893350214709e-02	1.862087136662868e-02
576	1.811789638307904e-02	1.819700858609984e-02
593	1.741044691008897e-02	1.778279410038923e-02
594	1.733182254323284e-02	1.737800828749375e-02
603	1.685681061248645e-02	1.698243652461744e-02
622	1.644261367155941e-02	1.659586907437561e-02
627	1.600007298603678e-02	1.621810097358930e-02
630	1.583914245783080e-02	1.584893192461113e-02
653	1.538577947364550e-02	1.548816618912481e-02
680	1.509378511216675e-02	1.513561248436208e-02
681	1.471912406895870e-02	1.479108388168207e-02
686	1.431189620418760e-02	1.445439770745927e-02
713	1.301419099069712e-02	1.318256738556407e-02
723	1.287696175483266e-02	1.288249551693134e-02
954	1.252478760748388e-02	1.258925411794167e-02
982	1.224232942039705e-02	1.230268770812382e-02
1000	1.201652254750007e-02	1.202264434617413e-02
1016	1.171497360768059e-02	1.174897554939530e-02
1056	1.064566449434856e-02	1.071519305237606e-02
1069	1.041466175281203e-02	1.047128548050900e-02
1116	1.003587736572054e-02	1.023292992280754e-02
1125	9.908158885905793e-03	1.000000000000000e-02
1431	9.771857651831417e-03	9.772372209558112e-03
1458	9.448797061828107e-03	9.549925860214359e-03
1490	8.943693316661450e-03	9.120108393559097e-03
1491	8.909622860635680e-03	8.912509381337459e-03
1501	8.683905202655939e-03	8.709635899560805e-03
1537	8.505964547068312e-03	8.511380382023767e-03
1575	8.273256051217315e-03	8.317637711026709e-03
1582	8.101403887963099e-03	8.128305161640995e-03
1616	7.835855074226350e-03	7.943282347242814e-03
1640	7.691865393222974e-03	7.762471166286920e-03
1671	7.583001738839967e-03	7.585775750291836e-03
1708	7.399623486145424e-03	7.413102413009177e-03
1728	7.217439881197163e-03	7.244359600749898e-03
1763	6.934721637945063e-03	7.079457843841380e-03
1767	6.903279440897525e-03	6.918309709189363e-03
1861	6.642154524999611e-03	6.760829753919818e-03
1869	6.603371781436440e-03	6.606934480075957e-03
1907	6.443795931170948e-03	6.456542290346556e-03
1923	6.296892865766401e-03	6.309573444801930e-03
1945	6.130516917722151e-03	6.165950018614822e-03
1985	6.000909586907910e-03	6.025595860743574e-03
2395	5.667492593656842e-03	5.754399373371567e-03
2396	5.615256861400297e-03	5.623413251903491e-03
2403	5.473255651481379e-03	5.495408738576248e-03
2427	5.346813833719155e-03	5.370317963702527e-03
2487	5.172965435589982e-03	5.248074602497728e-03
2502	5.124984316638104e-03	5.128613839913648e-03
2563	4.796734800417868e-03	4.897788193684461e-03
2580	4.765497524630069e-03	4.786300923226385e-03
2617	4.638115851229641e-03	4.677351412871981e-03
2659	4.530632834031101e-03	4.570881896148752e-03
2668	4.454543501706820e-03	4.466835921509630e-03
2762	4.359881671281762e-03	4.365158322401661e-03
2789	4.256307002540982e-03	4.265795188015926e-03
3390	4.057722444189116e-03	4.073802778041126e-03
3451	3.929705713755283e-03	3.981071705534973e-03
3470	3.881498980651710e-03	3.890451449942805e-03
3525	3.788485905503847e-03	3.801893963205613e-03
3550	3.709998220081001e-03	3.715352290971724e-03
3562	3.524613017265810e-03	3.548133892335753e-03
3671	3.462810321929966e-03	3.467368504525317e-03
3755	3.344593179914646e-03	3.388441561392024e-03
3796	3.308128937768107e-03	3.311311214825911e-03
3854	3.204598737300168e-03	3.235936569296281e-03
3906	3.139535601428878e-03	3.162277660168379e-03
3913	3.025393748653959e-03	3.090295432513592e-03
3916	3.017457637614407e-03	3.019951720402016e-03
4009	2.950768435612816e-03	2.951209226666387e-03
5030	2.883099613972706e-03	2.884031503126605e-03
5091	2.790670656651173e-03	2.818382931264455e-03
5162	2.754218817634491e-03	2.754228703338166e-03
5293	2.686047128414470e-03	2.691534803926917e-03
5388	2.630222286085560e-03	2.630267991895381e-03
5502	2.569110922630791e-03	2.570395782768865e-03
5583	2.483373308091785e-03	2.511886431509579e-03
5705	2.442360627698204e-03	2.454708915685031e-03
5761	2.391802027151058e-03	2.398832919019490e-03
7074	2.342301097235100e-03	2.344228815319923e-03
7222	2.290119295089710e-03	2.290867652767772e-03
7369	2.238423874759254e-03	2.238721138568340e-03
7599	2.187635963104229e-03	2.187761623949552e-03
7798	2.137621369000198e-03	2.137962089502233e-03
7836	2.077851097582184e-03	2.089296130854039e-03
9618	2.041555778203086e-03	2.041737944669530e-03
9729	1.900802987836125e-03	1.905460717963246e-03
9967	1.862080498047036e-03	1.862087136662868e-03
10202	1.819547716610193e-03	1.819700858609983e-03
11881	1.777516112277611e-03	1.778279410038923e-03
12927	1.730874007241701e-03	1.737800828749376e-03
13078	1.636090334107831e-03	1.659586907437561e-03
13279	1.621448137032466e-03	1.621810097358930e-03
13409	1.570053103965852e-03	1.584893192461114e-03
13688	1.536983535368353e-03	1.548816618912481e-03
16989	1.496444957040932e-03	1.513561248436209e-03
17083	1.479009520222951e-03	1.479108388168207e-03
17993	1.445289807547767e-03	1.445439770745928e-03
18380	1.411338858190336e-03	1.412537544622754e-03
23255	1.379857783528449e-03	1.380384264602885e-03
24791	1.348960270658894e-03	1.348962882591653e-03
25598	1.313630469781280e-03	1.318256738556408e-03
31679	1.286912781228056e-03	1.288249551693134e-03
33797	1.256693730396607e-03	1.258925411794167e-03
34709	1.228973913059206e-03	1.230268770812381e-03
35321	1.077786240726186e-03	1.096478196143185e-03
42363	1.071330008754368e-03	1.071519305237606e-03
44149	1.038669213325183e-03	1.047128548050900e-03
46289	1.023062915607609e-03	1.023292992280754e-03
48125	9.998842157091792e-04	1.000000000000000e-03
48483	9.658987354281834e-04	9.772372209558111e-04
48843	9.549615660225941e-04	9.549925860214359e-04
52736	9.332501664982562e-04	9.332543007969915e-04
57429	9.005365953512756e-04	9.120108393559096e-04
60495	8.910196045874841e-04	8.912509381337459e-04
60670	8.702325679342815e-04	8.709635899560805e-04
62158	8.462228491268320e-04	8.511380382023768e-04
68752	7.414664984304320e-04	7.585775750291835e-04
69041	7.412785351684770e-04	7.413102413009177e-04
73538	6.427024571477036e-04	6.456542290346556e-04
74579	5.953167654636493e-04	6.025595860743575e-04
79543	5.888389894167512e-04	5.888436553555889e-04
85741	5.750480985160511e-04	5.754399373371566e-04
98480	5.582677229590827e-04	5.623413251903491e-04
100014	5.340822535961909e-04	5.370317963702527e-04
103886	5.247565842203539e-04	5.248074602497728e-04
120001	5.146995179530212e-04	5.248074602497728e-04
%
% index = 95, name = bbob_f001_i13_d02__bbob_f015_i14_d02
% instance = 6, reference value = 9.378615050184010e-01
% function evaluation | indicator value | target hit
1	6.399433969524499e+00	6.456542290346556e+00
17	1.301224204775901e+00	1.318256738556407e+00
23	1.020526646238901e+00	1.023292992280754e+00
66	8.098952587644919e-01	8.128305161640993e-01
78	5.422680082706274e-01	5.495408738576245e-01
91	4.710942279669287e-01	4.786300923226383e-01
97	3.430347920162894e-01	3.467368504525316e-01
98	2.994164039015070e-01	3.019951720402016e-01
107	2.676098455544543e-01	2.691534803926916e-01
120	2.253107785826246e-01	2.290867652767773e-01
125	2.228768422824178e-01	2.238721138568339e-01
151	1.845185739350680e-01	1.862087136662867e-01
186	1.777297978851242e-01	1.778279410038923e-01
233	1.640652020872723e-01	1.659586907437560e-01
257	1.262917210281936e-01	1.288249551693134e-01
260	1.064118075923780e-01	1.071519305237607e-01
281	1.015064258000249e-01	1.023292992280754e-01
303	9.975020750806896e-02	1.000000000000000e-01
326	8.735170146208837e-02	8.912509381337455e-02
394	8.680129842128248e-02	8.709635899560805e-02
418	8.124389854211056e-02	8.128305161640990e-02
421	4.530055718702630e-02	4.570881896148749e-02
439	4.454282591139136e-02	4.466835921509630e-02
458	4.362516829409180e-02	4.365158322401658e-02
459	4.236861020233151e-02	4.265795188015926e-02
471	4.167393719889634e-02	4.168693834703355e-02
556	3.536076070658178e-02	3.548133892335755e-02
599	3.350616447795207e-02	3.388441561392026e-02
621	3.265410022186677e-02	3.311311214825911e-02
635	3.234550535136993e-02	3.235936569296283e-02
657	3.156386047757220e-02	3.162277660168379e-02
664	3.026618013604776e-02	3.090295432513590e-02
677	3.006120830608228e-02	3.019951720402016e-02
687	2.882531143768319e-02	2.884031503126606e-02
749	2.815628142678928e-02	2.818382931264454e-02
816	2.751085557512811e-02	2.754228703338166e-02
844	2.689174845109532e-02	2.691534803926915e-02
868	2.461355889332839e-02	2.511886431509579e-02
875	2.452524500604714e-02	2.454708915685030e-02
934	2.361054406832530e-02	2.398832919019490e-02
958	2.342778770040077e-02	2.344228815319923e-02
1140	2.277751328872468e-02	2.290867652767773e-02
1191	2.233969058955632e-02	2.238721138568340e-02
1556	2.187652602678403e-02	2.187761623949553e-02
2107	2.137922456725949e-02	2.137962089502233e-02
2197	2.054713400207964e-02	2.089296130854040e-02
2206	2.017185026653245e-02	2.041737944669529e-02
2324	1.961944822950745e-02	1.995262314968880e-02
3014	1.949470859970126e-02	1.949844599758046e-02
3426	1.905404524190779e-02	1.905460717963247e-02
10683	1.858902946520524e-02	1.862087136662868e-02
15858	1.812671255558340e-02	1.819700858609984e-02
16351	1.773439154202161e-02	1.778279410038923e-02
16697	1.731007490389380e-02	1.737800828749375e-02
16770	1.696238336248124e-02	1.698243652461744e-02
18558	1.653371545173155e-02	1.659586907437561e-02
19526	1.611683742483760e-02	1.621810097358930e-02
20708	1.569086017260835e-02	1.584893192461113e-02
21006	1.521959930820460e-02	1.548816618912481e-02
22223	1.505350466668287e-02	1.513561248436208e-02
22372	1.468764213240570e-02	1.479108388168207e-02
23077	1.444846080829243e-02	1.445439770745927e-02
23192	1.391878346799846e-02	1.412537544622754e-02
25692	1.380016155289798e-02	1.380384264602885e-02
31016	1.341065162192445e-02	1.348962882591653e-02
32196	1.115343088717868e-02	1.122018454301964e-02
33913	1.096113105053675e-02	1.096478196143185e-02
34672	1.070702204556573e-02	1.071519305237606e-02
37444	1.047061900316204e-02	1.047128548050900e-02
38420	8.037866925630799e-03	8.128305161640995e-03
40844	7.933933648089031e-03	7.943282347242814e-03
43996	7.386938519142294e-03	7.413102413009177e-03
47742	6.156826416294892e-03	6.165950018614822e-03
48566	5.850126461320548e-03	5.888436553555890e-03
49990	5.683677213617178e-03	5.754399373371567e-03
50139	5.425217832454643e-03	5.495408738576248e-03
50690	5.295533297524746e-03	5.370317963702527e-03
51525	5.008293666804220e-03	5.011872336272725e-03
52492	4.282591195980290e-03	4.365158322401661e-03
53599	4.264437336634730e-03	4.265795188015926e-03
55996	3.840426928300000e-03	3.890451449942805e-03
56517	3.800886588886332e-03	3.801893963205613e-03
56822	3.062206629737774e-03	3.090295432513592e-03
57540	3.016463520487900e-03	3.019951720402016e-03
61177	2.941023770586360e-03	2.951209226666387e-03
62327	2.686045802740566e-03	2.691534803926917e-03
62586	2.580053300497043e-03	2.630267991895381e-03
62668	2.539348537144548e-03	2.570395782768865e-03
64957	2.509451942927732e-03	2.511886431509579e-03
65084	2.310722716481028e-03	2.344228815319923e-03
65239	2.187865470421158e-03	2.238721138568340e-03
65297	2.186896656350634e-03	2.187761623949552e-03
65507	1.287500677999764e-03	1.288249551693134e-03
69467	1.256448933634302e-03	1.258925411794167e-03
72083	1.230099160511866e-03	1.230268770812381e-03
73739	1.200692619211630e-03	1.202264434617413e-03
75565	1.126584539762443e-03	1.148153621496883e-03
75791	1.121718987362241e-03	1.122018454301963e-03
77453	1.089339860829486e-03	1.096478196143185e-03
78164	1.071448033249656e-03	1.071519305237606e-03
78697	9.994635073055091e-04	1.000000000000000e-03
80787	9.772095602946784e-04	9.772372209558111e-04
83677	9.547947525233580e-04	9.549925860214359e-04
92492	9.332534408346138e-04	9.332543007969915e-04
106704	7.951852077994204e-04	8.128305161640995e-04
109543	7.942976242006905e-04	7.943282347242813e-04
110256	7.412948915337392e-04	7.413102413009177e-04
120001	7.313557045536268e-04	7.413102413009177e-04
%
% index = 96, name = bbob_f001_i15_d02__bbob_f015_i16_d02
% instance = 7, reference value = 8.712096542727610e-01
% function evaluation | indicator value | target hit
1	6.460679996846498e+00	6.606934480075959e+00
5	4.958845005037701e+00	5.011872336272722e+00
22	2.916912817998944e+00	2.951209226666386e+00
46	1.895091954890970e+00	1.905460717963247e+00
66	1.681317417414761e+00	1.698243652461744e+00
73	9.886810019072609e-01	1.000000000000000e+00
197	7.911171422255671e-01	7.943282347242815e-01
224	7.118154625224020e-01	7.244359600749900e-01
245	7.045636407449670e-01	7.079457843841379e-01
256	6.603733786269521e-01	6.606934480075960e-01
307	2.310641160911289e-01	2.344228815319922e-01
336	2.267756489631779e-01	2.290867652767773e-01
350	2.156403137525349e-01	2.187761623949552e-01
414	1.475784264728347e-01	1.479108388168208e-01
433	1.443084280589263e-01	1.445439770745928e-01
474	1.253218878329976e-01	1.258925411794167e-01
481	1.181819953224613e-01	1.202264434617413e-01
487	1.082951376603660e-01	1.096478196143185e-01
508	7.234006066772858e-02	7.244359600749903e-02
538	6.124475647080840e-02	6.165950018614822e-02
553	5.989399051293309e-02	6.025595860743578e-02
588	5.746429392735286e-02	5.754399373371569e-02
603	5.600953602280856e-02	5.623413251903491e-02
647	5.449455683121485e-02	5.495408738576246e-02
671	5.168578675997781e-02	5.248074602497726e-02
675	5.054999730091314e-02	5.128613839913648e-02
695	4.990052126605660e-02	5.011872336272722e-02
705	4.886328519416205e-02	4.897788193684462e-02
747	4.706872164443887e-02	4.786300923226382e-02
759	4.644709768920241e-02	4.677351412871981e-02
765	4.549989575458357e-02	4.570881896148749e-02
772	4.278530628774524e-02	4.365158322401658e-02
783	4.255754589568228e-02	4.265795188015926e-02
810	4.159502240458979e-02	4.168693834703355e-02
827	4.061574621329611e-02	4.073802778041128e-02
879	3.851982565273016e-02	3.890451449942807e-02
892	3.737336933230051e-02	3.801893963205612e-02
896	3.637868080028217e-02	3.715352290971726e-02
914	3.629505069447136e-02	3.630780547701014e-02
961	3.343606395302001e-02	3.388441561392026e-02
963	3.303829447169215e-02	3.311311214825911e-02
979	3.235261434182890e-02	3.235936569296283e-02
1198	3.162221304818802e-02	3.162277660168379e-02
1235	3.076084289525216e-02	3.090295432513590e-02
1285	3.016074801377178e-02	3.019951720402016e-02
1792	2.949885242709682e-02	2.951209226666385e-02
2483	2.883555165247709e-02	2.884031503126606e-02
3452	2.808978138866414e-02	2.818382931264454e-02
4620	2.391581126803399e-02	2.398832919019490e-02
6247	1.864653246235470e-02	1.905460717963247e-02
7323	1.860052874587237e-02	1.862087136662868e-02
7365	1.682602462658078e-02	1.698243652461744e-02
7505	1.640813057448054e-02	1.659586907437561e-02
7566	1.396998518832038e-02	1.412537544622754e-02
7692	1.379294478565041e-02	1.380384264602885e-02
7928	1.324504541292515e-02	1.348962882591653e-02
8370	1.309488701112538e-02	1.318256738556407e-02
8502	1.285905011384458e-02	1.288249551693134e-02
8669	1.256352901942981e-02	1.258925411794167e-02
9417	1.229914085175488e-02	1.230268770812382e-02
9641	1.200630646684431e-02	1.202264434617413e-02
9727	1.159509422337224e-02	1.174897554939530e-02
9915	1.142620522008964e-02	1.148153621496883e-02
10416	1.118500105264508e-02	1.122018454301964e-02
10967	1.096475974690791e-02	1.096478196143185e-02
11333	1.048997252881534e-02	1.071519305237606e-02
11584	1.047067152989567e-02	1.047128548050900e-02
12949	1.010100891033083e-02	1.023292992280754e-02
13697	9.997320532130427e-03	1.000000000000000e-02
14272	7.826500019073257e-03	7.943282347242814e-03
14515	7.749870431170480e-03	7.762471166286920e-03
17140	7.566785511535778e-03	7.585775750291836e-03
18102	7.407876093558197e-03	7.413102413009177e-03
18773	6.996204943493400e-03	7.079457843841380e-03
20622	6.912784323145793e-03	6.918309709189363e-03
22431	6.759776352395219e-03	6.760829753919818e-03
24462	6.568641902327754e-03	6.606934480075957e-03
25510	6.447526379063762e-03	6.456542290346556e-03
29570	6.277976245304240e-03	6.309573444801930e-03
39001	6.052515144163717e-03	6.165950018614822e-03
40238	5.811545598667811e-03	5.888436553555890e-03
41241	5.736735204486587e-03	5.754399373371567e-03
43215	5.601181733355443e-03	5.623413251903491e-03
48976	5.494871603501261e-03	5.495408738576248e-03
51174	5.116445772893607e-03	5.128613839913648e-03
53850	4.949189327086767e-03	5.011872336272725e-03
55701	4.893197989670695e-03	4.897788193684461e-03
57754	4.774393956045619e-03	4.786300923226385e-03
61120	4.661265069991427e-03	4.677351412871981e-03
73352	4.570538762801002e-03	4.570881896148752e-03
79481	4.466713297700542e-03	4.466835921509630e-03
91600	4.365013646128069e-03	4.365158322401661e-03
106435	4.243217468330118e-03	4.265795188015926e-03
117523	4.078586906848369e-03	4.168693834703355e-03
120000	4.078203577713380e-03	4.168693834703355e-03
%
% index = 97, name = bbob_f001_i17_d02__bbob_f015_i18_d02
% instance = 8, reference value = 8.494061163028830e-01
% function evaluation | indicator value | target hit
1	6.772912664046306e-01	6.918309709189365e-01
8	6.557247216115981e-01	6.606934480075960e-01
10	6.262691749538056e-01	6.309573444801932e-01
24	6.063115904877996e-01	6.165950018614822e-01
48	6.018258361755652e-01	6.025595860743578e-01
71	5.838192926362299e-01	5.888436553555889e-01
74	5.710773623230592e-01	5.754399373371569e-01
88	3.491960763122421e-01	3.548133892335755e-01
107	2.282413983118243e-01	2.290867652767773e-01
111	2.096446873959661e-01	2.137962089502232e-01
126	1.745543675491401e-01	1.778279410038923e-01
134	1.621465545944922e-01	1.621810097358930e-01
208	1.402768049206853e-01	1.412537544622754e-01
249	1.066205735335681e-01	1.071519305237607e-01
269	1.010772267370543e-01	1.023292992280754e-01
278	9.780912596909819e-02	1.000000000000000e-01
317	9.769713762456644e-02	9.772372209558107e-02
349	8.319852921413984e-02	8.511380382023763e-02
359	8.169012598192171e-02	8.317637711026708e-02
362	8.110913260440622e-02	8.128305161640990e-02
373	7.810877068645872e-02	7.943282347242814e-02
374	7.591357433730805e-02	7.762471166286916e-02
382	7.447372353587922e-02	7.585775750291836e-02
393	7.164329394923863e-02	7.244359600749903e-02
408	6.831301703176118e-02	6.918309709189366e-02
409	6.628142175157792e-02	6.760829753919818e-02
421	6.543875632746221e-02	6.606934480075961e-02
430	6.315683904184022e-02	6.456542290346556e-02
431	5.424789551192133e-02	5.495408738576246e-02
434	5.361394893905691e-02	5.370317963702527e-02
438	5.232850336831785e-02	5.248074602497726e-02
456	4.732247745357721e-02	4.786300923226382e-02
457	4.623279604661434e-02	4.677351412871981e-02
460	4.447510398479548e-02	4.466835921509630e-02
479	3.361097783074973e-02	3.388441561392026e-02
503	3.272486511425809e-02	3.311311214825911e-02
543	3.092149708880865e-02	3.162277660168379e-02
555	3.043471327143665e-02	3.090295432513590e-02
572	2.919856526665998e-02	2.951209226666385e-02
579	2.874862623473884e-02	2.884031503126606e-02
610	2.633061811134252e-02	2.691534803926915e-02
622	2.385755115917743e-02	2.398832919019490e-02
629	2.302043797740438e-02	2.344228815319923e-02
647	2.259597468125929e-02	2.290867652767773e-02
653	2.229951025498589e-02	2.238721138568340e-02
709	2.178588544712734e-02	2.187761623949553e-02
728	2.121583654237758e-02	2.137962089502233e-02
742	2.051669778992471e-02	2.089296130854040e-02
748	2.026440807289520e-02	2.041737944669529e-02
788	1.928675108885147e-02	1.949844599758046e-02
793	1.867014251478183e-02	1.905460717963247e-02
796	1.832450650152795e-02	1.862087136662868e-02
923	1.815581546050538e-02	1.819700858609984e-02
1009	1.769508839695200e-02	1.778279410038923e-02
1017	1.726076050730141e-02	1.737800828749375e-02
1024	1.697251911921771e-02	1.698243652461744e-02
1067	1.658589535652544e-02	1.659586907437561e-02
1119	1.558388962293833e-02	1.584893192461113e-02
1139	1.547712676460966e-02	1.548816618912481e-02
1153	1.506762142379803e-02	1.513561248436208e-02
1200	1.478676189483152e-02	1.479108388168207e-02
1213	1.413603911651573e-02	1.445439770745927e-02
1217	1.409647519109292e-02	1.412537544622754e-02
1236	1.375007934492856e-02	1.380384264602885e-02
1311	1.347941468227609e-02	1.348962882591653e-02
1527	1.314282887134410e-02	1.318256738556407e-02
1549	1.255232906990456e-02	1.258925411794167e-02
1637	1.229629215162120e-02	1.230268770812382e-02
1650	1.197638101975773e-02	1.202264434617413e-02
1661	1.174441855528863e-02	1.174897554939530e-02
1693	1.134783638072456e-02	1.148153621496883e-02
1741	1.115103480787971e-02	1.122018454301964e-02
2053	1.090291776461105e-02	1.096478196143185e-02
2145	1.068444786997558e-02	1.071519305237606e-02
2176	1.008255955458170e-02	1.023292992280754e-02
2184	9.627434441265237e-03	9.772372209558112e-03
2198	9.269975089042481e-03	9.332543007969915e-03
2665	9.080109705953743e-03	9.120108393559097e-03
2749	8.900997180064651e-03	8.912509381337459e-03
2863	8.709532277457521e-03	8.709635899560805e-03
2995	8.502964495743059e-03	8.511380382023767e-03
3046	8.232432135452772e-03	8.317637711026709e-03
3776	8.079723911377790e-03	8.128305161640995e-03
3955	7.916043598580003e-03	7.943282347242814e-03
4982	7.759283412243967e-03	7.762471166286920e-03
4986	7.504610471852469e-03	7.585775750291836e-03
5109	7.394863549753161e-03	7.413102413009177e-03
6532	7.235154586695880e-03	7.244359600749898e-03
6799	7.021684964152342e-03	7.079457843841380e-03
8826	6.916816388055191e-03	6.918309709189363e-03
9419	6.760819219250758e-03	6.760829753919818e-03
12019	6.533787907355593e-03	6.606934480075957e-03
12315	6.455576636273719e-03	6.456542290346556e-03
13145	6.306301381494572e-03	6.309573444801930e-03
16970	6.159933530764161e-03	6.165950018614822e-03
17091	5.421700212496661e-03	5.495408738576248e-03
17700	5.369658025786150e-03	5.370317963702527e-03
17836	5.245882593683304e-03	5.248074602497728e-03
18165	4.965055193855483e-03	5.011872336272725e-03
19038	4.897559882126479e-03	4.897788193684461e-03
19659	4.769373976714397e-03	4.786300923226385e-03
24252	4.675807356744777e-03	4.677351412871981e-03
26569	4.570034453424077e-03	4.570881896148752e-03
28337	4.455585415296448e-03	4.466835921509630e-03
30054	4.364415506617814e-03	4.365158322401661e-03
40170	4.265665702744448e-03	4.265795188015926e-03
42828	3.616573308956594e-03	3.630780547701014e-03
45644	3.547773816830246e-03	3.548133892335753e-03
49286	3.467347179604396e-03	3.467368504525317e-03
61069	3.388210049103613e-03	3.388441561392024e-03
65580	3.311190994734314e-03	3.311311214825911e-03
75366	3.233247828126840e-03	3.235936569296281e-03
76252	2.822203302304760e-03	2.884031503126605e-03
84147	2.818370999341346e-03	2.818382931264455e-03
101247	2.747676685595168e-03	2.754228703338166e-03
120001	2.693892427280242e-03	2.754228703338166e-03
%
% index = 98, name = bbob_f001_i19_d02__bbob_f015_i21_d02
% instance = 9, reference value = 8.774579218917180e-01
% function evaluation | indicator value | target hit
1	4.714845177165257e-01	4.786300923226383e-01
18	4.625436874943031e-01	4.677351412871982e-01
20	4.523558472796214e-01	4.570881896148750e-01
23	4.429586737271500e-01	4.466835921509631e-01
48	4.262566701575912e-01	4.265795188015927e-01
115	3.800311600075388e-01	3.801893963205612e-01
134	3.362756486222103e-01	3.388441561392025e-01
136	3.003970883542020e-01	3.019951720402016e-01
155	2.800159601251715e-01	2.818382931264454e-01
244	1.670594768946837e-01	1.698243652461744e-01
247	1.614664538307141e-01	1.621810097358930e-01
260	1.528247261324981e-01	1.548816618912481e-01
262	1.423334988863304e-01	1.445439770745928e-01
273	1.314958873540560e-01	1.318256738556407e-01
289	1.172905020208055e-01	1.174897554939529e-01
311	1.058713597307159e-01	1.071519305237607e-01
331	1.043192821500631e-01	1.047128548050900e-01
358	9.845618014420576e-02	1.000000000000000e-01
367	9.713851110400940e-02	9.772372209558107e-02
371	9.258455567711643e-02	9.332543007969910e-02
387	8.745502089210466e-02	8.912509381337455e-02
409	8.674545726589167e-02	8.709635899560805e-02
412	8.412251523907843e-02	8.511380382023763e-02
436	8.230939551130600e-02	8.317637711026708e-02
444	8.099722421614675e-02	8.128305161640990e-02
445	7.806657852216192e-02	7.943282347242814e-02
447	7.614172462972812e-02	7.762471166286916e-02
453	7.122732676191412e-02	7.244359600749903e-02
458	6.858922067239392e-02	6.918309709189366e-02
489	6.454637398610974e-02	6.456542290346556e-02
550	6.276562654508067e-02	6.309573444801933e-02
573	5.753975983903115e-02	5.754399373371569e-02
742	5.617077686591732e-02	5.623413251903491e-02
821	5.427161378689649e-02	5.495408738576246e-02
839	5.306522355822418e-02	5.370317963702527e-02
846	5.235914583231072e-02	5.248074602497726e-02
907	5.093323264832317e-02	5.128613839913648e-02
1094	4.568544410086728e-02	4.570881896148749e-02
1580	4.465226042296211e-02	4.466835921509630e-02
1610	4.207664020290136e-02	4.265795188015926e-02
1664	4.168490053708473e-02	4.168693834703355e-02
3198	4.061301905928305e-02	4.073802778041128e-02
4955	3.880114056472805e-02	3.890451449942807e-02
8291	3.801799215788604e-02	3.801893963205612e-02
10818	3.703207514434048e-02	3.715352290971726e-02
12926	3.623275554477945e-02	3.630780547701014e-02
21715	3.456837534176826e-02	3.467368504525317e-02
22135	3.382421040553840e-02	3.388441561392026e-02
37062	3.310569754371939e-02	3.311311214825911e-02
48355	3.235739626459511e-02	3.235936569296283e-02
58008	3.147310343345966e-02	3.162277660168379e-02
61141	3.090158839249202e-02	3.090295432513590e-02
75822	2.981065346302425e-02	3.019951720402016e-02
83090	2.902150049648944e-02	2.951209226666385e-02
86317	2.883010975880151e-02	2.884031503126606e-02
91990	2.815975733453369e-02	2.818382931264454e-02
111968	2.749624431119113e-02	2.754228703338166e-02
114292	2.612822741820320e-02	2.630267991895381e-02
120581	2.608793578530522e-02	2.630267991895381e-02
%
% index = 99, name = bbob_f001_i21_d02__bbob_f015_i22_d02
% instance = 10, reference value = 9.074265765203530e-01
% function evaluation | indicator value | target hit
1	1.392730882681353e+00	1.412537544622754e+00
8	1.379020826369353e+00	1.380384264602885e+00
12	1.108228743478353e+00	1.122018454301963e+00
39	9.418391151088529e-01	9.549925860214360e-01
42	8.822130881485601e-01	8.912509381337456e-01
51	8.424669507029485e-01	8.511380382023764e-01
62	8.307551599698519e-01	8.317637711026710e-01
71	7.599569978059411e-01	7.762471166286917e-01
72	5.661948208532558e-01	5.754399373371569e-01
81	2.733267643485332e-01	2.754228703338166e-01
83	2.579054788348047e-01	2.630267991895382e-01
86	1.728829811335334e-01	1.737800828749375e-01
92	1.631553414036881e-01	1.659586907437560e-01
103	1.574487759505451e-01	1.584893192461113e-01
115	1.530599229814015e-01	1.548816618912481e-01
139	1.214377375139307e-01	1.230268770812381e-01
159	1.010016163104605e-01	1.023292992280754e-01
163	8.849352995674198e-02	8.912509381337455e-02
187	6.465443822818639e-02	6.606934480075961e-02
189	6.316925782135407e-02	6.456542290346556e-02
203	5.271079645400512e-02	5.370317963702527e-02
205	5.156433563340090e-02	5.248074602497726e-02
207	4.899734117388765e-02	5.011872336272722e-02
209	4.887486457860302e-02	4.897788193684462e-02
229	4.778331162724847e-02	4.786300923226382e-02
241	4.442935208635557e-02	4.466835921509630e-02
264	4.365087043580318e-02	4.365158322401658e-02
283	4.186193751951617e-02	4.265795188015926e-02
285	4.130683556852344e-02	4.168693834703355e-02
305	3.818873460720495e-02	3.890451449942807e-02
313	3.745369012193289e-02	3.801893963205612e-02
327	3.667518871789965e-02	3.715352290971726e-02
373	3.618543351120107e-02	3.630780547701014e-02
387	3.498134654568807e-02	3.548133892335755e-02
393	3.378258199773543e-02	3.388441561392026e-02
394	3.123615076234543e-02	3.162277660168379e-02
438	3.080617567892963e-02	3.090295432513590e-02
451	2.889665916562001e-02	2.951209226666385e-02
463	2.787603663016491e-02	2.818382931264454e-02
469	2.554649805426745e-02	2.570395782768863e-02
478	2.411674088779858e-02	2.454708915685030e-02
490	2.321616773020097e-02	2.344228815319923e-02
506	2.287000129644756e-02	2.290867652767773e-02
519	2.148175842267563e-02	2.187761623949553e-02
546	2.132087835078045e-02	2.137962089502233e-02
560	2.069449425896630e-02	2.089296130854040e-02
562	2.035837629221693e-02	2.041737944669529e-02
566	1.954398266850010e-02	1.995262314968880e-02
568	1.924708231373484e-02	1.949844599758046e-02
580	1.895705931575276e-02	1.905460717963247e-02
581	1.851270728955379e-02	1.862087136662868e-02
590	1.809055001056259e-02	1.819700858609984e-02
735	1.745202540313429e-02	1.778279410038923e-02
743	1.730257664448720e-02	1.737800828749375e-02
751	1.665459655527679e-02	1.698243652461744e-02
753	1.649605189273351e-02	1.659586907437561e-02
759	1.613701671632739e-02	1.621810097358930e-02
770	1.526715861109340e-02	1.548816618912481e-02
774	1.481191187310471e-02	1.513561248436208e-02
782	1.471064503525454e-02	1.479108388168207e-02
796	1.416865297939396e-02	1.445439770745927e-02
799	1.402050890915874e-02	1.412537544622754e-02
826	1.371889950980165e-02	1.380384264602885e-02
837	1.343878756881667e-02	1.348962882591653e-02
881	1.311010310675109e-02	1.318256738556407e-02
900	1.286974396027785e-02	1.288249551693134e-02
1131	1.243685925510218e-02	1.258925411794167e-02
1165	1.229714021647776e-02	1.230268770812382e-02
1199	1.201477700683840e-02	1.202264434617413e-02
1257	1.174030676232263e-02	1.174897554939530e-02
1293	1.123846208023649e-02	1.148153621496883e-02
1300	1.110689683812460e-02	1.122018454301964e-02
1343	1.094007554782073e-02	1.096478196143185e-02
1358	1.065117690810813e-02	1.071519305237606e-02
1386	1.043115631848013e-02	1.047128548050900e-02
1420	1.015319216491395e-02	1.023292992280754e-02
1437	9.968527716678444e-03	1.000000000000000e-02
1482	9.694282475790517e-03	9.772372209558112e-03
1515	9.467715294465662e-03	9.549925860214359e-03
1869	9.318533913830418e-03	9.332543007969915e-03
1897	9.001384621704078e-03	9.120108393559097e-03
1914	8.876158212146379e-03	8.912509381337459e-03
1930	8.247479119116163e-03	8.317637711026709e-03
1965	8.090640658715453e-03	8.128305161640995e-03
1971	7.390218294968331e-03	7.413102413009177e-03
1981	7.200774681381805e-03	7.244359600749898e-03
1986	7.073485606537644e-03	7.079457843841380e-03
2012	6.834003248312515e-03	6.918309709189363e-03
2057	6.706528050211547e-03	6.760829753919818e-03
2081	6.484396234142542e-03	6.606934480075957e-03
2086	6.399780973045832e-03	6.456542290346556e-03
2094	6.307700409859285e-03	6.309573444801930e-03
2150	6.162803403903738e-03	6.165950018614822e-03
2200	6.018142689334538e-03	6.025595860743574e-03
2279	5.883828853715967e-03	5.888436553555890e-03
2342	5.670696934674369e-03	5.754399373371567e-03
2357	5.572113302616866e-03	5.623413251903491e-03
2365	5.465748284478988e-03	5.495408738576248e-03
2387	4.956338127483528e-03	5.011872336272725e-03
2398	4.869526127397661e-03	4.897788193684461e-03
2423	4.784058291237736e-03	4.786300923226385e-03
2974	4.630120327602794e-03	4.677351412871981e-03
2998	4.467609661638172e-03	4.570881896148752e-03
2999	4.455488280386000e-03	4.466835921509630e-03
3127	4.356012462762182e-03	4.365158322401661e-03
3175	4.264921808376121e-03	4.265795188015926e-03
3333	4.162340722031366e-03	4.168693834703355e-03
4126	4.068851502360027e-03	4.073802778041126e-03
4221	3.977629025603835e-03	3.981071705534973e-03
4284	3.832454289898757e-03	3.890451449942805e-03
4296	3.798925992598678e-03	3.801893963205613e-03
4383	3.713809140105440e-03	3.715352290971724e-03
5439	3.630176867664869e-03	3.630780547701014e-03
5595	3.526883153663229e-03	3.548133892335753e-03
5691	3.465388933356572e-03	3.467368504525317e-03
5865	3.388301818665340e-03	3.388441561392024e-03
7227	3.305544662265181e-03	3.311311214825911e-03
7440	3.217444462882524e-03	3.235936569296281e-03
7702	3.154638043053493e-03	3.162277660168379e-03
10016	3.089037868006295e-03	3.090295432513592e-03
10886	3.019729854987108e-03	3.019951720402016e-03
14483	2.950383180101324e-03	2.951209226666387e-03
14827	2.883828651725873e-03	2.884031503126605e-03
16323	2.814628985177037e-03	2.818382931264455e-03
20261	2.754029485095510e-03	2.754228703338166e-03
22330	2.684856825264093e-03	2.691534803926917e-03
22607	2.605181382497768e-03	2.630267991895381e-03
23260	2.559553010215154e-03	2.570395782768865e-03
24103	2.497327422893325e-03	2.511886431509579e-03
25445	1.664991265468263e-03	1.698243652461744e-03
29802	1.656583002435319e-03	1.659586907437561e-03
35099	1.621742275799143e-03	1.621810097358930e-03
42697	1.584833915760031e-03	1.584893192461114e-03
54083	1.548421009195056e-03	1.548816618912481e-03
60651	1.513547700968565e-03	1.513561248436209e-03
62306	1.392697797739317e-03	1.412537544622754e-03
65949	1.322385657227199e-03	1.348962882591653e-03
68689	1.315076066148446e-03	1.318256738556408e-03
81021	1.286349697869782e-03	1.288249551693134e-03
81964	1.218010164463101e-03	1.230268770812381e-03
86692	1.031131609672720e-03	1.047128548050900e-03
89544	1.023071624312921e-03	1.023292992280754e-03
104316	8.142338546841543e-04	8.317637711026709e-04
107517	8.128304576022760e-04	8.128305161640995e-04
120000	7.985212576296918e-04	8.128305161640995e-04
%
% index = 100, name = bbob_f001_i23_d02__bbob_f015_i24_d02
% instance = 11, reference value = 1.000000000000000e+00
% function evaluation | indicator value | target hit
1	4.823033167302347e-01	4.897788193684462e-01
2	4.587583349696739e-01	4.677351412871982e-01
5	4.401878827561793e-01	4.466835921509631e-01
8	3.343374550126104e-01	3.388441561392025e-01
22	3.006190599959481e-01	3.019951720402016e-01
31	2.921444872683511e-01	2.951209226666385e-01
44	2.755210167992617e-01	2.818382931264454e-01
47	2.747914797497409e-01	2.754228703338166e-01
63	2.578868750705267e-01	2.630267991895382e-01
69	2.549288534764189e-01	2.570395782768864e-01
79	2.463346779260484e-01	2.511886431509580e-01
102	2.444046102412309e-01	2.454708915685030e-01
133	2.382872861477093e-01	2.398832919019490e-01
141	2.303339358843035e-01	2.344228815319922e-01
147	2.289947503536129e-01	2.290867652767773e-01
156	2.235620579364599e-01	2.238721138568339e-01
164	2.156897324062230e-01	2.187761623949552e-01
220	2.130182835918514e-01	2.137962089502232e-01
229	2.006911368705101e-01	2.041737944669530e-01
231	1.994323389515574e-01	1.995262314968880e-01
238	1.941867795358641e-01	1.949844599758045e-01
320	1.898928438287617e-01	1.905460717963247e-01
350	1.861812243114676e-01	1.862087136662867e-01
369	1.782057879975210e-01	1.819700858609984e-01
379	1.774135478956269e-01	1.778279410038923e-01
452	1.702497250800903e-01	1.737800828749375e-01
467	1.695294281011571e-01	1.698243652461744e-01
503	1.645952458517219e-01	1.659586907437560e-01
640	1.575237161499068e-01	1.584893192461113e-01
673	1.545029610459530e-01	1.548816618912481e-01
853	1.512613781846286e-01	1.513561248436208e-01
904	1.477706583891125e-01	1.479108388168208e-01
1443	1.442577867936781e-01	1.445439770745928e-01
1899	1.412395457866656e-01	1.412537544622754e-01
2305	1.365982749800421e-01	1.380384264602885e-01
3600	1.348631482699940e-01	1.348962882591654e-01
6046	1.316889648764623e-01	1.318256738556407e-01
33452	1.283216857390300e-01	1.288249551693134e-01
120000	1.261935504680107e-01	1.288249551693134e-01
%
% index = 101, name = bbob_f001_i25_d02__bbob_f015_i26_d02
% instance = 12, reference value = 1.000000000000000e+00
% function evaluation | indicator value | target hit
1	1.052563018050000e+00	1.071519305237606e+00
3	9.463853770167548e-01	9.549925860214360e-01
39	6.391711299900201e-01	6.456542290346555e-01
52	5.785209134181238e-01	5.888436553555889e-01
55	5.176771656458957e-01	5.248074602497725e-01
212	5.079701864664017e-01	5.128613839913648e-01
241	4.946165174260311e-01	5.011872336272722e-01
269	4.665056216077985e-01	4.677351412871982e-01
296	4.012400765593417e-01	4.073802778041127e-01
308	3.685829690009051e-01	3.715352290971726e-01
475	3.469290860980114e-01	3.548133892335755e-01
488	3.467184095428547e-01	3.467368504525316e-01
707	2.608211487345446e-01	2.630267991895382e-01
803	2.561887126890232e-01	2.570395782768864e-01
865	2.298469285237636e-01	2.344228815319922e-01
884	2.238987759834030e-01	2.290867652767773e-01
887	2.238623859565695e-01	2.238721138568339e-01
918	2.183725388682661e-01	2.187761623949552e-01
936	1.977935855934847e-01	1.995262314968880e-01
1326	1.945444563285225e-01	1.949844599758045e-01
2044	1.874417180918370e-01	1.905460717963247e-01
2134	1.859135502731535e-01	1.862087136662867e-01
8338	1.816676111768258e-01	1.819700858609984e-01
22244	1.770130814162388e-01	1.778279410038923e-01
96498	1.737689650124260e-01	1.737800828749375e-01
120001	1.735392964228877e-01	1.737800828749375e-01
%
% index = 102, name = bbob_f001_i27_d02__bbob_f015_i28_d02
% instance = 13, reference value = 1.000000000000000e+00
% function evaluation | indicator value | target hit
1	8.571250741495477e-01	8.709635899560807e-01
25	5.556664014731139e-01	5.623413251903491e-01
72	3.118468439174304e-01	3.162277660168379e-01
90	2.987612604683625e-01	3.019951720402016e-01
135	2.697405388544364e-01	2.754228703338166e-01
160	2.678602006118355e-01	2.691534803926916e-01
261	2.627274256641787e-01	2.630267991895382e-01
323	2.531856741556249e-01	2.570395782768864e-01
397	2.508461028393527e-01	2.511886431509580e-01
445	2.440511840629804e-01	2.454708915685030e-01
473	2.358438083085349e-01	2.398832919019490e-01
516	2.329344521087173e-01	2.344228815319922e-01
563	2.290600133644431e-01	2.290867652767773e-01
653	2.237321713491633e-01	2.238721138568339e-01
788	1.974103667077848e-01	1.995262314968880e-01
1161	1.949499402879132e-01	1.949844599758045e-01
2500	1.659024114764407e-01	1.659586907437560e-01
3415	1.616008935260951e-01	1.621810097358930e-01
12887	1.577787483478001e-01	1.584893192461113e-01
16839	1.538388590086908e-01	1.548816618912481e-01
35851	1.500973428841372e-01	1.513561248436208e-01
51212	1.477375558135104e-01	1.479108388168208e-01
120493	1.462206296290672e-01	1.479108388168208e-01
%
% index = 103, name = bbob_f001_i29_d02__bbob_f015_i30_d02
% instance = 14, reference value = 1.000000000000000e+00
% function evaluation | indicator value | target hit
1	8.157734583985732e-01	8.317637711026710e-01
38	6.614695832814469e-01	6.760829753919817e-01
44	5.870956013023156e-01	5.888436553555889e-01
69	5.066527259639447e-01	5.128613839913648e-01
145	4.187260628424431e-01	4.265795188015927e-01
192	3.898723913303219e-01	3.981071705534972e-01
194	3.886635925627434e-01	3.890451449942806e-01
202	3.471409267858221e-01	3.548133892335755e-01
203	3.136021007060925e-01	3.162277660168379e-01
232	2.827155822385965e-01	2.884031503126606e-01
242	2.515142092087969e-01	2.570395782768864e-01
252	2.412373312467664e-01	2.454708915685030e-01
281	2.384600896017538e-01	2.398832919019490e-01
303	2.339041917200212e-01	2.344228815319922e-01
375	2.287848363751801e-01	2.290867652767773e-01
402	2.161148519676592e-01	2.187761623949552e-01
409	1.955324182897084e-01	1.995262314968880e-01
424	1.892217342083262e-01	1.905460717963247e-01
443	1.710671740532509e-01	1.737800828749375e-01
467	1.671680571079066e-01	1.698243652461744e-01
518	1.643750755387100e-01	1.659586907437560e-01
575	1.595909406498154e-01	1.621810097358930e-01
602	1.584815185973016e-01	1.584893192461113e-01
795	1.524038184272697e-01	1.548816618912481e-01
988	1.476791284004385e-01	1.479108388168208e-01
1274	1.432793340667495e-01	1.445439770745928e-01
1652	1.402747130435780e-01	1.412537544622754e-01
1768	1.380346569491047e-01	1.380384264602885e-01
5266	1.348733636802942e-01	1.348962882591654e-01
10797	1.268528007011768e-01	1.288249551693134e-01
12076	1.244639473080628e-01	1.258925411794167e-01
35610	1.227574550289348e-01	1.230268770812381e-01
119688	1.201462406839741e-01	1.202264434617413e-01
120001	1.201456699309220e-01	1.202264434617413e-01
%
% index = 104, name = bbob_f001_i31_d02__bbob_f015_i34_d02
% instance = 15, reference value = 1.000000000000000e+00
% function evaluation | indicator value | target hit
1	1.445642353711036e+01	1.479108388168207e+01
6	5.071098305828896e+00	5.128613839913648e+00
27	4.617073314346829e+00	4.677351412871983e+00
52	9.981514982608763e-01	1.000000000000000e+00
170	8.639177964913090e-01	8.709635899560807e-01
181	7.444242799351588e-01	7.585775750291838e-01
224	6.464097166050176e-01	6.606934480075960e-01
226	6.268157964824921e-01	6.309573444801932e-01
251	5.290216588022502e-01	5.370317963702527e-01
288	5.210164585512130e-01	5.248074602497725e-01
327	4.716781972570676e-01	4.786300923226383e-01
330	4.161024743723043e-01	4.168693834703354e-01
342	3.935750924856167e-01	3.981071705534972e-01
360	2.880012655769362e-01	2.884031503126606e-01
404	2.279294513961512e-01	2.290867652767773e-01
434	2.235746030935650e-01	2.238721138568339e-01
514	2.183304885581574e-01	2.187761623949552e-01
522	2.044811332583439e-01	2.089296130854039e-01
553	2.038689178653883e-01	2.041737944669530e-01
571	1.922155147512059e-01	1.949844599758045e-01
600	1.719202131500266e-01	1.737800828749375e-01
643	1.662383940824603e-01	1.698243652461744e-01
664	1.658548428469562e-01	1.659586907437560e-01
822	1.565761675150256e-01	1.584893192461113e-01
894	1.456030679727026e-01	1.479108388168208e-01
911	1.443335123476348e-01	1.445439770745928e-01
1135	1.311998020282272e-01	1.318256738556407e-01
1214	1.273097039226412e-01	1.288249551693134e-01
1363	1.258893819329415e-01	1.258925411794167e-01
2574	1.228228032522236e-01	1.230268770812381e-01
9100	1.200787749750826e-01	1.202264434617413e-01
36182	8.127394538487454e-02	8.128305161640990e-02
39744	7.774243265166381e-02	7.943282347242814e-02
40127	7.745120634878999e-02	7.762471166286916e-02
93357	7.585736613766936e-02	7.585775750291836e-02
120110	7.583843691450165e-02	7.585775750291836e-02
